   0.14094E+02    0.40377E+02    0.35648E+02    0.35903E+02
   0.15503E+02    0.40102E+02    0.44218E+02    0.45663E+02
   0.18156E+02    0.40049E+02    0.45793E+02    0.52033E+02
   0.19719E+02    0.40084E+02    0.43264E+02    0.53568E+02
   0.19709E+02    0.32032E+02    0.39782E+02    0.51799E+02
   0.19280E+02    0.31918E+02    0.37316E+02    0.48925E+02
   0.19010E+02    0.32660E+02    0.36741E+02    0.46815E+02
   0.19452E+02    0.32445E+02    0.37530E+02    0.46199E+02
   0.20495E+02    0.25975E+02    0.38562E+02    0.46658E+02
   0.21623E+02    0.25866E+02    0.39158E+02    0.47359E+02
   0.22615E+02    0.23246E+02    0.39225E+02    0.47806E+02
   0.23360E+02    0.23188E+02    0.38970E+02    0.47870E+02
   0.23858E+02    0.23283E+02    0.38671E+02    0.47692E+02
   0.24274E+02    0.23235E+02    0.38497E+02    0.47468E+02
   0.24653E+02    0.22191E+02    0.38458E+02    0.47321E+02
   0.24991E+02    0.22159E+02    0.38522E+02    0.47288E+02
   0.25293E+02    0.20727E+02    0.38603E+02    0.47330E+02
   0.25511E+02    0.20719E+02    0.38671E+02    0.47388E+02
   0.25631E+02    0.19821E+02    0.38714E+02    0.47439E+02
   0.25661E+02    0.19833E+02    0.38750E+02    0.47472E+02
   0.25584E+02    0.19322E+02    0.38795E+02    0.47488E+02
   0.25433E+02    0.19353E+02    0.38862E+02    0.47515E+02
   0.25192E+02    0.19058E+02    0.38955E+02    0.47573E+02
   0.24885E+02    0.19106E+02    0.39063E+02    0.47654E+02
   0.24487E+02    0.19131E+02    0.39181E+02    0.47752E+02
   0.24022E+02    0.19197E+02    0.39297E+02    0.47854E+02
   0.23462E+02    0.19632E+02    0.39422E+02    0.47960E+02
   0.22842E+02    0.19714E+02    0.39545E+02    0.48070E+02
   0.22130E+02    0.20545E+02    0.39681E+02    0.48182E+02
   0.21371E+02    0.20644E+02    0.39813E+02    0.48298E+02
   0.20526E+02    0.21833E+02    0.39958E+02    0.48417E+02
   0.19646E+02    0.21948E+02    0.40094E+02    0.48537E+02
   0.18690E+02    0.23483E+02    0.40242E+02    0.48652E+02
   0.17713E+02    0.23614E+02    0.40375E+02    0.48766E+02
   0.16672E+02    0.25463E+02    0.40521E+02    0.48873E+02
   0.15628E+02    0.25607E+02    0.40649E+02    0.48984E+02
   0.14536E+02    0.27715E+02    0.40788E+02    0.49084E+02
   0.13458E+02    0.27870E+02    0.40903E+02    0.49173E+02
   0.12350E+02    0.30171E+02    0.41030E+02    0.49248E+02
   0.11275E+02    0.30330E+02    0.41134E+02    0.49317E+02
   0.10194E+02    0.32745E+02    0.41253E+02    0.49385E+02
   0.91629E+01    0.32903E+02    0.41344E+02    0.49445E+02
   0.81484E+01    0.35340E+02    0.41442E+02    0.49481E+02
   0.71949E+01    0.35488E+02    0.41514E+02    0.49506E+02
   0.62809E+01    0.37866E+02    0.41601E+02    0.49517E+02
   0.54418E+01    0.37997E+02    0.41669E+02    0.49541E+02
   0.46667E+01    0.40228E+02    0.41744E+02    0.49550E+02
   0.39717E+01    0.40336E+02    0.41791E+02    0.49543E+02
   0.33532E+01    0.42357E+02    0.41847E+02    0.49518E+02
   0.28174E+01    0.42434E+02    0.41888E+02    0.49490E+02
   0.23753E+01    0.44207E+02    0.41941E+02    0.49472E+02
   0.20184E+01    0.44251E+02    0.41976E+02    0.49451E+02
   0.17630E+01    0.45730E+02    0.42008E+02    0.49410E+02
   0.15804E+01    0.45738E+02    0.42027E+02    0.49361E+02
   0.15032E+01    0.46937E+02    0.42050E+02    0.49305E+02
   0.14931E+01    0.46909E+02    0.42071E+02    0.49266E+02
   0.15931E+01    0.47822E+02    0.42085E+02    0.49222E+02
   0.17464E+01    0.47760E+02    0.42090E+02    0.49167E+02
   0.20004E+01    0.48409E+02    0.42083E+02    0.49103E+02
   0.22933E+01    0.48315E+02    0.42081E+02    0.49038E+02
   0.26831E+01    0.48741E+02    0.42068E+02    0.48982E+02
   0.31005E+01    0.48621E+02    0.42058E+02    0.48926E+02
   0.36053E+01    0.48837E+02    0.42026E+02    0.48862E+02
   0.41193E+01    0.48695E+02    0.42001E+02    0.48794E+02
   0.47100E+01    0.48759E+02    0.41955E+02    0.48724E+02
   0.52987E+01    0.48600E+02    0.41923E+02    0.48645E+02
   0.59539E+01    0.48541E+02    0.41871E+02    0.48557E+02
   0.65984E+01    0.48371E+02    0.41849E+02    0.48492E+02
   0.73076E+01    0.48223E+02    0.41806E+02    0.48456E+02
   0.80026E+01    0.48046E+02    0.41777E+02    0.48442E+02
   0.87471E+01    0.47856E+02    0.41703E+02    0.48430E+02
   0.94610E+01    0.47677E+02    0.41636E+02    0.48414E+02
   0.10208E+02    0.47479E+02    0.41529E+02    0.48387E+02
   0.10918E+02    0.47301E+02    0.41445E+02    0.48356E+02
   0.11656E+02    0.47072E+02    0.41331E+02    0.48323E+02
   0.12358E+02    0.46897E+02    0.41244E+02    0.48291E+02
   0.13081E+02    0.46633E+02    0.41127E+02    0.48260E+02
   0.13768E+02    0.46464E+02    0.41034E+02    0.48229E+02
   0.14465E+02    0.46202E+02    0.40909E+02    0.48195E+02
   0.15125E+02    0.46041E+02    0.40811E+02    0.48160E+02
   0.15788E+02    0.45787E+02    0.40682E+02    0.48121E+02
   0.16414E+02    0.45636E+02    0.40582E+02    0.48084E+02
   0.17036E+02    0.45371E+02    0.40454E+02    0.48043E+02
   0.17621E+02    0.45232E+02    0.40353E+02    0.48002E+02
   0.18195E+02    0.44941E+02    0.40227E+02    0.47957E+02
   0.18734E+02    0.44815E+02    0.40128E+02    0.47912E+02
   0.19255E+02    0.44488E+02    0.40007E+02    0.47866E+02
   0.19740E+02    0.44377E+02    0.39912E+02    0.47820E+02
   0.20203E+02    0.43999E+02    0.39795E+02    0.47771E+02
   0.20629E+02    0.43903E+02    0.39705E+02    0.47720E+02
   0.21026E+02    0.43464E+02    0.39602E+02    0.47669E+02
   0.21406E+02    0.43382E+02    0.39519E+02    0.47624E+02
   0.21749E+02    0.42872E+02    0.39430E+02    0.47578E+02
   0.22102E+02    0.42799E+02    0.39347E+02    0.47528E+02
   0.22410E+02    0.42220E+02    0.39264E+02    0.47477E+02
   0.22736E+02    0.42155E+02    0.39186E+02    0.47418E+02
   0.23015E+02    0.41502E+02    0.39117E+02    0.47372E+02
   0.23312E+02    0.41446E+02    0.39054E+02    0.47327E+02
   0.23556E+02    0.40710E+02    0.38996E+02    0.47283E+02
   0.23809E+02    0.40667E+02    0.38941E+02    0.47237E+02
   0.24004E+02    0.39875E+02    0.38896E+02    0.47190E+02
   0.24201E+02    0.39846E+02    0.38859E+02    0.47153E+02
   0.24339E+02    0.39033E+02    0.38836E+02    0.47131E+02
   0.24469E+02    0.39022E+02    0.38816E+02    0.47114E+02
   0.24536E+02    0.38229E+02    0.38802E+02    0.47102E+02
   0.24581E+02    0.38237E+02    0.38791E+02    0.47083E+02
   0.24560E+02    0.37517E+02    0.38791E+02    0.47074E+02
   0.24512E+02    0.37547E+02    0.38802E+02    0.47075E+02
   0.24400E+02    0.36931E+02    0.38824E+02    0.47090E+02
   0.24252E+02    0.36983E+02    0.38850E+02    0.47111E+02
   0.24037E+02    0.36509E+02    0.38883E+02    0.47132E+02
   0.23776E+02    0.36583E+02    0.38920E+02    0.47159E+02
   0.23452E+02    0.36294E+02    0.38968E+02    0.47196E+02
   0.23077E+02    0.36391E+02    0.39022E+02    0.47241E+02
   0.22641E+02    0.36299E+02    0.39082E+02    0.47292E+02
   0.22148E+02    0.36418E+02    0.39145E+02    0.47343E+02
   0.21597E+02    0.36544E+02    0.39215E+02    0.47398E+02
   0.20992E+02    0.36683E+02    0.39289E+02    0.47460E+02
   0.20333E+02    0.37037E+02    0.39371E+02    0.47527E+02
   0.19631E+02    0.37194E+02    0.39450E+02    0.47596E+02
   0.18880E+02    0.37767E+02    0.39537E+02    0.47663E+02
   0.18098E+02    0.37937E+02    0.39616E+02    0.47731E+02
   0.17276E+02    0.38717E+02    0.39706E+02    0.47797E+02
   0.16437E+02    0.38896E+02    0.39786E+02    0.47864E+02
   0.15570E+02    0.39841E+02    0.39877E+02    0.47927E+02
   0.14700E+02    0.40026E+02    0.39954E+02    0.47991E+02
   0.13814E+02    0.41092E+02    0.40042E+02    0.48049E+02
   0.12940E+02    0.41275E+02    0.40113E+02    0.48104E+02
   0.12062E+02    0.42412E+02    0.40198E+02    0.48154E+02
   0.11210E+02    0.42589E+02    0.40264E+02    0.48200E+02
   0.10370E+02    0.43741E+02    0.40344E+02    0.48246E+02
   0.95669E+01    0.43906E+02    0.40403E+02    0.48288E+02
   0.87879E+01    0.45022E+02    0.40475E+02    0.48321E+02
   0.80552E+01    0.45170E+02    0.40525E+02    0.48350E+02
   0.73589E+01    0.46208E+02    0.40590E+02    0.48374E+02
   0.67168E+01    0.46335E+02    0.40636E+02    0.48403E+02
   0.61231E+01    0.47257E+02    0.40695E+02    0.48427E+02
   0.55865E+01    0.47360E+02    0.40729E+02    0.48443E+02
   0.51042E+01    0.48143E+02    0.40776E+02    0.48452E+02
   0.46805E+01    0.48219E+02    0.40805E+02    0.48460E+02
   0.43185E+01    0.48855E+02    0.40848E+02    0.48475E+02
   0.40159E+01    0.48904E+02    0.40872E+02    0.48488E+02
   0.37774E+01    0.49383E+02    0.40900E+02    0.48491E+02
   0.35917E+01    0.49406E+02    0.40913E+02    0.48489E+02
   0.34711E+01    0.49746E+02    0.40934E+02    0.48486E+02
   0.34005E+01    0.49742E+02    0.40945E+02    0.48492E+02
   0.33967E+01    0.49950E+02    0.40958E+02    0.48495E+02
   0.34358E+01    0.49923E+02    0.40956E+02    0.48491E+02
   0.35355E+01    0.50016E+02    0.40955E+02    0.48480E+02
   0.36715E+01    0.49966E+02    0.40947E+02    0.48469E+02
   0.38664E+01    0.49969E+02    0.40942E+02    0.48466E+02
   0.40934E+01    0.49900E+02    0.40930E+02    0.48461E+02
   0.43735E+01    0.49816E+02    0.40909E+02    0.48448E+02
   0.46757E+01    0.49731E+02    0.40886E+02    0.48431E+02
   0.50253E+01    0.49586E+02    0.40857E+02    0.48412E+02
   0.53923E+01    0.49487E+02    0.40832E+02    0.48398E+02
   0.58030E+01    0.49285E+02    0.40796E+02    0.48383E+02
   0.62242E+01    0.49176E+02    0.40762E+02    0.48363E+02
   0.66805E+01    0.48924E+02    0.40715E+02    0.48339E+02
   0.71415E+01    0.48807E+02    0.40675E+02    0.48312E+02
   0.76323E+01    0.48518E+02    0.40624E+02    0.48288E+02
   0.81239E+01    0.48396E+02    0.40581E+02    0.48263E+02
   0.86389E+01    0.48062E+02    0.40524E+02    0.48235E+02
   0.91487E+01    0.47937E+02    0.40475E+02    0.48205E+02
   0.96755E+01    0.47568E+02    0.40412E+02    0.48173E+02
   0.10193E+02    0.47444E+02    0.40362E+02    0.48139E+02
   0.10722E+02    0.47037E+02    0.40297E+02    0.48105E+02
   0.11238E+02    0.46915E+02    0.40245E+02    0.48072E+02
   0.11760E+02    0.46469E+02    0.40178E+02    0.48039E+02
   0.12265E+02    0.46351E+02    0.40125E+02    0.48005E+02
   0.12769E+02    0.45869E+02    0.40056E+02    0.47965E+02
   0.13254E+02    0.45757E+02    0.40002E+02    0.47927E+02
   0.13734E+02    0.45238E+02    0.39937E+02    0.47892E+02
   0.14192E+02    0.45135E+02    0.39887E+02    0.47859E+02
   0.14641E+02    0.44578E+02    0.39823E+02    0.47826E+02
   0.15064E+02    0.44485E+02    0.39771E+02    0.47786E+02
   0.15472E+02    0.43898E+02    0.39710E+02    0.47748E+02
   0.15854E+02    0.43816E+02    0.39666E+02    0.47716E+02
   0.16220E+02    0.43202E+02    0.39611E+02    0.47688E+02
   0.16557E+02    0.43133E+02    0.39570E+02    0.47660E+02
   0.16873E+02    0.42497E+02    0.39517E+02    0.47626E+02
   0.17156E+02    0.42440E+02    0.39479E+02    0.47593E+02
   0.17418E+02    0.41799E+02    0.39436E+02    0.47569E+02
   0.17650E+02    0.41756E+02    0.39407E+02    0.47549E+02
   0.17857E+02    0.41110E+02    0.39371E+02    0.47532E+02
   0.18030E+02    0.41081E+02    0.39344E+02    0.47507E+02
   0.18176E+02    0.40449E+02    0.39313E+02    0.47487E+02
   0.18291E+02    0.40433E+02    0.39296E+02    0.47473E+02
   0.18378E+02    0.39826E+02    0.39277E+02    0.47466E+02
   0.18435E+02    0.39824E+02    0.39266E+02    0.47461E+02
   0.18461E+02    0.39250E+02    0.39251E+02    0.47452E+02
   0.18456E+02    0.39261E+02    0.39245E+02    0.47446E+02
   0.18422E+02    0.38741E+02    0.39242E+02    0.47448E+02
   0.18361E+02    0.38763E+02    0.39245E+02    0.47454E+02
   0.18270E+02    0.38299E+02    0.39250E+02    0.47464E+02
   0.18152E+02    0.38333E+02    0.39256E+02    0.47470E+02
   0.18003E+02    0.37938E+02    0.39267E+02    0.47480E+02
   0.17833E+02    0.37982E+02    0.39282E+02    0.47495E+02
   0.17633E+02    0.37664E+02    0.39302E+02    0.47516E+02
   0.17415E+02    0.37717E+02    0.39322E+02    0.47539E+02
   0.17168E+02    0.37476E+02    0.39347E+02    0.47560E+02
   0.16905E+02    0.37537E+02    0.39370E+02    0.47583E+02
   0.16615E+02    0.37382E+02    0.39402E+02    0.47611E+02
   0.16316E+02    0.37448E+02    0.39431E+02    0.47642E+02
   0.15992E+02    0.37373E+02    0.39468E+02    0.47675E+02
   0.15661E+02    0.37444E+02    0.39498E+02    0.47707E+02
   0.15309E+02    0.37447E+02    0.39538E+02    0.47740E+02
   0.14956E+02    0.37521E+02    0.39571E+02    0.47775E+02
   0.14584E+02    0.37597E+02    0.39615E+02    0.47812E+02
   0.14216E+02    0.37673E+02    0.39650E+02    0.47849E+02
   0.13833E+02    0.37812E+02    0.39695E+02    0.47888E+02
   0.13459E+02    0.37888E+02    0.39730E+02    0.47926E+02
   0.13073E+02    0.38082E+02    0.39775E+02    0.47963E+02
   0.12701E+02    0.38157E+02    0.39809E+02    0.48001E+02
   0.12322E+02    0.38395E+02    0.39855E+02    0.48038E+02
   0.11961E+02    0.38466E+02    0.39889E+02    0.48077E+02
   0.11598E+02    0.38735E+02    0.39933E+02    0.48116E+02
   0.11255E+02    0.38802E+02    0.39964E+02    0.48151E+02
   0.10914E+02    0.39093E+02    0.40005E+02    0.48185E+02
   0.10597E+02    0.39153E+02    0.40035E+02    0.48218E+02
   0.10286E+02    0.39455E+02    0.40075E+02    0.48255E+02
   0.10003E+02    0.39508E+02    0.40102E+02    0.48290E+02
   0.97291E+01    0.39809E+02    0.40136E+02    0.48320E+02
   0.94824E+01    0.39854E+02    0.40158E+02    0.48348E+02
   0.92495E+01    0.40149E+02    0.40190E+02    0.48374E+02
   0.90454E+01    0.40185E+02    0.40211E+02    0.48405E+02
   0.88594E+01    0.40464E+02    0.40239E+02    0.48434E+02
   0.87014E+01    0.40490E+02    0.40253E+02    0.48457E+02
   0.85618E+01    0.40748E+02    0.40273E+02    0.48476E+02
   0.84500E+01    0.40765E+02    0.40285E+02    0.48494E+02
   0.83596E+01    0.41001E+02    0.40303E+02    0.48517E+02
   0.82975E+01    0.41008E+02    0.40312E+02    0.48538E+02
   0.82571E+01    0.41213E+02    0.40322E+02    0.48553E+02
   0.82411E+01    0.41210E+02    0.40324E+02    0.48563E+02
   0.82471E+01    0.41390E+02    0.40330E+02    0.48571E+02
   0.82771E+01    0.41378E+02    0.40331E+02    0.48585E+02
   0.83309E+01    0.41527E+02    0.40333E+02    0.48597E+02
   0.84053E+01    0.41506E+02    0.40328E+02    0.48602E+02
   0.85003E+01    0.41623E+02    0.40321E+02    0.48602E+02
   0.86132E+01    0.41595E+02    0.40313E+02    0.48601E+02
   0.87472E+01    0.41685E+02    0.40305E+02    0.48604E+02
   0.88979E+01    0.41650E+02    0.40296E+02    0.48606E+02
   0.90674E+01    0.41705E+02    0.40281E+02    0.48602E+02
   0.92483E+01    0.41664E+02    0.40265E+02    0.48594E+02
   0.94461E+01    0.41693E+02    0.40246E+02    0.48583E+02
   0.96534E+01    0.41646E+02    0.40231E+02    0.48577E+02
   0.98768E+01    0.41645E+02    0.40210E+02    0.48568E+02
   0.10106E+02    0.41595E+02    0.40191E+02    0.48556E+02
   0.10347E+02    0.41563E+02    0.40165E+02    0.48541E+02
   0.10591E+02    0.41510E+02    0.40143E+02    0.48525E+02
   0.10846E+02    0.41454E+02    0.40117E+02    0.48509E+02
   0.11101E+02    0.41400E+02    0.40095E+02    0.48493E+02
   0.11364E+02    0.41315E+02    0.40066E+02    0.48475E+02
   0.11623E+02    0.41259E+02    0.40043E+02    0.48456E+02
   0.11888E+02    0.41151E+02    0.40012E+02    0.48436E+02
   0.12146E+02    0.41097E+02    0.39989E+02    0.48415E+02
   0.12408E+02    0.40966E+02    0.39958E+02    0.48394E+02
   0.12661E+02    0.40913E+02    0.39935E+02    0.48374E+02
   0.12915E+02    0.40761E+02    0.39905E+02    0.48354E+02
   0.13159E+02    0.40711E+02    0.39882E+02    0.48333E+02
   0.13400E+02    0.40542E+02    0.39851E+02    0.48310E+02
   0.13628E+02    0.40495E+02    0.39829E+02    0.48288E+02
   0.13853E+02    0.40313E+02    0.39801E+02    0.48268E+02
   0.14064E+02    0.40270E+02    0.39781E+02    0.48250E+02
   0.14268E+02    0.40076E+02    0.39754E+02    0.48233E+02
   0.14458E+02    0.40039E+02    0.39734E+02    0.48212E+02
   0.14638E+02    0.39840E+02    0.39708E+02    0.48192E+02
   0.14802E+02    0.39808E+02    0.39692E+02    0.48175E+02
   0.14958E+02    0.39607E+02    0.39671E+02    0.48162E+02
   0.15096E+02    0.39582E+02    0.39656E+02    0.48149E+02
   0.15224E+02    0.39381E+02    0.39636E+02    0.48133E+02
   0.15333E+02    0.39362E+02    0.39623E+02    0.48118E+02
   0.15430E+02    0.39172E+02    0.39607E+02    0.48107E+02
   0.15511E+02    0.39159E+02    0.39599E+02    0.48100E+02
   0.15579E+02    0.38978E+02    0.39587E+02    0.48094E+02
   0.15631E+02    0.38971E+02    0.39579E+02    0.48083E+02
   0.15667E+02    0.38808E+02    0.39568E+02    0.48075E+02
   0.15688E+02    0.38807E+02    0.39565E+02    0.48071E+02
   0.15695E+02    0.38664E+02    0.39561E+02    0.48070E+02
   0.15688E+02    0.38670E+02    0.39559E+02    0.48071E+02
   0.15667E+02    0.38548E+02    0.39556E+02    0.48069E+02
   0.15631E+02    0.38559E+02    0.39556E+02    0.48067E+02
   0.15581E+02    0.38467E+02    0.39558E+02    0.48070E+02
   0.15519E+02    0.38483E+02    0.39563E+02    0.48076E+02
   0.15444E+02    0.38416E+02    0.39567E+02    0.48082E+02
   0.15359E+02    0.38437E+02    0.39572E+02    0.48087E+02
   0.15260E+02    0.38401E+02    0.39579E+02    0.48093E+02
   0.15153E+02    0.38425E+02    0.39587E+02    0.48101E+02
   0.15034E+02    0.38420E+02    0.39597E+02    0.48112E+02
   0.14909E+02    0.38448E+02    0.39607E+02    0.48123E+02
   0.14773E+02    0.38470E+02    0.39619E+02    0.48134E+02
   0.14633E+02    0.38501E+02    0.39629E+02    0.48145E+02
   0.14482E+02    0.38553E+02    0.39643E+02    0.48157E+02
   0.14331E+02    0.38586E+02    0.39656E+02    0.48171E+02
   0.14170E+02    0.38663E+02    0.39671E+02    0.48185E+02
   0.14011E+02    0.38697E+02    0.39684E+02    0.48200E+02
   0.13844E+02    0.38798E+02    0.39700E+02    0.48214E+02
   0.13679E+02    0.38832E+02    0.39713E+02    0.48229E+02
   0.13510E+02    0.38953E+02    0.39730E+02    0.48244E+02
   0.13345E+02    0.38987E+02    0.39744E+02    0.48259E+02
   0.13176E+02    0.39125E+02    0.39762E+02    0.48275E+02
   0.13015E+02    0.39158E+02    0.39775E+02    0.48291E+02
   0.12851E+02    0.39309E+02    0.39791E+02    0.48306E+02
   0.12694E+02    0.39340E+02    0.39804E+02    0.48320E+02
   0.12538E+02    0.39501E+02    0.39820E+02    0.48334E+02
   0.12391E+02    0.39530E+02    0.39833E+02    0.48350E+02
   0.12246E+02    0.39695E+02    0.39849E+02    0.48365E+02
   0.12112E+02    0.39722E+02    0.39859E+02    0.48378E+02
   0.11979E+02    0.39890E+02    0.39873E+02    0.48389E+02
   0.11859E+02    0.39912E+02    0.39883E+02    0.48400E+02
   0.11742E+02    0.40080E+02    0.39897E+02    0.48414E+02
   0.11638E+02    0.40099E+02    0.39906E+02    0.48427E+02
   0.11539E+02    0.40261E+02    0.39917E+02    0.48437E+02
   0.11452E+02    0.40277E+02    0.39923E+02    0.48445E+02
   0.11371E+02    0.40434E+02    0.39933E+02    0.48452E+02
   0.11302E+02    0.40445E+02    0.39940E+02    0.48462E+02
   0.11241E+02    0.40593E+02    0.39948E+02    0.48471E+02
   0.11192E+02    0.40601E+02    0.39952E+02    0.48477E+02
   0.11149E+02    0.40737E+02    0.39957E+02    0.48481E+02
   0.11118E+02    0.40741E+02    0.39959E+02    0.48483E+02
   0.11095E+02    0.40868E+02    0.39965E+02    0.48489E+02
   0.11084E+02    0.40868E+02    0.39966E+02    0.48494E+02
   0.11079E+02    0.40981E+02    0.39968E+02    0.48496E+02
   0.11085E+02    0.40977E+02    0.39967E+02    0.48495E+02
   0.11097E+02    0.41079E+02    0.39967E+02    0.48493E+02
   0.11120E+02    0.41072E+02    0.39966E+02    0.48495E+02
   0.11149E+02    0.41159E+02    0.39966E+02    0.48495E+02
   0.11187E+02    0.41150E+02    0.39962E+02    0.48492E+02
   0.11231E+02    0.41223E+02    0.39959E+02    0.48488E+02
   0.11281E+02    0.41211E+02    0.39955E+02    0.48482E+02
   0.11337E+02    0.41274E+02    0.39951E+02    0.48479E+02
   0.11400E+02    0.41259E+02    0.39947E+02    0.48475E+02
   0.11468E+02    0.41307E+02    0.39941E+02    0.48469E+02
   0.11539E+02    0.41291E+02    0.39935E+02    0.48462E+02
   0.11615E+02    0.41329E+02    0.39928E+02    0.48454E+02
   0.11694E+02    0.41311E+02    0.39922E+02    0.48447E+02
   0.11777E+02    0.41337E+02    0.39915E+02    0.48439E+02
   0.11861E+02    0.41318E+02    0.39909E+02    0.48431E+02
   0.11948E+02    0.41334E+02    0.39900E+02    0.48422E+02
   0.12035E+02    0.41315E+02    0.39893E+02    0.48413E+02
   0.12124E+02    0.41322E+02    0.39885E+02    0.48403E+02
   0.12213E+02    0.41303E+02    0.39878E+02    0.48394E+02
   0.12302E+02    0.41300E+02    0.39870E+02    0.48385E+02
   0.12389E+02    0.41282E+02    0.39863E+02    0.48375E+02
   0.12476E+02    0.41273E+02    0.39854E+02    0.48366E+02
   0.12561E+02    0.41255E+02    0.39847E+02    0.48355E+02
   0.12644E+02    0.41240E+02    0.39839E+02    0.48346E+02
   0.12724E+02    0.41224E+02    0.39833E+02    0.48337E+02
   0.12802E+02    0.41204E+02    0.39825E+02    0.48328E+02
   0.12876E+02    0.41189E+02    0.39819E+02    0.48319E+02
   0.12948E+02    0.41166E+02    0.39811E+02    0.48310E+02
   0.13014E+02    0.41152E+02    0.39806E+02    0.48300E+02
   0.13077E+02    0.41128E+02    0.39799E+02    0.48293E+02
   0.13135E+02    0.41117E+02    0.39795E+02    0.48286E+02
   0.13190E+02    0.41091E+02    0.39789E+02    0.48279E+02
   0.13239E+02    0.41082E+02    0.39785E+02    0.48271E+02
   0.13283E+02    0.41057E+02    0.39779E+02    0.48264E+02
   0.13322E+02    0.41050E+02    0.39777E+02    0.48258E+02
   0.13357E+02    0.41028E+02    0.39773E+02    0.48253E+02
   0.13386E+02    0.41023E+02    0.39771E+02    0.48249E+02
   0.13410E+02    0.41003E+02    0.39767E+02    0.48243E+02
   0.13428E+02    0.41000E+02    0.39765E+02    0.48238E+02
   0.13441E+02    0.40986E+02    0.39763E+02    0.48234E+02
   0.13450E+02    0.40985E+02    0.39763E+02    0.48232E+02
   0.13453E+02    0.40974E+02    0.39762E+02    0.48231E+02
   0.13451E+02    0.40976E+02    0.39762E+02    0.48227E+02
   0.13445E+02    0.40971E+02    0.39761E+02    0.48225E+02
   0.13433E+02    0.40974E+02    0.39762E+02    0.48224E+02
   0.13418E+02    0.40976E+02    0.39764E+02    0.48224E+02
   0.13398E+02    0.40981E+02    0.39765E+02    0.48224E+02
   0.13374E+02    0.40988E+02    0.39766E+02    0.48224E+02
   0.13346E+02    0.40994E+02    0.39768E+02    0.48223E+02
   0.13315E+02    0.41009E+02    0.39771E+02    0.48224E+02
   0.13280E+02    0.41017E+02    0.39774E+02    0.48226E+02
   0.13242E+02    0.41036E+02    0.39777E+02    0.48229E+02
   0.13202E+02    0.41045E+02    0.39780E+02    0.48230E+02
   0.13159E+02    0.41071E+02    0.39783E+02    0.48232E+02
   0.13113E+02    0.41081E+02    0.39787E+02    0.48234E+02
   0.13066E+02    0.41111E+02    0.39791E+02    0.48237E+02
   0.13018E+02    0.41122E+02    0.39795E+02    0.48241E+02
   0.12968E+02    0.41156E+02    0.39799E+02    0.48244E+02
   0.12917E+02    0.41167E+02    0.39803E+02    0.48247E+02
   0.12865E+02    0.41206E+02    0.39808E+02    0.48250E+02
   0.12814E+02    0.41217E+02    0.39812E+02    0.48254E+02
   0.12761E+02    0.41258E+02    0.39817E+02    0.48258E+02
   0.12710E+02    0.41269E+02    0.39820E+02    0.48262E+02
   0.12659E+02    0.41312E+02    0.39825E+02    0.48265E+02
   0.12609E+02    0.41322E+02    0.39829E+02    0.48269E+02
   0.12559E+02    0.41366E+02    0.39833E+02    0.48273E+02
   0.12511E+02    0.41376E+02    0.39837E+02    0.48277E+02
   0.12465E+02    0.41419E+02    0.39842E+02    0.48281E+02
   0.12420E+02    0.41428E+02    0.39845E+02    0.48285E+02
   0.12378E+02    0.41470E+02    0.39849E+02    0.48288E+02
   0.12337E+02    0.41478E+02    0.39851E+02    0.48291E+02
   0.12299E+02    0.41519E+02    0.39855E+02    0.48295E+02
   0.12263E+02    0.41526E+02    0.39858E+02    0.48298E+02
   0.12230E+02    0.41563E+02    0.39861E+02    0.48302E+02
   0.12200E+02    0.41569E+02    0.39863E+02    0.48305E+02
   0.12172E+02    0.41602E+02    0.39866E+02    0.48307E+02
   0.12148E+02    0.41607E+02    0.39867E+02    0.48309E+02
   0.12126E+02    0.41636E+02    0.39870E+02    0.48312E+02
   0.12108E+02    0.41640E+02    0.39871E+02    0.48315E+02
   0.12092E+02    0.41664E+02    0.39872E+02    0.48317E+02
   0.12080E+02    0.41666E+02    0.39873E+02    0.48318E+02
   0.12065E+02    0.41686E+02    0.39873E+02    0.48329E+02
   0.12020E+02    0.41692E+02    0.39862E+02    0.48371E+02
   0.11914E+02    0.41724E+02    0.39827E+02    0.48422E+02
   0.11730E+02    0.41758E+02    0.39754E+02    0.48445E+02
   0.11468E+02    0.41818E+02    0.39652E+02    0.48412E+02
   0.11148E+02    0.41880E+02    0.39545E+02    0.48314E+02
   0.10809E+02    0.41906E+02    0.39468E+02    0.48175E+02
   0.10486E+02    0.41966E+02    0.39430E+02    0.48050E+02
   0.10183E+02    0.41595E+02    0.39443E+02    0.47972E+02
   0.99404E+01    0.41642E+02    0.39453E+02    0.47928E+02
   0.97222E+01    0.40705E+02    0.39475E+02    0.47906E+02
   0.95714E+01    0.40736E+02    0.39457E+02    0.47877E+02
   0.94363E+01    0.39511E+02    0.39449E+02    0.47842E+02
   0.93596E+01    0.39525E+02    0.39417E+02    0.47797E+02
   0.92987E+01    0.38151E+02    0.39414E+02    0.47757E+02
   0.92933E+01    0.38152E+02    0.39398E+02    0.47721E+02
   0.93033E+01    0.36603E+02    0.39409E+02    0.47700E+02
   0.93590E+01    0.36596E+02    0.39401E+02    0.47680E+02
   0.94219E+01    0.34954E+02    0.39414E+02    0.47671E+02
   0.95188E+01    0.34941E+02    0.39407E+02    0.47660E+02
   0.96154E+01    0.33268E+02    0.39419E+02    0.47656E+02
   0.97367E+01    0.33253E+02    0.39416E+02    0.47649E+02
   0.98536E+01    0.31574E+02    0.39433E+02    0.47652E+02
   0.99877E+01    0.31559E+02    0.39435E+02    0.47655E+02
   0.10114E+02    0.29905E+02    0.39457E+02    0.47667E+02
   0.10251E+02    0.29891E+02    0.39464E+02    0.47678E+02
   0.10376E+02    0.28294E+02    0.39488E+02    0.47697E+02
   0.10505E+02    0.28283E+02    0.39499E+02    0.47714E+02
   0.10620E+02    0.26763E+02    0.39526E+02    0.47737E+02
   0.10734E+02    0.26755E+02    0.39541E+02    0.47758E+02
   0.10832E+02    0.25322E+02    0.39571E+02    0.47786E+02
   0.10926E+02    0.25317E+02    0.39591E+02    0.47814E+02
   0.11003E+02    0.23983E+02    0.39625E+02    0.47848E+02
   0.11072E+02    0.23981E+02    0.39647E+02    0.47878E+02
   0.11123E+02    0.22756E+02    0.39683E+02    0.47913E+02
   0.11165E+02    0.22757E+02    0.39709E+02    0.47946E+02
   0.11188E+02    0.21646E+02    0.39749E+02    0.47986E+02
   0.11202E+02    0.21650E+02    0.39779E+02    0.48024E+02
   0.11198E+02    0.20656E+02    0.39819E+02    0.48063E+02
   0.11181E+02    0.20663E+02    0.39850E+02    0.48100E+02
   0.11149E+02    0.19791E+02    0.39893E+02    0.48139E+02
   0.11105E+02    0.19800E+02    0.39928E+02    0.48180E+02
   0.11048E+02    0.19049E+02    0.39972E+02    0.48223E+02
   0.10978E+02    0.19059E+02    0.40007E+02    0.48261E+02
   0.10896E+02    0.18428E+02    0.40050E+02    0.48300E+02
   0.10803E+02    0.18439E+02    0.40086E+02    0.48336E+02
   0.10702E+02    0.17924E+02    0.40131E+02    0.48376E+02
   0.10588E+02    0.17936E+02    0.40168E+02    0.48414E+02
   0.10472E+02    0.17529E+02    0.40206E+02    0.48448E+02
   0.10330E+02    0.17543E+02    0.40243E+02    0.48478E+02
   0.10191E+02    0.17239E+02    0.40282E+02    0.48508E+02
   0.10024E+02    0.17254E+02    0.40321E+02    0.48542E+02
   0.98654E+01    0.17044E+02    0.40360E+02    0.48574E+02
   0.96780E+01    0.17060E+02    0.40395E+02    0.48601E+02
   0.95031E+01    0.16938E+02    0.40429E+02    0.48623E+02
   0.93021E+01    0.16954E+02    0.40462E+02    0.48643E+02
   0.91203E+01    0.16911E+02    0.40493E+02    0.48663E+02
   0.89174E+01    0.16927E+02    0.40524E+02    0.48681E+02
   0.87391E+01    0.16939E+02    0.40550E+02    0.48693E+02
   0.85431E+01    0.16952E+02    0.40575E+02    0.48700E+02
   0.83768E+01    0.17003E+02    0.40598E+02    0.48704E+02
   0.81985E+01    0.17015E+02    0.40620E+02    0.48709E+02
   0.80556E+01    0.17082E+02    0.40639E+02    0.48710E+02
   0.79050E+01    0.17091E+02    0.40656E+02    0.48706E+02
   0.77926E+01    0.17153E+02    0.40668E+02    0.48699E+02
   0.76770E+01    0.17159E+02    0.40680E+02    0.48688E+02
   0.76033E+01    0.17203E+02    0.40689E+02    0.48678E+02
   0.75312E+01    0.17205E+02    0.40697E+02    0.48665E+02
   0.75029E+01    0.17212E+02    0.40701E+02    0.48649E+02
   0.74793E+01    0.17210E+02    0.40703E+02    0.48630E+02
   0.75002E+01    0.17174E+02    0.40701E+02    0.48610E+02
   0.75294E+01    0.17168E+02    0.40699E+02    0.48588E+02
   0.76033E+01    0.17079E+02    0.40693E+02    0.48566E+02
   0.76884E+01    0.17068E+02    0.40686E+02    0.48542E+02
   0.78173E+01    0.16922E+02    0.40674E+02    0.48516E+02
   0.79545E+01    0.16907E+02    0.40662E+02    0.48489E+02
   0.81336E+01    0.16703E+02    0.40644E+02    0.48460E+02
   0.83174E+01    0.16685E+02    0.40629E+02    0.48432E+02
   0.85406E+01    0.16422E+02    0.40608E+02    0.48404E+02
   0.87643E+01    0.16401E+02    0.40589E+02    0.48376E+02
   0.90238E+01    0.16085E+02    0.40563E+02    0.48347E+02
   0.92792E+01    0.16062E+02    0.40540E+02    0.48316E+02
   0.95662E+01    0.15701E+02    0.40509E+02    0.48286E+02
   0.98456E+01    0.15678E+02    0.40485E+02    0.48257E+02
   0.10153E+02    0.15277E+02    0.40451E+02    0.48229E+02
   0.10450E+02    0.15253E+02    0.40424E+02    0.48200E+02
   0.10770E+02    0.14819E+02    0.40386E+02    0.48168E+02
   0.11075E+02    0.14796E+02    0.40357E+02    0.48131E+02
   0.11401E+02    0.14334E+02    0.40321E+02    0.48098E+02
   0.11711E+02    0.14311E+02    0.40298E+02    0.48073E+02
   0.12040E+02    0.13824E+02    0.40264E+02    0.48056E+02
   0.12351E+02    0.13803E+02    0.40238E+02    0.48040E+02
   0.12674E+02    0.13297E+02    0.40196E+02    0.48025E+02
   0.12975E+02    0.13277E+02    0.40162E+02    0.48006E+02
   0.13283E+02    0.12759E+02    0.40115E+02    0.47985E+02
   0.13568E+02    0.12741E+02    0.40080E+02    0.47962E+02
   0.13859E+02    0.12199E+02    0.40037E+02    0.47938E+02
   0.14126E+02    0.12183E+02    0.40005E+02    0.47918E+02
   0.14396E+02    0.11622E+02    0.39965E+02    0.47899E+02
   0.14642E+02    0.11609E+02    0.39933E+02    0.47878E+02
   0.14887E+02    0.11043E+02    0.39892E+02    0.47856E+02
   0.15107E+02    0.11031E+02    0.39862E+02    0.47831E+02
   0.15323E+02    0.10465E+02    0.39826E+02    0.47810E+02
   0.15515E+02    0.10456E+02    0.39802E+02    0.47793E+02
   0.15702E+02    0.98894E+01    0.39770E+02    0.47777E+02
   0.15863E+02    0.98822E+01    0.39745E+02    0.47759E+02
   0.16015E+02    0.93245E+01    0.39715E+02    0.47738E+02
   0.16142E+02    0.93194E+01    0.39694E+02    0.47717E+02
   0.16259E+02    0.87767E+01    0.39673E+02    0.47703E+02
   0.16354E+02    0.87735E+01    0.39659E+02    0.47691E+02
   0.16436E+02    0.82470E+01    0.39643E+02    0.47682E+02
   0.16495E+02    0.82456E+01    0.39631E+02    0.47669E+02
   0.16540E+02    0.77479E+01    0.39618E+02    0.47660E+02
   0.16563E+02    0.77481E+01    0.39612E+02    0.47653E+02
   0.16571E+02    0.72841E+01    0.39606E+02    0.47651E+02
   0.16560E+02    0.72857E+01    0.39604E+02    0.47650E+02
   0.16532E+02    0.68572E+01    0.39602E+02    0.47647E+02
   0.16485E+02    0.68599E+01    0.39603E+02    0.47646E+02
   0.16421E+02    0.64782E+01    0.39608E+02    0.47650E+02
   0.16342E+02    0.64819E+01    0.39616E+02    0.47656E+02
   0.16246E+02    0.61480E+01    0.39625E+02    0.47665E+02
   0.16135E+02    0.61525E+01    0.39635E+02    0.47672E+02
   0.16007E+02    0.58730E+01    0.39648E+02    0.47681E+02
   0.15868E+02    0.58781E+01    0.39663E+02    0.47693E+02
   0.15713E+02    0.56567E+01    0.39682E+02    0.47708E+02
   0.15548E+02    0.56622E+01    0.39699E+02    0.47724E+02
   0.15369E+02    0.54985E+01    0.39722E+02    0.47741E+02
   0.15182E+02    0.55044E+01    0.39741E+02    0.47757E+02
   0.14982E+02    0.54029E+01    0.39767E+02    0.47777E+02
   0.14778E+02    0.54091E+01    0.39790E+02    0.47797E+02
   0.14561E+02    0.53665E+01    0.39819E+02    0.47819E+02
   0.14345E+02    0.53729E+01    0.39843E+02    0.47841E+02
   0.14117E+02    0.53885E+01    0.39873E+02    0.47864E+02
   0.13892E+02    0.53951E+01    0.39898E+02    0.47887E+02
   0.13657E+02    0.54667E+01    0.39930E+02    0.47911E+02
   0.13429E+02    0.54734E+01    0.39956E+02    0.47935E+02
   0.13193E+02    0.55958E+01    0.39989E+02    0.47960E+02
   0.12966E+02    0.56024E+01    0.40015E+02    0.47985E+02
   0.12735E+02    0.57717E+01    0.40048E+02    0.48009E+02
   0.12514E+02    0.57781E+01    0.40073E+02    0.48033E+02
   0.12291E+02    0.59888E+01    0.40105E+02    0.48056E+02
   0.12081E+02    0.59950E+01    0.40131E+02    0.48081E+02
   0.11872E+02    0.62403E+01    0.40162E+02    0.48106E+02
   0.11679E+02    0.62461E+01    0.40185E+02    0.48128E+02
   0.11487E+02    0.65204E+01    0.40213E+02    0.48148E+02
   0.11312E+02    0.65257E+01    0.40235E+02    0.48168E+02
   0.11142E+02    0.68232E+01    0.40263E+02    0.48190E+02
   0.10991E+02    0.68279E+01    0.40283E+02    0.48212E+02
   0.10847E+02    0.71403E+01    0.40307E+02    0.48229E+02
   0.10721E+02    0.71442E+01    0.40323E+02    0.48245E+02
   0.10603E+02    0.74687E+01    0.40344E+02    0.48259E+02
   0.10505E+02    0.74717E+01    0.40360E+02    0.48277E+02
   0.10417E+02    0.78006E+01    0.40378E+02    0.48293E+02
   0.10349E+02    0.78025E+01    0.40389E+02    0.48305E+02
   0.10291E+02    0.81312E+01    0.40402E+02    0.48314E+02
   0.10252E+02    0.81319E+01    0.40411E+02    0.48322E+02
   0.10225E+02    0.84585E+01    0.40423E+02    0.48333E+02
   0.10218E+02    0.84580E+01    0.40430E+02    0.48343E+02
   0.10222E+02    0.87738E+01    0.40436E+02    0.48349E+02
   0.10243E+02    0.87720E+01    0.40438E+02    0.48351E+02
   0.10275E+02    0.90790E+01    0.40441E+02    0.48352E+02
   0.10325E+02    0.90758E+01    0.40442E+02    0.48357E+02
   0.10387E+02    0.93682E+01    0.40443E+02    0.48359E+02
   0.10463E+02    0.93638E+01    0.40439E+02    0.48359E+02
   0.10550E+02    0.96390E+01    0.40434E+02    0.48354E+02
   0.10649E+02    0.96334E+01    0.40429E+02    0.48350E+02
   0.10759E+02    0.98932E+01    0.40422E+02    0.48346E+02
   0.10881E+02    0.98864E+01    0.40415E+02    0.48343E+02
   0.11012E+02    0.10124E+02    0.40404E+02    0.48336E+02
   0.11152E+02    0.10116E+02    0.40394E+02    0.48327E+02
   0.11299E+02    0.10336E+02    0.40380E+02    0.48316E+02
   0.11454E+02    0.10327E+02    0.40369E+02    0.48308E+02
   0.11616E+02    0.10525E+02    0.40354E+02    0.48298E+02
   0.11783E+02    0.10516E+02    0.40340E+02    0.48287E+02
   0.11954E+02    0.10693E+02    0.40322E+02    0.48274E+02
   0.12129E+02    0.10683E+02    0.40308E+02    0.48261E+02
   0.12306E+02    0.10840E+02    0.40289E+02    0.48247E+02
   0.12486E+02    0.10830E+02    0.40273E+02    0.48233E+02
   0.12666E+02    0.10966E+02    0.40253E+02    0.48219E+02
   0.12847E+02    0.10955E+02    0.40237E+02    0.48205E+02
   0.13026E+02    0.11072E+02    0.40216E+02    0.48190E+02
   0.13205E+02    0.11062E+02    0.40200E+02    0.48174E+02
   0.13380E+02    0.11161E+02    0.40179E+02    0.48158E+02
   0.13553E+02    0.11151E+02    0.40163E+02    0.48144E+02
   0.13722E+02    0.11233E+02    0.40143E+02    0.48130E+02
   0.13887E+02    0.11224E+02    0.40127E+02    0.48116E+02
   0.14045E+02    0.11292E+02    0.40106E+02    0.48099E+02
   0.14198E+02    0.11283E+02    0.40091E+02    0.48084E+02
   0.14343E+02    0.11339E+02    0.40073E+02    0.48071E+02
   0.14484E+02    0.11331E+02    0.40060E+02    0.48059E+02
   0.14614E+02    0.11377E+02    0.40043E+02    0.48047E+02
   0.14739E+02    0.11370E+02    0.40030E+02    0.48033E+02
   0.14852E+02    0.11410E+02    0.40014E+02    0.48020E+02
   0.14959E+02    0.11404E+02    0.40004E+02    0.48010E+02
   0.15053E+02    0.11440E+02    0.39991E+02    0.48002E+02
   0.15142E+02    0.11436E+02    0.39983E+02    0.47994E+02
   0.15217E+02    0.11471E+02    0.39971E+02    0.47984E+02
   0.15285E+02    0.11467E+02    0.39963E+02    0.47975E+02
   0.15338E+02    0.11507E+02    0.39956E+02    0.47969E+02
   0.15386E+02    0.11505E+02    0.39952E+02    0.47965E+02
   0.15419E+02    0.11550E+02    0.39946E+02    0.47962E+02
   0.15446E+02    0.11549E+02    0.39943E+02    0.47957E+02
   0.15457E+02    0.11604E+02    0.39940E+02    0.47953E+02
   0.15463E+02    0.11605E+02    0.39940E+02    0.47952E+02
   0.15454E+02    0.11673E+02    0.39940E+02    0.47953E+02
   0.15440E+02    0.11675E+02    0.39942E+02    0.47955E+02
   0.15410E+02    0.11757E+02    0.39944E+02    0.47956E+02
   0.15376E+02    0.11760E+02    0.39948E+02    0.47957E+02
   0.15327E+02    0.11862E+02    0.39953E+02    0.47961E+02
   0.15275E+02    0.11866E+02    0.39960E+02    0.47966E+02
   0.15208E+02    0.11987E+02    0.39968E+02    0.47973E+02
   0.15140E+02    0.11992E+02    0.39975E+02    0.47978E+02
   0.15056E+02    0.12133E+02    0.39984E+02    0.47984E+02
   0.14973E+02    0.12139E+02    0.39994E+02    0.47992E+02
   0.14875E+02    0.12303E+02    0.40006E+02    0.48001E+02
   0.14779E+02    0.12309E+02    0.40017E+02    0.48011E+02
   0.14670E+02    0.12493E+02    0.40030E+02    0.48020E+02
   0.14563E+02    0.12501E+02    0.40042E+02    0.48030E+02
   0.14444E+02    0.12707E+02    0.40056E+02    0.48040E+02
   0.14329E+02    0.12715E+02    0.40069E+02    0.48052E+02
   0.14203E+02    0.12939E+02    0.40085E+02    0.48063E+02
   0.14083E+02    0.12948E+02    0.40099E+02    0.48075E+02
   0.13952E+02    0.13191E+02    0.40115E+02    0.48087E+02
   0.13829E+02    0.13199E+02    0.40129E+02    0.48099E+02
   0.13697E+02    0.13458E+02    0.40146E+02    0.48110E+02
   0.13573E+02    0.13467E+02    0.40159E+02    0.48122E+02
   0.13443E+02    0.13738E+02    0.40177E+02    0.48135E+02
   0.13321E+02    0.13747E+02    0.40190E+02    0.48147E+02
   0.13194E+02    0.14028E+02    0.40207E+02    0.48159E+02
   0.13077E+02    0.14036E+02    0.40219E+02    0.48170E+02
   0.12956E+02    0.14325E+02    0.40236E+02    0.48180E+02
   0.12846E+02    0.14333E+02    0.40248E+02    0.48192E+02
   0.12733E+02    0.14625E+02    0.40264E+02    0.48203E+02
   0.12632E+02    0.14632E+02    0.40275E+02    0.48213E+02
   0.12530E+02    0.14925E+02    0.40289E+02    0.48221E+02
   0.12439E+02    0.14931E+02    0.40299E+02    0.48230E+02
   0.12349E+02    0.15222E+02    0.40312E+02    0.48239E+02
   0.12271E+02    0.15227E+02    0.40322E+02    0.48248E+02
   0.12194E+02    0.15511E+02    0.40333E+02    0.48255E+02
   0.12129E+02    0.15515E+02    0.40340E+02    0.48261E+02
   0.12066E+02    0.15791E+02    0.40349E+02    0.48265E+02
   0.12015E+02    0.15794E+02    0.40356E+02    0.48272E+02
   0.11968E+02    0.16059E+02    0.40365E+02    0.48277E+02
   0.11932E+02    0.16061E+02    0.40369E+02    0.48281E+02
   0.11899E+02    0.16312E+02    0.40375E+02    0.48283E+02
   0.11877E+02    0.16312E+02    0.40378E+02    0.48284E+02
   0.11860E+02    0.16549E+02    0.40383E+02    0.48287E+02
   0.11854E+02    0.16548E+02    0.40385E+02    0.48290E+02
   0.11852E+02    0.16766E+02    0.40387E+02    0.48289E+02
   0.11859E+02    0.16765E+02    0.40387E+02    0.48288E+02
   0.11870E+02    0.16966E+02    0.40387E+02    0.48286E+02
   0.11891E+02    0.16963E+02    0.40387E+02    0.48285E+02
   0.11916E+02    0.17144E+02    0.40386E+02    0.48284E+02
   0.11949E+02    0.17141E+02    0.40384E+02    0.48281E+02
   0.11986E+02    0.17302E+02    0.40381E+02    0.48276E+02
   0.12030E+02    0.17297E+02    0.40377E+02    0.48271E+02
   0.12077E+02    0.17439E+02    0.40373E+02    0.48267E+02
   0.12131E+02    0.17434E+02    0.40370E+02    0.48263E+02
   0.12188E+02    0.17555E+02    0.40364E+02    0.48257E+02
   0.12249E+02    0.17548E+02    0.40358E+02    0.48250E+02
   0.12314E+02    0.17650E+02    0.40351E+02    0.48243E+02
   0.12381E+02    0.17644E+02    0.40345E+02    0.48237E+02
   0.12451E+02    0.17726E+02    0.40338E+02    0.48230E+02
   0.12523E+02    0.17719E+02    0.40331E+02    0.48222E+02
   0.12597E+02    0.17782E+02    0.40323E+02    0.48214E+02
   0.12672E+02    0.17775E+02    0.40316E+02    0.48206E+02
   0.12748E+02    0.17821E+02    0.40307E+02    0.48198E+02
   0.12824E+02    0.17814E+02    0.40300E+02    0.48190E+02
   0.12901E+02    0.17842E+02    0.40290E+02    0.48182E+02
   0.12976E+02    0.17835E+02    0.40283E+02    0.48174E+02
   0.13051E+02    0.17849E+02    0.40274E+02    0.48166E+02
   0.13124E+02    0.17842E+02    0.40267E+02    0.48157E+02
   0.13196E+02    0.17842E+02    0.40257E+02    0.48148E+02
   0.13266E+02    0.17835E+02    0.40251E+02    0.48141E+02
   0.13334E+02    0.17822E+02    0.40242E+02    0.48133E+02
   0.13398E+02    0.17817E+02    0.40235E+02    0.48126E+02
   0.13460E+02    0.17793E+02    0.40227E+02    0.48118E+02
   0.13518E+02    0.17787E+02    0.40221E+02    0.48110E+02
   0.13573E+02    0.17755E+02    0.40213E+02    0.48104E+02
   0.13624E+02    0.17750E+02    0.40208E+02    0.48098E+02
   0.13671E+02    0.17710E+02    0.40201E+02    0.48092E+02
   0.13714E+02    0.17706E+02    0.40196E+02    0.48085E+02
   0.13752E+02    0.17661E+02    0.40190E+02    0.48079E+02
   0.13785E+02    0.17658E+02    0.40187E+02    0.48074E+02
   0.13815E+02    0.17608E+02    0.40182E+02    0.48071E+02
   0.13839E+02    0.17607E+02    0.40180E+02    0.48067E+02
   0.13859E+02    0.17554E+02    0.40176E+02    0.48063E+02
   0.13873E+02    0.17554E+02    0.40174E+02    0.48058E+02
   0.13882E+02    0.17502E+02    0.40171E+02    0.48056E+02
   0.13887E+02    0.17502E+02    0.40171E+02    0.48054E+02
   0.13887E+02    0.17450E+02    0.40170E+02    0.48053E+02
   0.13883E+02    0.17451E+02    0.40170E+02    0.48051E+02
   0.13873E+02    0.17402E+02    0.40169E+02    0.48049E+02
   0.13858E+02    0.17404E+02    0.40171E+02    0.48049E+02
   0.13839E+02    0.17359E+02    0.40172E+02    0.48050E+02
   0.13816E+02    0.17361E+02    0.40174E+02    0.48051E+02
   0.13789E+02    0.17320E+02    0.40176E+02    0.48051E+02
   0.13757E+02    0.17323E+02    0.40179E+02    0.48051E+02
   0.13722E+02    0.17287E+02    0.40182E+02    0.48053E+02
   0.13683E+02    0.17291E+02    0.40186E+02    0.48056E+02
   0.13640E+02    0.17261E+02    0.40191E+02    0.48059E+02
   0.13595E+02    0.17265E+02    0.40195E+02    0.48061E+02
   0.13546E+02    0.17241E+02    0.40200E+02    0.48064E+02
   0.13495E+02    0.17246E+02    0.40205E+02    0.48067E+02
   0.13442E+02    0.17228E+02    0.40211E+02    0.48071E+02
   0.13387E+02    0.17233E+02    0.40217E+02    0.48075E+02
   0.13329E+02    0.17220E+02    0.40223E+02    0.48079E+02
   0.13271E+02    0.17225E+02    0.40229E+02    0.48083E+02
   0.13211E+02    0.17219E+02    0.40236E+02    0.48087E+02
   0.13151E+02    0.17224E+02    0.40242E+02    0.48091E+02
   0.13089E+02    0.17222E+02    0.40249E+02    0.48096E+02
   0.13028E+02    0.17227E+02    0.40255E+02    0.48101E+02
   0.12967E+02    0.17229E+02    0.40263E+02    0.48105E+02
   0.12906E+02    0.17234E+02    0.40269E+02    0.48110E+02
   0.12846E+02    0.17239E+02    0.40276E+02    0.48114E+02
   0.12786E+02    0.17244E+02    0.40282E+02    0.48119E+02
   0.12728E+02    0.17251E+02    0.40290E+02    0.48124E+02
   0.12672E+02    0.17256E+02    0.40296E+02    0.48129E+02
   0.12617E+02    0.17264E+02    0.40303E+02    0.48133E+02
   0.12564E+02    0.17268E+02    0.40308E+02    0.48137E+02
   0.12513E+02    0.17276E+02    0.40315E+02    0.48140E+02
   0.12465E+02    0.17280E+02    0.40320E+02    0.48145E+02
   0.12420E+02    0.17287E+02    0.40327E+02    0.48149E+02
   0.12376E+02    0.17291E+02    0.40331E+02    0.48152E+02
   0.12337E+02    0.17295E+02    0.40336E+02    0.48155E+02
   0.12299E+02    0.17298E+02    0.40341E+02    0.48158E+02
   0.12266E+02    0.17300E+02    0.40346E+02    0.48161E+02
   0.12235E+02    0.17303E+02    0.40349E+02    0.48164E+02
   0.12208E+02    0.17300E+02    0.40353E+02    0.48166E+02
   0.12184E+02    0.17302E+02    0.40356E+02    0.48168E+02
   0.12164E+02    0.17295E+02    0.40359E+02    0.48169E+02
   0.12147E+02    0.17296E+02    0.40362E+02    0.48171E+02
   0.12135E+02    0.17283E+02    0.40365E+02    0.48172E+02
   0.12124E+02    0.17284E+02    0.40366E+02    0.48173E+02
   0.12119E+02    0.17265E+02    0.40367E+02    0.48173E+02
   0.12115E+02    0.17264E+02    0.40368E+02    0.48173E+02
   0.12117E+02    0.17239E+02    0.40369E+02    0.48173E+02
   0.12120E+02    0.17239E+02    0.40370E+02    0.48173E+02
   0.12128E+02    0.17206E+02    0.40370E+02    0.48173E+02
   0.12137E+02    0.17204E+02    0.40369E+02    0.48171E+02
   0.12151E+02    0.17165E+02    0.40369E+02    0.48170E+02
   0.12166E+02    0.17163E+02    0.40368E+02    0.48169E+02
   0.12186E+02    0.17116E+02    0.40367E+02    0.48167E+02
   0.12206E+02    0.17114E+02    0.40365E+02    0.48165E+02
   0.12230E+02    0.17060E+02    0.40363E+02    0.48163E+02
   0.12255E+02    0.17057E+02    0.40361E+02    0.48160E+02
   0.12284E+02    0.16996E+02    0.40358E+02    0.48158E+02
   0.12312E+02    0.16993E+02    0.40356E+02    0.48155E+02
   0.12344E+02    0.16925E+02    0.40353E+02    0.48153E+02
   0.12376E+02    0.16922E+02    0.40350E+02    0.48149E+02
   0.12410E+02    0.16848E+02    0.40347E+02    0.48146E+02
   0.12444E+02    0.16845E+02    0.40344E+02    0.48143E+02
   0.12481E+02    0.16764E+02    0.40340E+02    0.48139E+02
   0.12515E+02    0.16761E+02    0.40337E+02    0.48136E+02
   0.12553E+02    0.16675E+02    0.40333E+02    0.48133E+02
   0.12588E+02    0.16672E+02    0.40330E+02    0.48129E+02
   0.12626E+02    0.16582E+02    0.40325E+02    0.48125E+02
   0.12661E+02    0.16579E+02    0.40322E+02    0.48122E+02
   0.12699E+02    0.16484E+02    0.40318E+02    0.48118E+02
   0.12733E+02    0.16481E+02    0.40315E+02    0.48115E+02
   0.12769E+02    0.16384E+02    0.40311E+02    0.48111E+02
   0.12802E+02    0.16381E+02    0.40308E+02    0.48108E+02
   0.12835E+02    0.16281E+02    0.40304E+02    0.48104E+02
   0.12866E+02    0.16278E+02    0.40301E+02    0.48101E+02
   0.12897E+02    0.16176E+02    0.40298E+02    0.48098E+02
   0.12925E+02    0.16174E+02    0.40295E+02    0.48095E+02
   0.12953E+02    0.16072E+02    0.40292E+02    0.48092E+02
   0.12977E+02    0.16070E+02    0.40289E+02    0.48089E+02
   0.13001E+02    0.15968E+02    0.40287E+02    0.48086E+02
   0.13022E+02    0.15966E+02    0.40285E+02    0.48084E+02
   0.13042E+02    0.15865E+02    0.40283E+02    0.48082E+02
   0.13059E+02    0.15863E+02    0.40281E+02    0.48080E+02
   0.13075E+02    0.15764E+02    0.40279E+02    0.48078E+02
   0.13087E+02    0.15763E+02    0.40278E+02    0.48076E+02
   0.13098E+02    0.15666E+02    0.40277E+02    0.48075E+02
   0.13106E+02    0.15666E+02    0.40276E+02    0.48074E+02
   0.13113E+02    0.15572E+02    0.40275E+02    0.48073E+02
   0.13117E+02    0.15572E+02    0.40275E+02    0.48071E+02
   0.13119E+02    0.15482E+02    0.40275E+02    0.48071E+02
   0.13119E+02    0.15482E+02    0.40276E+02    0.48071E+02
   0.13117E+02    0.15397E+02    0.40276E+02    0.48071E+02
   0.13112E+02    0.15397E+02    0.40277E+02    0.48071E+02
   0.13106E+02    0.15317E+02    0.40277E+02    0.48071E+02
   0.13097E+02    0.15318E+02    0.40279E+02    0.48071E+02
   0.13087E+02    0.15243E+02    0.40280E+02    0.48072E+02
   0.13074E+02    0.15244E+02    0.40282E+02    0.48073E+02
   0.13061E+02    0.15175E+02    0.40284E+02    0.48073E+02
   0.13045E+02    0.15176E+02    0.40286E+02    0.48074E+02
   0.13028E+02    0.15113E+02    0.40288E+02    0.48076E+02
   0.13009E+02    0.15114E+02    0.40291E+02    0.48077E+02
   0.12990E+02    0.15057E+02    0.40294E+02    0.48079E+02
   0.12969E+02    0.15059E+02    0.40296E+02    0.48080E+02
   0.12947E+02    0.15007E+02    0.40299E+02    0.48082E+02
   0.12924E+02    0.15009E+02    0.40302E+02    0.48084E+02
   0.12901E+02    0.14964E+02    0.40306E+02    0.48086E+02
   0.12876E+02    0.14966E+02    0.40309E+02    0.48088E+02
   0.12856E+02    0.14926E+02    0.40313E+02    0.48081E+02
   0.12867E+02    0.14926E+02    0.40327E+02    0.48046E+02
   0.12940E+02    0.14886E+02    0.40365E+02    0.48002E+02
   0.13092E+02    0.14876E+02    0.40435E+02    0.47984E+02
   0.13329E+02    0.14829E+02    0.40534E+02    0.48016E+02
   0.13631E+02    0.14808E+02    0.40636E+02    0.48106E+02
   0.13965E+02    0.14797E+02    0.40712E+02    0.48233E+02
   0.14296E+02    0.14774E+02    0.40751E+02    0.48347E+02
   0.14624E+02    0.15093E+02    0.40746E+02    0.48418E+02
   0.14909E+02    0.15073E+02    0.40744E+02    0.48458E+02
   0.15189E+02    0.15834E+02    0.40731E+02    0.48478E+02
   0.15415E+02    0.15815E+02    0.40754E+02    0.48501E+02
   0.15644E+02    0.16748E+02    0.40765E+02    0.48528E+02
   0.15823E+02    0.16732E+02    0.40801E+02    0.48563E+02
   0.16004E+02    0.17718E+02    0.40809E+02    0.48592E+02
   0.16133E+02    0.17706E+02    0.40832E+02    0.48618E+02
   0.16264E+02    0.18776E+02    0.40829E+02    0.48632E+02
   0.16349E+02    0.18767E+02    0.40845E+02    0.48643E+02
   0.16440E+02    0.19869E+02    0.40840E+02    0.48645E+02
   0.16491E+02    0.19861E+02    0.40855E+02    0.48648E+02
   0.16553E+02    0.20957E+02    0.40848E+02    0.48646E+02
   0.16580E+02    0.20951E+02    0.40859E+02    0.48644E+02
   0.16621E+02    0.22031E+02    0.40847E+02    0.48633E+02
   0.16629E+02    0.22026E+02    0.40852E+02    0.48623E+02
   0.16653E+02    0.23079E+02    0.40836E+02    0.48605E+02
   0.16649E+02    0.23074E+02    0.40837E+02    0.48590E+02
   0.16662E+02    0.24088E+02    0.40817E+02    0.48568E+02
   0.16652E+02    0.24082E+02    0.40814E+02    0.48548E+02
   0.16657E+02    0.25054E+02    0.40790E+02    0.48523E+02
   0.16644E+02    0.25049E+02    0.40782E+02    0.48499E+02
   0.16646E+02    0.25984E+02    0.40755E+02    0.48471E+02
   0.16633E+02    0.25978E+02    0.40743E+02    0.48445E+02
   0.16634E+02    0.26877E+02    0.40713E+02    0.48415E+02
   0.16623E+02    0.26870E+02    0.40696E+02    0.48387E+02
   0.16624E+02    0.27737E+02    0.40663E+02    0.48356E+02
   0.16616E+02    0.27731E+02    0.40643E+02    0.48327E+02
   0.16618E+02    0.28568E+02    0.40608E+02    0.48295E+02
   0.16614E+02    0.28561E+02    0.40585E+02    0.48266E+02
   0.16617E+02    0.29371E+02    0.40547E+02    0.48235E+02
   0.16618E+02    0.29364E+02    0.40521E+02    0.48206E+02
   0.16622E+02    0.30147E+02    0.40481E+02    0.48174E+02
   0.16627E+02    0.30140E+02    0.40453E+02    0.48144E+02
   0.16632E+02    0.30897E+02    0.40413E+02    0.48114E+02
   0.16640E+02    0.30890E+02    0.40384E+02    0.48086E+02
   0.16646E+02    0.31618E+02    0.40343E+02    0.48057E+02
   0.16657E+02    0.31611E+02    0.40312E+02    0.48028E+02
   0.16661E+02    0.32309E+02    0.40272E+02    0.47999E+02
   0.16674E+02    0.32303E+02    0.40241E+02    0.47973E+02
   0.16677E+02    0.32968E+02    0.40202E+02    0.47947E+02
   0.16690E+02    0.32963E+02    0.40171E+02    0.47923E+02
   0.16691E+02    0.33592E+02    0.40132E+02    0.47896E+02
   0.16702E+02    0.33587E+02    0.40102E+02    0.47872E+02
   0.16699E+02    0.34179E+02    0.40067E+02    0.47849E+02
   0.16709E+02    0.34176E+02    0.40038E+02    0.47829E+02
   0.16701E+02    0.34726E+02    0.40005E+02    0.47809E+02
   0.16706E+02    0.34724E+02    0.39976E+02    0.47788E+02
   0.16691E+02    0.35234E+02    0.39946E+02    0.47767E+02
   0.16690E+02    0.35235E+02    0.39921E+02    0.47751E+02
   0.16668E+02    0.35704E+02    0.39896E+02    0.47736E+02
   0.16660E+02    0.35707E+02    0.39873E+02    0.47724E+02
   0.16629E+02    0.36137E+02    0.39849E+02    0.47708E+02
   0.16612E+02    0.36142E+02    0.39829E+02    0.47696E+02
   0.16570E+02    0.36539E+02    0.39811E+02    0.47686E+02
   0.16545E+02    0.36547E+02    0.39795E+02    0.47680E+02
   0.16492E+02    0.36910E+02    0.39781E+02    0.47675E+02
   0.16455E+02    0.36922E+02    0.39766E+02    0.47668E+02
   0.16388E+02    0.37259E+02    0.39756E+02    0.47663E+02
   0.16337E+02    0.37274E+02    0.39747E+02    0.47663E+02
   0.16258E+02    0.37592E+02    0.39743E+02    0.47665E+02
   0.16194E+02    0.37610E+02    0.39737E+02    0.47670E+02
   0.16099E+02    0.37913E+02    0.39736E+02    0.47672E+02
   0.16020E+02    0.37934E+02    0.39733E+02    0.47678E+02
   0.15910E+02    0.38234E+02    0.39738E+02    0.47686E+02
   0.15817E+02    0.38259E+02    0.39739E+02    0.47697E+02
   0.15693E+02    0.38556E+02    0.39748E+02    0.47711E+02
   0.15586E+02    0.38584E+02    0.39752E+02    0.47724E+02
   0.15447E+02    0.38888E+02    0.39764E+02    0.47738E+02
   0.15326E+02    0.38919E+02    0.39772E+02    0.47755E+02
   0.15174E+02    0.39234E+02    0.39789E+02    0.47774E+02
   0.15040E+02    0.39267E+02    0.39800E+02    0.47796E+02
   0.14876E+02    0.39596E+02    0.39820E+02    0.47817E+02
   0.14731E+02    0.39632E+02    0.39832E+02    0.47840E+02
   0.14556E+02    0.39980E+02    0.39855E+02    0.47864E+02
   0.14402E+02    0.40018E+02    0.39871E+02    0.47889E+02
   0.14219E+02    0.40385E+02    0.39896E+02    0.47916E+02
   0.14057E+02    0.40425E+02    0.39914E+02    0.47944E+02
   0.13868E+02    0.40813E+02    0.39941E+02    0.47973E+02
   0.13701E+02    0.40853E+02    0.39959E+02    0.48001E+02
   0.13509E+02    0.41264E+02    0.39987E+02    0.48030E+02
   0.13339E+02    0.41304E+02    0.40007E+02    0.48059E+02
   0.13146E+02    0.41735E+02    0.40037E+02    0.48091E+02
   0.12977E+02    0.41775E+02    0.40057E+02    0.48123E+02
   0.12786E+02    0.42224E+02    0.40086E+02    0.48152E+02
   0.12619E+02    0.42263E+02    0.40105E+02    0.48181E+02
   0.12434E+02    0.42728E+02    0.40134E+02    0.48210E+02
   0.12273E+02    0.42766E+02    0.40155E+02    0.48242E+02
   0.12096E+02    0.43243E+02    0.40184E+02    0.48273E+02
   0.11944E+02    0.43278E+02    0.40202E+02    0.48301E+02
   0.11777E+02    0.43765E+02    0.40228E+02    0.48326E+02
   0.11636E+02    0.43797E+02    0.40246E+02    0.48352E+02
   0.11482E+02    0.44289E+02    0.40273E+02    0.48381E+02
   0.11356E+02    0.44318E+02    0.40290E+02    0.48409E+02
   0.11219E+02    0.44809E+02    0.40312E+02    0.48432E+02
   0.11106E+02    0.44834E+02    0.40325E+02    0.48452E+02
   0.10986E+02    0.45324E+02    0.40347E+02    0.48470E+02
   0.10891E+02    0.45345E+02    0.40361E+02    0.48494E+02
   0.10792E+02    0.45826E+02    0.40381E+02    0.48516E+02
   0.10716E+02    0.45842E+02    0.40390E+02    0.48532E+02
   0.10636E+02    0.46311E+02    0.40405E+02    0.48545E+02
   0.10579E+02    0.46322E+02    0.40413E+02    0.48556E+02
   0.10520E+02    0.46778E+02    0.40428E+02    0.48572E+02
   0.10485E+02    0.46784E+02    0.40436E+02    0.48586E+02
   0.10449E+02    0.47217E+02    0.40445E+02    0.48594E+02
   0.10432E+02    0.47218E+02    0.40448E+02    0.48599E+02
   0.10416E+02    0.47632E+02    0.40455E+02    0.48602E+02
   0.10420E+02    0.47628E+02    0.40459E+02    0.48610E+02
   0.10426E+02    0.48016E+02    0.40465E+02    0.48615E+02
   0.10450E+02    0.48007E+02    0.40464E+02    0.48616E+02
   0.10475E+02    0.48366E+02    0.40464E+02    0.48613E+02
   0.10515E+02    0.48353E+02    0.40463E+02    0.48610E+02
   0.10559E+02    0.48685E+02    0.40463E+02    0.48608E+02
   0.10617E+02    0.48667E+02    0.40461E+02    0.48606E+02
   0.10679E+02    0.48964E+02    0.40457E+02    0.48600E+02
   0.10751E+02    0.48943E+02    0.40452E+02    0.48592E+02
   0.10827E+02    0.49209E+02    0.40445E+02    0.48582E+02
   0.10912E+02    0.49185E+02    0.40440E+02    0.48574E+02
   0.11002E+02    0.49416E+02    0.40433E+02    0.48564E+02
   0.11098E+02    0.49390E+02    0.40426E+02    0.48554E+02
   0.11198E+02    0.49586E+02    0.40415E+02    0.48541E+02
   0.11302E+02    0.49557E+02    0.40407E+02    0.48528E+02
   0.11410E+02    0.49720E+02    0.40395E+02    0.48514E+02
   0.11520E+02    0.49690E+02    0.40387E+02    0.48501E+02
   0.11634E+02    0.49818E+02    0.40374E+02    0.48487E+02
   0.11747E+02    0.49787E+02    0.40364E+02    0.48473E+02
   0.11864E+02    0.49882E+02    0.40350E+02    0.48458E+02
   0.11979E+02    0.49851E+02    0.40339E+02    0.48441E+02
   0.12097E+02    0.49914E+02    0.40324E+02    0.48425E+02
   0.12210E+02    0.49884E+02    0.40314E+02    0.48410E+02
   0.12327E+02    0.49916E+02    0.40299E+02    0.48396E+02
   0.12437E+02    0.49886E+02    0.40288E+02    0.48381E+02
   0.12550E+02    0.49889E+02    0.40272E+02    0.48364E+02
   0.12655E+02    0.49861E+02    0.40260E+02    0.48347E+02
   0.12761E+02    0.49838E+02    0.40245E+02    0.48332E+02
   0.12859E+02    0.49812E+02    0.40235E+02    0.48319E+02
   0.12959E+02    0.49763E+02    0.40219E+02    0.48306E+02
   0.13048E+02    0.49740E+02    0.40207E+02    0.48290E+02
   0.13138E+02    0.49669E+02    0.40191E+02    0.48274E+02
   0.13216E+02    0.49649E+02    0.40182E+02    0.48261E+02
   0.13296E+02    0.49558E+02    0.40168E+02    0.48250E+02
   0.13364E+02    0.49541E+02    0.40158E+02    0.48240E+02
   0.13433E+02    0.49431E+02    0.40143E+02    0.48226E+02
   0.13488E+02    0.49417E+02    0.40133E+02    0.48212E+02
   0.13543E+02    0.49294E+02    0.40120E+02    0.48202E+02
   0.13586E+02    0.49283E+02    0.40113E+02    0.48194E+02
   0.13629E+02    0.49145E+02    0.40101E+02    0.48186E+02
   0.13659E+02    0.49139E+02    0.40092E+02    0.48175E+02
   0.13688E+02    0.48990E+02    0.40080E+02    0.48165E+02
   0.13705E+02    0.48987E+02    0.40074E+02    0.48157E+02
   0.13722E+02    0.48831E+02    0.40065E+02    0.48152E+02
   0.13726E+02    0.48831E+02    0.40059E+02    0.48147E+02
