    180
    360
    540
    720
    900
   1080
   1260
   1440
   1620
   1800
   1980
   2160
   2340
   2520
   2700
   2880
   3060
   3240
   3420
   3600
   3780
   3960
   4140
   4320
   4500
   4680
   4860
   5040
   5220
   5400
   5580
   5760
   5940
   6120
   6300
   6480
   6660
   6840
   7020
   7200
   7380
   7560
   7740
   7920
   8100
   8280
   8460
   8640
   8820
   9000
   9180
   9360
   9540
   9720
   9900
  10080
  10260
  10440
  10620
  10800
  10980
  11160
  11340
  11520
  11700
  11880
  12060
  12240
  12420
  12600
  12780
  12960
  13140
  13320
  13500
  13680
  13860
  14040
  14220
  14400
  14580
  14760
  14940
  15120
  15300
  15480
  15660
  15840
  16020
  16200
  16380
  16560
  16740
  16920
  17100
  17280
  17460
  17640
  17820
  18000
  18180
  18360
  18540
  18720
  18900
  19080
  19260
  19440
  19620
  19800
  19980
  20160
  20340
  20520
  20700
  20880
  21060
  21240
  21420
  21600
  21780
  21960
  22140
  22320
  22500
  22680
  22860
  23040
  23220
  23400
  23580
  23760
  23940
  24120
  24300
  24480
  24660
  24840
  25020
  25200
  25380
  25560
  25740
  25920
  26100
  26280
  26460
  26640
  26820
  27000
  27180
  27360
  27540
  27720
  27900
  28080
  28260
  28440
  28620
  28800
  28980
  29160
  29340
  29520
  29700
  29880
  30060
  30240
  30420
  30600
  30780
  30960
  31140
  31320
  31500
  31680
  31860
  32040
  32220
  32400
  32580
  32760
  32940
  33120
  33300
  33480
  33660
  33840
  34020
  34200
  34380
  34560
  34740
  34920
  35100
  35280
  35460
  35640
  35820
  36000
  36180
  36360
  36540
  36720
  36900
  37080
  37260
  37440
  37620
  37800
  37980
  38160
  38340
  38520
  38700
  38880
  39060
  39240
  39420
  39600
  39780
  39960
  40140
  40320
  40500
  40680
  40860
  41040
  41220
  41400
  41580
  41760
  41940
  42120
  42300
  42480
  42660
  42840
  43020
  43200
  43380
  43560
  43740
  43920
  44100
  44280
  44460
  44640
  44820
  45000
  45180
  45360
  45540
  45720
  45900
  46080
  46260
  46440
  46620
  46800
  46980
  47160
  47340
  47520
  47700
  47880
  48060
  48240
  48420
  48600
  48780
  48960
  49140
  49320
  49500
  49680
  49860
  50040
  50220
  50400
  50580
  50760
  50940
  51120
  51300
  51480
  51660
  51840
  52020
  52200
  52380
  52560
  52740
  52920
  53100
  53280
  53460
  53640
  53820
  54000
  54180
  54360
  54540
  54720
  54900
  55080
  55260
  55440
  55620
  55800
  55980
  56160
  56340
  56520
  56700
  56880
  57060
  57240
  57420
  57600
  57780
  57960
  58140
  58320
  58500
  58680
  58860
  59040
  59220
  59400
  59580
  59760
  59940
  60120
  60300
  60480
  60660
  60840
  61020
  61200
  61380
  61560
  61740
  61920
  62100
  62280
  62460
  62640
  62820
  63000
  63180
  63360
  63540
  63720
  63900
  64080
  64260
  64440
  64620
  64800
  64980
  65160
  65340
  65520
  65700
  65880
  66060
  66240
  66420
  66600
  66780
  66960
  67140
  67320
  67500
  67680
  67860
  68040
  68220
  68400
  68580
  68760
  68940
  69120
  69300
  69480
  69660
  69840
  70020
  70200
  70380
  70560
  70740
  70920
  71100
  71280
  71460
  71640
  71820
  72000
  72180
  72360
  72540
  72720
  72900
  73080
  73260
  73440
  73620
  73800
  73980
  74160
  74340
  74520
  74700
  74880
  75060
  75240
  75420
  75600
  75780
  75960
  76140
  76320
  76500
  76680
  76860
  77040
  77220
  77400
  77580
  77760
  77940
  78120
  78300
  78480
  78660
  78840
  79020
  79200
  79380
  79560
  79740
  79920
  80100
  80280
  80460
  80640
  80820
  81000
  81180
  81360
  81540
  81720
  81900
  82080
  82260
  82440
  82620
  82800
  82980
  83160
  83340
  83520
  83700
  83880
  84060
  84240
  84420
  84600
  84780
  84960
  85140
  85320
  85500
  85680
  85860
  86040
  86220
  86400
  86580
  86760
  86940
  87120
  87300
  87480
  87660
  87840
  88020
  88200
  88380
  88560
  88740
  88920
  89100
  89280
  89460
  89640
  89820
  90000
  90180
  90360
  90540
  90720
  90900
  91080
  91260
  91440
  91620
  91800
  91980
  92160
  92340
  92520
  92700
  92880
  93060
  93240
  93420
  93600
  93780
  93960
  94140
  94320
  94500
  94680
  94860
  95040
  95220
  95400
  95580
  95760
  95940
  96120
  96300
  96480
  96660
  96840
  97020
  97200
  97380
  97560
  97740
  97920
  98100
  98280
  98460
  98640
  98820
  99000
  99180
  99360
  99540
  99720
  99900
 100080
 100260
 100440
 100620
 100800
 100980
 101160
 101340
 101520
 101700
 101880
 102060
 102240
 102420
 102600
 102780
 102960
 103140
 103320
 103500
 103680
 103860
 104040
 104220
 104400
 104580
 104760
 104940
 105120
 105300
 105480
 105660
 105840
 106020
 106200
 106380
 106560
 106740
 106920
 107100
 107280
 107460
 107640
 107820
 108000
 108180
 108360
 108540
 108720
 108900
 109080
 109260
 109440
 109620
 109800
 109980
 110160
 110340
 110520
 110700
 110880
 111060
 111240
 111420
 111600
 111780
 111960
 112140
 112320
 112500
 112680
 112860
 113040
 113220
 113400
 113580
 113760
 113940
 114120
 114300
 114480
 114660
 114840
 115020
 115200
 115380
 115560
 115740
 115920
 116100
 116280
 116460
 116640
 116820
 117000
 117180
 117360
 117540
 117720
 117900
 118080
 118260
 118440
 118620
 118800
 118980
 119160
 119340
 119520
 119700
 119880
 120060
 120240
 120420
 120600
 120780
 120960
 121140
 121320
 121500
 121680
 121860
 122040
 122220
 122400
 122580
 122760
 122940
 123120
 123300
 123480
 123660
 123840
 124020
 124200
 124380
 124560
 124740
 124920
 125100
 125280
 125460
 125640
 125820
 126000
 126180
 126360
 126540
 126720
 126900
 127080
 127260
 127440
 127620
 127800
 127980
 128160
 128340
 128520
 128700
 128880
 129060
 129240
 129420
 129600
 129780
 129960
 130140
 130320
 130500
 130680
 130860
 131040
 131220
 131400
 131580
 131760
 131940
 132120
 132300
 132480
 132660
 132840
 133020
 133200
 133380
 133560
 133740
 133920
 134100
 134280
 134460
 134640
 134820
 135000
 135180
 135360
 135540
 135720
 135900
 136080
 136260
 136440
 136620
 136800
 136980
 137160
 137340
 137520
 137700
 137880
 138060
 138240
 138420
 138600
 138780
 138960
 139140
 139320
 139500
 139680
 139860
 140040
 140220
 140400
 140580
 140760
 140940
 141120
 141300
 141480
 141660
 141840
 142020
 142200
 142380
 142560
 142740
 142920
 143100
 143280
 143460
 143640
 143820
 144000
 144180
 144360
 144540
 144720
 144900
 145080
 145260
 145440
 145620
 145800
 145980
 146160
 146340
 146520
 146700
 146880
 147060
 147240
 147420
 147600
 147780
 147960
 148140
 148320
 148500
 148680
 148860
 149040
 149220
 149400
 149580
 149760
 149940
 150120
 150300
 150480
 150660
 150840
 151020
 151200
 151380
 151560
 151740
 151920
 152100
 152280
 152460
 152640
 152820
 153000
 153180
 153360
 153540
 153720
 153900
 154080
 154260
 154440
 154620
 154800
 154980
 155160
 155340
 155520
 155700
 155880
 156060
 156240
 156420
 156600
 156780
 156960
 157140
 157320
 157500
 157680
 157860
 158040
 158220
 158400
 158580
 158760
 158940
 159120
 159300
 159480
 159660
 159840
 160020
 160200
 160380
 160560
 160740
 160920
 161100
 161280
 161460
 161640
 161820
 162000
 162180
 162360
 162540
 162720
 162900
 163080
 163260
 163440
 163620
 163800
 163980
 164160
 164340
 164520
 164700
 164880
 165060
 165240
 165420
 165600
 165780
 165960
 166140
 166320
 166500
 166680
 166860
 167040
 167220
 167400
 167580
 167760
 167940
 168120
 168300
 168480
 168660
 168840
 169020
 169200
 169380
 169560
 169740
 169920
 170100
 170280
 170460
 170640
 170820
 171000
 171180
 171360
 171540
 171720
 171900
 172080
 172260
 172440
 172620
 172800
 172980
 173160
 173340
 173520
 173700
 173880
 174060
 174240
 174420
 174600
 174780
 174960
 175140
 175320
 175500
 175680
 175860
 176040
 176220
 176400
 176580
 176760
 176940
 177120
 177300
 177480
 177660
 177840
 178020
 178200
 178380
 178560
 178740
 178920
 179100
 179280
 179460
 179640
 179820
 180000
 180180
 180360
 180540
 180720
 180900
 181080
 181260
 181440
 181620
 181800
 181980
 182160
 182340
 182520
 182700
 182880
 183060
 183240
 183420
 183600
 183780
 183960
 184140
 184320
 184500
 184680
 184860
 185040
 185220
 185400
 185580
 185760
 185940
 186120
 186300
 186480
 186660
 186840
 187020
 187200
 187380
 187560
 187740
 187920
 188100
 188280
 188460
 188640
 188820
 189000
 189180
 189360
 189540
 189720
 189900
 190080
 190260
 190440
 190620
 190800
 190980
 191160
 191340
 191520
 191700
 191880
 192060
 192240
 192420
 192600
 192780
 192960
 193140
 193320
 193500
 193680
 193860
 194040
 194220
 194400
 194580
 194760
 194940
 195120
 195300
 195480
 195660
 195840
 196020
 196200
 196380
 196560
 196740
 196920
 197100
 197280
 197460
 197640
 197820
 198000
 198180
 198360
 198540
 198720
 198900
 199080
 199260
 199440
 199620
 199800
 199980
 200160
 200340
 200520
 200700
 200880
 201060
 201240
 201420
 201600
 201780
 201960
 202140
 202320
 202500
 202680
 202860
 203040
 203220
 203400
 203580
 203760
 203940
 204120
 204300
 204480
 204660
 204840
 205020
 205200
 205380
 205560
 205740
 205920
 206100
 206280
 206460
 206640
 206820
 207000
 207180
 207360
 207540
 207720
 207900
 208080
 208260
 208440
 208620
 208800
 208980
 209160
 209340
 209520
 209700
 209880
 210060
 210240
 210420
 210600
 210780
 210960
 211140
 211320
 211500
 211680
 211860
 212040
 212220
 212400
 212580
 212760
 212940
 213120
 213300
 213480
 213660
 213840
 214020
 214200
 214380
 214560
 214740
 214920
 215100
 215280
 215460
 215640
 215820
 216000
 216180
 216360
 216540
 216720
 216900
 217080
 217260
 217440
 217620
 217800
 217980
 218160
 218340
 218520
 218700
 218880
 219060
 219240
 219420
 219600
 219780
 219960
 220140
 220320
 220500
 220680
 220860
 221040
 221220
 221400
 221580
 221760
 221940
 222120
 222300
 222480
 222660
 222840
 223020
 223200
 223380
 223560
 223740
 223920
 224100
 224280
 224460
 224640
 224820
 225000
 225180
 225360
 225540
 225720
 225900
 226080
 226260
 226440
 226620
 226800
 226980
 227160
 227340
 227520
 227700
 227880
 228060
 228240
 228420
 228600
 228780
 228960
 229140
 229320
 229500
 229680
 229860
 230040
 230220
 230400
 230580
 230760
 230940
 231120
 231300
 231480
 231660
 231840
 232020
 232200
 232380
 232560
 232740
 232920
 233100
 233280
 233460
 233640
 233820
 234000
 234180
 234360
 234540
 234720
 234900
 235080
 235260
 235440
 235620
 235800
 235980
 236160
 236340
 236520
 236700
 236880
 237060
 237240
 237420
 237600
 237780
 237960
 238140
 238320
 238500
 238680
 238860
 239040
 239220
 239400
 239580
 239760
 239940
 240120
 240300
 240480
 240660
 240840
 241020
 241200
 241380
 241560
 241740
 241920
 242100
 242280
 242460
 242640
 242820
 243000
 243180
 243360
 243540
 243720
 243900
 244080
 244260
 244440
 244620
 244800
 244980
 245160
 245340
 245520
 245700
 245880
 246060
 246240
 246420
 246600
 246780
 246960
 247140
 247320
 247500
 247680
 247860
 248040
 248220
 248400
 248580
 248760
 248940
 249120
 249300
 249480
 249660
 249840
 250020
 250200
 250380
 250560
 250740
 250920
 251100
 251280
 251460
 251640
 251820
 252000
 252180
 252360
 252540
 252720
 252900
 253080
 253260
 253440
 253620
 253800
 253980
 254160
 254340
 254520
 254700
 254880
 255060
 255240
 255420
 255600
 255780
 255960
 256140
 256320
 256500
 256680
 256860
 257040
 257220
 257400
 257580
 257760
 257940
 258120
 258300
 258480
 258660
 258840
 259020
 259200
 259380
 259560
 259740
 259920
 260100
 260280
 260460
 260640
 260820
 261000
 261180
 261360
 261540
 261720
 261900
 262080
 262260
 262440
 262620
 262800
 262980
 263160
 263340
 263520
 263700
 263880
 264060
 264240
 264420
 264600
 264780
 264960
 265140
 265320
 265500
 265680
 265860
 266040
 266220
 266400
 266580
 266760
 266940
 267120
 267300
 267480
 267660
 267840
 268020
 268200
 268380
 268560
 268740
 268920
 269100
 269280
 269460
 269640
 269820
 270000
 270180
 270360
 270540
 270720
 270900
 271080
 271260
 271440
 271620
 271800
 271980
 272160
 272340
 272520
 272700
 272880
 273060
 273240
 273420
 273600
 273780
 273960
 274140
 274320
 274500
 274680
 274860
 275040
 275220
 275400
 275580
 275760
 275940
 276120
 276300
 276480
 276660
 276840
 277020
 277200
 277380
 277560
 277740
 277920
 278100
 278280
 278460
 278640
 278820
 279000
 279180
 279360
 279540
 279720
 279900
 280080
 280260
 280440
 280620
 280800
 280980
 281160
 281340
 281520
 281700
 281880
 282060
 282240
 282420
 282600
 282780
 282960
 283140
 283320
 283500
 283680
 283860
 284040
 284220
 284400
 284580
 284760
 284940
 285120
 285300
 285480
 285660
 285840
 286020
 286200
 286380
 286560
 286740
 286920
 287100
 287280
 287460
 287640
 287820
 288000
 288180
 288360
 288540
 288720
 288900
 289080
 289260
 289440
 289620
 289800
 289980
 290160
 290340
 290520
 290700
 290880
 291060
 291240
 291420
 291600
 291780
 291960
 292140
 292320
 292500
 292680
 292860
 293040
 293220
 293400
 293580
 293760
 293940
 294120
 294300
 294480
 294660
 294840
 295020
 295200
 295380
 295560
 295740
 295920
 296100
 296280
 296460
 296640
 296820
 297000
 297180
 297360
 297540
 297720
 297900
 298080
 298260
 298440
 298620
 298800
 298980
 299160
 299340
 299520
 299700
 299880
 300060
 300240
 300420
 300600
 300780
 300960
 301140
 301320
 301500
 301680
 301860
 302040
 302220
 302400
 302580
 302760
 302940
 303120
 303300
 303480
 303660
 303840
 304020
 304200
 304380
 304560
 304740
 304920
 305100
 305280
 305460
 305640
 305820
 306000
 306180
 306360
 306540
 306720
 306900
 307080
 307260
 307440
 307620
 307800
 307980
 308160
 308340
 308520
 308700
 308880
 309060
 309240
 309420
 309600
 309780
 309960
 310140
 310320
 310500
 310680
 310860
 311040
 311220
 311400
 311580
 311760
 311940
 312120
 312300
 312480
 312660
 312840
 313020
 313200
 313380
 313560
 313740
 313920
 314100
 314280
 314460
 314640
 314820
 315000
 315180
 315360
 315540
 315720
 315900
 316080
 316260
 316440
 316620
 316800
 316980
 317160
 317340
 317520
 317700
 317880
 318060
 318240
 318420
 318600
 318780
 318960
 319140
 319320
 319500
 319680
 319860
 320040
 320220
 320400
 320580
 320760
 320940
 321120
 321300
 321480
 321660
 321840
 322020
 322200
 322380
 322560
 322740
 322920
 323100
 323280
 323460
 323640
 323820
 324000
 324180
 324360
 324540
 324720
 324900
 325080
 325260
 325440
 325620
 325800
 325980
 326160
 326340
 326520
 326700
 326880
 327060
 327240
 327420
 327600
 327780
 327960
 328140
 328320
 328500
 328680
 328860
 329040
 329220
 329400
 329580
 329760
 329940
 330120
 330300
 330480
 330660
 330840
 331020
 331200
 331380
 331560
 331740
 331920
 332100
 332280
 332460
 332640
 332820
 333000
 333180
 333360
 333540
 333720
 333900
 334080
 334260
 334440
 334620
 334800
 334980
 335160
 335340
 335520
 335700
 335880
 336060
 336240
 336420
 336600
 336780
 336960
 337140
 337320
 337500
 337680
 337860
 338040
 338220
 338400
 338580
 338760
 338940
 339120
 339300
 339480
 339660
 339840
 340020
 340200
 340380
 340560
 340740
 340920
 341100
 341280
 341460
 341640
 341820
 342000
 342180
 342360
 342540
 342720
 342900
 343080
 343260
 343440
 343620
 343800
 343980
 344160
 344340
 344520
 344700
 344880
 345060
 345240
 345420
 345600
 345780
 345960
 346140
 346320
 346500
 346680
 346860
 347040
 347220
 347400
 347580
 347760
 347940
 348120
 348300
 348480
 348660
 348840
 349020
 349200
 349380
 349560
 349740
 349920
 350100
 350280
 350460
 350640
 350820
 351000
 351180
 351360
 351540
 351720
 351900
 352080
 352260
 352440
 352620
 352800
 352980
 353160
 353340
 353520
 353700
 353880
 354060
 354240
 354420
 354600
 354780
 354960
 355140
 355320
 355500
 355680
 355860
 356040
 356220
 356400
 356580
 356760
 356940
 357120
 357300
 357480
 357660
 357840
 358020
 358200
 358380
 358560
 358740
 358920
 359100
 359280
 359460
 359640
 359820
 360000
 360180
 360360
 360540
 360720
 360900
 361080
 361260
 361440
 361620
 361800
 361980
 362160
 362340
 362520
 362700
 362880
 363060
 363240
 363420
 363600
 363780
 363960
 364140
 364320
 364500
 364680
 364860
 365040
 365220
 365400
 365580
 365760
 365940
 366120
 366300
 366480
 366660
 366840
 367020
 367200
 367380
 367560
 367740
 367920
 368100
 368280
 368460
 368640
 368820
 369000
 369180
 369360
 369540
 369720
 369900
 370080
 370260
 370440
 370620
 370800
 370980
 371160
 371340
 371520
 371700
 371880
 372060
 372240
 372420
 372600
 372780
 372960
 373140
 373320
 373500
 373680
 373860
 374040
 374220
 374400
 374580
 374760
 374940
 375120
 375300
 375480
 375660
 375840
 376020
 376200
 376380
 376560
 376740
 376920
 377100
 377280
 377460
 377640
 377820
 378000
 378180
 378360
 378540
 378720
 378900
 379080
 379260
 379440
 379620
 379800
 379980
 380160
 380340
 380520
 380700
 380880
 381060
 381240
 381420
 381600
 381780
 381960
 382140
 382320
 382500
 382680
 382860
 383040
 383220
 383400
 383580
 383760
 383940
 384120
 384300
 384480
 384660
 384840
 385020
 385200
 385380
 385560
 385740
 385920
 386100
 386280
 386460
 386640
 386820
 387000
 387180
 387360
 387540
 387720
 387900
 388080
 388260
 388440
 388620
 388800
 388980
 389160
 389340
 389520
 389700
 389880
 390060
 390240
 390420
 390600
 390780
 390960
 391140
 391320
 391500
 391680
 391860
 392040
 392220
 392400
 392580
 392760
 392940
 393120
 393300
 393480
 393660
 393840
 394020
 394200
 394380
 394560
 394740
 394920
 395100
 395280
 395460
 395640
 395820
 396000
 396180
 396360
 396540
 396720
 396900
 397080
 397260
 397440
 397620
 397800
 397980
 398160
 398340
 398520
 398700
 398880
 399060
 399240
 399420
 399600
 399780
 399960
 400140
 400320
 400500
 400680
 400860
 401040
 401220
 401400
 401580
 401760
 401940
 402120
 402300
 402480
 402660
 402840
 403020
 403200
 403380
 403560
 403740
 403920
 404100
 404280
 404460
 404640
 404820
 405000
 405180
 405360
 405540
 405720
 405900
 406080
 406260
 406440
 406620
 406800
 406980
 407160
 407340
 407520
 407700
 407880
 408060
 408240
 408420
 408600
 408780
 408960
 409140
 409320
 409500
 409680
 409860
 410040
 410220
 410400
 410580
 410760
 410940
 411120
 411300
 411480
 411660
 411840
 412020
 412200
 412380
 412560
 412740
 412920
 413100
 413280
 413460
 413640
 413820
 414000
 414180
 414360
 414540
 414720
 414900
 415080
 415260
 415440
 415620
 415800
 415980
 416160
 416340
 416520
 416700
 416880
 417060
 417240
 417420
 417600
 417780
 417960
 418140
 418320
 418500
 418680
 418860
 419040
 419220
 419400
 419580
 419760
 419940
 420120
 420300
 420480
 420660
 420840
 421020
 421200
 421380
 421560
 421740
 421920
 422100
 422280
 422460
 422640
 422820
 423000
 423180
 423360
 423540
 423720
 423900
 424080
 424260
 424440
 424620
 424800
 424980
 425160
 425340
 425520
 425700
 425880
 426060
 426240
 426420
 426600
 426780
 426960
 427140
 427320
 427500
 427680
 427860
 428040
 428220
 428400
 428580
 428760
 428940
 429120
 429300
 429480
 429660
 429840
 430020
 430200
 430380
 430560
 430740
 430920
 431100
 431280
 431460
 431640
 431820
 432000
 432180
 432360
 432540
 432720
 432900
 433080
 433260
 433440
 433620
 433800
 433980
 434160
 434340
 434520
 434700
 434880
 435060
 435240
 435420
 435600
 435780
 435960
 436140
 436320
 436500
 436680
 436860
 437040
 437220
 437400
 437580
 437760
 437940
 438120
 438300
 438480
 438660
 438840
 439020
 439200
 439380
 439560
 439740
 439920
 440100
 440280
 440460
 440640
 440820
 441000
 441180
 441360
 441540
 441720
 441900
 442080
 442260
 442440
 442620
 442800
 442980
 443160
 443340
 443520
 443700
 443880
 444060
 444240
 444420
 444600
 444780
 444960
 445140
 445320
 445500
 445680
 445860
 446040
 446220
 446400
 446580
 446760
 446940
 447120
 447300
 447480
 447660
 447840
 448020
 448200
 448380
 448560
 448740
 448920
 449100
 449280
 449460
 449640
 449820
 450000
 450180
 450360
 450540
 450720
 450900
 451080
 451260
 451440
 451620
 451800
 451980
 452160
 452340
 452520
 452700
 452880
 453060
 453240
 453420
 453600
 453780
 453960
 454140
 454320
 454500
 454680
 454860
 455040
 455220
 455400
 455580
 455760
 455940
 456120
 456300
 456480
 456660
 456840
 457020
 457200
 457380
 457560
 457740
 457920
 458100
 458280
 458460
 458640
 458820
 459000
 459180
 459360
 459540
 459720
 459900
 460080
 460260
 460440
 460620
 460800
 460980
 461160
 461340
 461520
 461700
 461880
 462060
 462240
 462420
 462600
 462780
 462960
 463140
 463320
 463500
 463680
 463860
 464040
 464220
 464400
 464580
 464760
 464940
 465120
 465300
 465480
 465660
 465840
 466020
 466200
 466380
 466560
 466740
 466920
 467100
 467280
 467460
 467640
 467820
 468000
 468180
 468360
 468540
 468720
 468900
 469080
 469260
 469440
 469620
 469800
 469980
 470160
 470340
 470520
 470700
 470880
 471060
 471240
 471420
 471600
 471780
 471960
 472140
 472320
 472500
 472680
 472860
 473040
 473220
 473400
 473580
 473760
 473940
 474120
 474300
 474480
 474660
 474840
 475020
 475200
 475380
 475560
 475740
 475920
 476100
 476280
 476460
 476640
 476820
 477000
 477180
 477360
 477540
 477720
 477900
 478080
 478260
 478440
 478620
 478800
 478980
 479160
 479340
 479520
 479700
 479880
 480060
 480240
 480420
 480600
 480780
 480960
 481140
 481320
 481500
 481680
 481860
 482040
 482220
 482400
 482580
 482760
 482940
 483120
 483300
 483480
 483660
 483840
 484020
 484200
 484380
 484560
 484740
 484920
 485100
 485280
 485460
 485640
 485820
 486000
 486180
 486360
 486540
 486720
 486900
 487080
 487260
 487440
 487620
 487800
 487980
 488160
 488340
 488520
 488700
 488880
 489060
 489240
 489420
 489600
 489780
 489960
 490140
 490320
 490500
 490680
 490860
 491040
 491220
 491400
 491580
 491760
 491940
 492120
 492300
 492480
 492660
 492840
 493020
 493200
 493380
 493560
 493740
 493920
 494100
 494280
 494460
 494640
 494820
 495000
 495180
 495360
 495540
 495720
 495900
 496080
 496260
 496440
 496620
 496800
 496980
 497160
 497340
 497520
 497700
 497880
 498060
 498240
 498420
 498600
 498780
 498960
 499140
 499320
 499500
 499680
 499860
 500040
 500220
 500400
 500580
 500760
 500940
 501120
 501300
 501480
 501660
 501840
 502020
 502200
 502380
 502560
 502740
 502920
 503100
 503280
 503460
 503640
 503820
 504000
 504180
 504360
 504540
 504720
 504900
 505080
 505260
 505440
 505620
 505800
 505980
 506160
 506340
 506520
 506700
 506880
 507060
 507240
 507420
 507600
 507780
 507960
 508140
 508320
 508500
 508680
 508860
 509040
 509220
 509400
 509580
 509760
 509940
 510120
 510300
 510480
 510660
 510840
 511020
 511200
 511380
 511560
 511740
 511920
 512100
 512280
 512460
 512640
 512820
 513000
 513180
 513360
 513540
 513720
 513900
 514080
 514260
 514440
 514620
 514800
 514980
 515160
 515340
 515520
 515700
 515880
 516060
 516240
 516420
 516600
 516780
 516960
 517140
 517320
 517500
 517680
 517860
 518040
 518220
 518400
 518580
 518760
 518940
 519120
 519300
 519480
 519660
 519840
 520020
 520200
 520380
 520560
 520740
 520920
 521100
 521280
 521460
 521640
 521820
 522000
 522180
 522360
 522540
 522720
 522900
 523080
 523260
 523440
 523620
 523800
 523980
 524160
 524340
 524520
 524700
 524880
 525060
 525240
 525420
 525600
 525780
 525960
 526140
 526320
 526500
 526680
 526860
 527040
 527220
 527400
 527580
 527760
 527940
 528120
 528300
 528480
 528660
 528840
 529020
 529200
 529380
 529560
 529740
 529920
 530100
 530280
 530460
 530640
 530820
 531000
 531180
 531360
 531540
 531720
 531900
 532080
 532260
 532440
 532620
 532800
 532980
 533160
 533340
 533520
 533700
 533880
 534060
 534240
 534420
 534600
 534780
 534960
 535140
 535320
 535500
 535680
 535860
 536040
 536220
 536400
 536580
 536760
 536940
 537120
 537300
 537480
 537660
 537840
 538020
 538200
 538380
 538560
 538740
 538920
 539100
 539280
 539460
 539640
 539820
 540000
 540180
 540360
 540540
 540720
 540900
 541080
 541260
 541440
 541620
 541800
 541980
 542160
 542340
 542520
 542700
 542880
 543060
 543240
 543420
 543600
 543780
 543960
 544140
 544320
 544500
 544680
 544860
 545040
 545220
 545400
 545580
 545760
 545940
 546120
 546300
 546480
 546660
 546840
 547020
 547200
 547380
 547560
 547740
 547920
 548100
 548280
 548460
 548640
 548820
 549000
 549180
 549360
 549540
 549720
 549900
 550080
 550260
 550440
 550620
 550800
 550980
 551160
 551340
 551520
 551700
 551880
 552060
 552240
 552420
 552600
 552780
 552960
 553140
 553320
 553500
 553680
 553860
 554040
 554220
 554400
 554580
 554760
 554940
 555120
 555300
 555480
 555660
 555840
 556020
 556200
 556380
 556560
 556740
 556920
 557100
 557280
 557460
 557640
 557820
 558000
 558180
 558360
 558540
 558720
 558900
 559080
 559260
 559440
 559620
 559800
 559980
 560160
 560340
 560520
 560700
 560880
 561060
 561240
 561420
 561600
 561780
 561960
 562140
 562320
 562500
 562680
 562860
 563040
 563220
 563400
 563580
 563760
 563940
 564120
 564300
 564480
 564660
 564840
 565020
 565200
 565380
 565560
 565740
 565920
 566100
 566280
 566460
 566640
 566820
 567000
 567180
 567360
 567540
 567720
 567900
 568080
 568260
 568440
 568620
 568800
 568980
 569160
 569340
 569520
 569700
 569880
 570060
 570240
 570420
 570600
 570780
 570960
 571140
 571320
 571500
 571680
 571860
 572040
 572220
 572400
 572580
 572760
 572940
 573120
 573300
 573480
 573660
 573840
 574020
 574200
 574380
 574560
 574740
 574920
 575100
 575280
 575460
 575640
 575820
 576000
 576180
 576360
 576540
 576720
 576900
 577080
 577260
 577440
 577620
 577800
 577980
 578160
 578340
 578520
 578700
 578880
 579060
 579240
 579420
 579600
 579780
 579960
 580140
 580320
 580500
 580680
 580860
 581040
 581220
 581400
 581580
 581760
 581940
 582120
 582300
 582480
 582660
 582840
 583020
 583200
 583380
 583560
 583740
 583920
 584100
 584280
 584460
 584640
 584820
 585000
 585180
 585360
 585540
 585720
 585900
 586080
 586260
 586440
 586620
 586800
 586980
 587160
 587340
 587520
 587700
 587880
 588060
 588240
 588420
 588600
 588780
 588960
 589140
 589320
 589500
 589680
 589860
 590040
 590220
 590400
 590580
 590760
 590940
 591120
 591300
 591480
 591660
 591840
 592020
 592200
 592380
 592560
 592740
 592920
 593100
 593280
 593460
 593640
 593820
 594000
 594180
 594360
 594540
 594720
 594900
 595080
 595260
 595440
 595620
 595800
 595980
 596160
 596340
 596520
 596700
 596880
 597060
 597240
 597420
 597600
 597780
 597960
 598140
 598320
 598500
 598680
 598860
 599040
 599220
 599400
 599580
 599760
 599940
 600120
 600300
 600480
 600660
 600840
 601020
 601200
 601380
 601560
 601740
 601920
 602100
 602280
 602460
 602640
 602820
 603000
 603180
 603360
 603540
 603720
 603900
 604080
 604260
 604440
 604620
 604800
 604980
 605160
 605340
 605520
 605700
 605880
 606060
 606240
 606420
 606600
 606780
 606960
 607140
 607320
 607500
 607680
 607860
 608040
 608220
 608400
 608580
 608760
 608940
 609120
 609300
 609480
 609660
 609840
 610020
 610200
 610380
 610560
 610740
 610920
 611100
 611280
 611460
 611640
 611820
 612000
 612180
 612360
 612540
 612720
 612900
 613080
 613260
 613440
 613620
 613800
 613980
 614160
 614340
 614520
 614700
 614880
 615060
 615240
 615420
 615600
 615780
 615960
 616140
 616320
 616500
 616680
 616860
 617040
 617220
 617400
 617580
 617760
 617940
 618120
 618300
 618480
 618660
 618840
 619020
 619200
 619380
 619560
 619740
 619920
 620100
 620280
 620460
 620640
 620820
 621000
 621180
 621360
 621540
 621720
 621900
 622080
 622260
 622440
 622620
 622800
 622980
 623160
 623340
 623520
 623700
 623880
 624060
 624240
 624420
 624600
 624780
 624960
 625140
 625320
 625500
 625680
 625860
 626040
 626220
 626400
 626580
 626760
 626940
 627120
 627300
 627480
 627660
 627840
 628020
 628200
 628380
 628560
 628740
 628920
 629100
 629280
 629460
 629640
 629820
 630000
 630180
 630360
 630540
 630720
 630900
 631080
 631260
 631440
 631620
 631800
 631980
 632160
 632340
 632520
 632700
 632880
 633060
 633240
 633420
 633600
 633780
 633960
 634140
 634320
 634500
 634680
 634860
 635040
 635220
 635400
 635580
 635760
 635940
 636120
 636300
 636480
 636660
 636840
 637020
 637200
 637380
 637560
 637740
 637920
 638100
 638280
 638460
 638640
 638820
 639000
 639180
 639360
 639540
 639720
 639900
 640080
 640260
 640440
 640620
 640800
 640980
 641160
 641340
 641520
 641700
 641880
 642060
 642240
 642420
 642600
 642780
 642960
 643140
 643320
 643500
 643680
 643860
 644040
 644220
 644400
 644580
 644760
 644940
 645120
 645300
 645480
 645660
 645840
 646020
 646200
 646380
 646560
 646740
 646920
 647100
 647280
 647460
 647640
 647820
 648000
 648180
 648360
 648540
 648720
 648900
 649080
 649260
 649440
 649620
 649800
 649980
 650160
 650340
 650520
 650700
 650880
 651060
 651240
 651420
 651600
 651780
 651960
 652140
 652320
 652500
 652680
 652860
 653040
 653220
 653400
 653580
 653760
 653940
 654120
 654300
 654480
 654660
 654840
 655020
 655200
 655380
 655560
 655740
 655920
 656100
 656280
 656460
 656640
 656820
 657000
 657180
 657360
 657540
 657720
 657900
 658080
 658260
 658440
 658620
 658800
 658980
 659160
 659340
 659520
 659700
 659880
 660060
 660240
 660420
 660600
 660780
 660960
 661140
 661320
 661500
 661680
 661860
 662040
 662220
 662400
 662580
 662760
 662940
 663120
 663300
 663480
 663660
 663840
 664020
 664200
 664380
 664560
 664740
 664920
 665100
 665280
 665460
 665640
 665820
 666000
 666180
 666360
 666540
 666720
 666900
 667080
 667260
 667440
 667620
 667800
 667980
 668160
 668340
 668520
 668700
 668880
 669060
 669240
 669420
 669600
 669780
 669960
 670140
 670320
 670500
 670680
 670860
 671040
 671220
 671400
 671580
 671760
 671940
 672120
 672300
 672480
 672660
 672840
 673020
 673200
 673380
 673560
 673740
 673920
 674100
 674280
 674460
 674640
 674820
 675000
 675180
 675360
 675540
 675720
 675900
 676080
 676260
 676440
 676620
 676800
 676980
 677160
 677340
 677520
 677700
 677880
 678060
 678240
 678420
 678600
 678780
 678960
 679140
 679320
 679500
 679680
 679860
 680040
 680220
 680400
 680580
 680760
 680940
 681120
 681300
 681480
 681660
 681840
 682020
 682200
 682380
 682560
 682740
 682920
 683100
 683280
 683460
 683640
 683820
 684000
 684180
 684360
 684540
 684720
 684900
 685080
 685260
 685440
 685620
 685800
 685980
 686160
 686340
 686520
 686700
 686880
 687060
 687240
 687420
 687600
 687780
 687960
 688140
 688320
 688500
 688680
 688860
 689040
 689220
 689400
 689580
 689760
 689940
 690120
 690300
 690480
 690660
 690840
 691020
 691200
 691380
 691560
 691740
 691920
 692100
 692280
 692460
 692640
 692820
 693000
 693180
 693360
 693540
 693720
 693900
 694080
 694260
 694440
 694620
 694800
 694980
 695160
 695340
 695520
 695700
 695880
 696060
 696240
 696420
 696600
 696780
 696960
 697140
 697320
 697500
 697680
 697860
 698040
 698220
 698400
 698580
 698760
 698940
 699120
 699300
 699480
 699660
 699840
 700020
 700200
 700380
 700560
 700740
 700920
 701100
 701280
 701460
 701640
 701820
 702000
 702180
 702360
 702540
 702720
 702900
 703080
 703260
 703440
 703620
 703800
 703980
 704160
 704340
 704520
 704700
 704880
 705060
 705240
 705420
 705600
 705780
 705960
 706140
 706320
 706500
 706680
 706860
 707040
 707220
 707400
 707580
 707760
 707940
 708120
 708300
 708480
 708660
 708840
 709020
 709200
 709380
 709560
 709740
 709920
 710100
 710280
 710460
 710640
 710820
 711000
 711180
 711360
 711540
 711720
 711900
 712080
 712260
 712440
 712620
 712800
 712980
 713160
 713340
 713520
 713700
 713880
 714060
 714240
 714420
 714600
 714780
 714960
 715140
 715320
 715500
 715680
 715860
 716040
 716220
 716400
 716580
 716760
 716940
 717120
 717300
 717480
 717660
 717840
 718020
 718200
 718380
 718560
 718740
 718920
 719100
 719280
 719460
 719640
 719820
 720000
 720180
 720360
 720540
 720720
 720900
 721080
 721260
 721440
 721620
 721800
 721980
 722160
 722340
 722520
 722700
 722880
 723060
 723240
 723420
 723600
 723780
 723960
 724140
 724320
 724500
 724680
 724860
 725040
 725220
 725400
 725580
 725760
 725940
 726120
 726300
 726480
 726660
 726840
 727020
 727200
 727380
 727560
 727740
 727920
 728100
 728280
 728460
 728640
 728820
 729000
 729180
 729360
 729540
 729720
 729900
 730080
 730260
 730440
 730620
 730800
 730980
 731160
 731340
 731520
 731700
 731880
 732060
 732240
 732420
 732600
 732780
 732960
 733140
 733320
 733500
 733680
 733860
 734040
 734220
 734400
 734580
 734760
 734940
 735120
 735300
 735480
 735660
 735840
 736020
 736200
 736380
 736560
 736740
 736920
 737100
 737280
 737460
 737640
 737820
 738000
 738180
 738360
 738540
 738720
 738900
 739080
 739260
 739440
 739620
 739800
 739980
 740160
 740340
 740520
 740700
 740880
 741060
 741240
 741420
 741600
 741780
 741960
 742140
 742320
 742500
 742680
 742860
 743040
 743220
 743400
 743580
 743760
 743940
 744120
 744300
 744480
 744660
 744840
 745020
 745200
 745380
 745560
 745740
 745920
 746100
 746280
 746460
 746640
 746820
 747000
 747180
 747360
 747540
 747720
 747900
 748080
 748260
 748440
 748620
 748800
 748980
 749160
 749340
 749520
 749700
 749880
 750060
 750240
 750420
 750600
 750780
 750960
 751140
 751320
 751500
 751680
 751860
 752040
 752220
 752400
 752580
 752760
 752940
 753120
 753300
 753480
 753660
 753840
 754020
 754200
 754380
 754560
 754740
 754920
 755100
 755280
 755460
 755640
 755820
 756000
 756180
 756360
 756540
 756720
 756900
 757080
 757260
 757440
 757620
 757800
 757980
 758160
 758340
 758520
 758700
 758880
 759060
 759240
 759420
 759600
 759780
 759960
 760140
 760320
 760500
 760680
 760860
 761040
 761220
 761400
 761580
 761760
 761940
 762120
 762300
 762480
 762660
 762840
 763020
 763200
 763380
 763560
 763740
 763920
 764100
 764280
 764460
 764640
 764820
 765000
 765180
 765360
 765540
 765720
 765900
 766080
 766260
 766440
 766620
 766800
 766980
 767160
 767340
 767520
 767700
 767880
 768060
 768240
 768420
 768600
 768780
 768960
 769140
 769320
 769500
 769680
 769860
 770040
 770220
 770400
 770580
 770760
 770940
 771120
 771300
 771480
 771660
 771840
 772020
 772200
 772380
 772560
 772740
 772920
 773100
 773280
 773460
 773640
 773820
 774000
 774180
 774360
 774540
 774720
 774900
 775080
 775260
 775440
 775620
 775800
 775980
 776160
 776340
 776520
 776700
 776880
 777060
 777240
 777420
 777600
 777780
 777960
 778140
 778320
 778500
 778680
 778860
 779040
 779220
 779400
 779580
 779760
 779940
 780120
 780300
 780480
 780660
 780840
 781020
 781200
 781380
 781560
 781740
 781920
 782100
 782280
 782460
 782640
 782820
 783000
 783180
 783360
 783540
 783720
 783900
 784080
 784260
 784440
 784620
 784800
 784980
 785160
 785340
 785520
 785700
 785880
 786060
 786240
 786420
 786600
 786780
 786960
 787140
 787320
 787500
 787680
 787860
 788040
 788220
 788400
 788580
 788760
 788940
 789120
 789300
 789480
 789660
 789840
 790020
 790200
 790380
 790560
 790740
 790920
 791100
 791280
 791460
 791640
 791820
 792000
 792180
 792360
 792540
 792720
 792900
 793080
 793260
 793440
 793620
 793800
 793980
 794160
 794340
 794520
 794700
 794880
 795060
 795240
 795420
 795600
 795780
 795960
 796140
 796320
 796500
 796680
 796860
 797040
 797220
 797400
 797580
 797760
 797940
 798120
 798300
 798480
 798660
 798840
 799020
 799200
 799380
 799560
 799740
 799920
 800100
 800280
 800460
 800640
 800820
 801000
 801180
 801360
 801540
 801720
 801900
 802080
 802260
 802440
 802620
 802800
 802980
 803160
 803340
 803520
 803700
 803880
 804060
 804240
 804420
 804600
 804780
 804960
 805140
 805320
 805500
 805680
 805860
 806040
 806220
 806400
 806580
 806760
 806940
 807120
 807300
 807480
 807660
 807840
 808020
 808200
 808380
 808560
 808740
 808920
 809100
 809280
 809460
 809640
 809820
 810000
 810180
 810360
 810540
 810720
 810900
 811080
 811260
 811440
 811620
 811800
 811980
 812160
 812340
 812520
 812700
 812880
 813060
 813240
 813420
 813600
 813780
 813960
 814140
 814320
 814500
 814680
 814860
 815040
 815220
 815400
 815580
 815760
 815940
 816120
 816300
 816480
 816660
 816840
 817020
 817200
 817380
 817560
 817740
 817920
 818100
 818280
 818460
 818640
 818820
 819000
 819180
 819360
 819540
 819720
 819900
 820080
 820260
 820440
 820620
 820800
 820980
 821160
 821340
 821520
 821700
 821880
 822060
 822240
 822420
 822600
 822780
 822960
 823140
 823320
 823500
 823680
 823860
 824040
 824220
 824400
 824580
 824760
 824940
 825120
 825300
 825480
 825660
 825840
 826020
 826200
 826380
 826560
 826740
 826920
 827100
 827280
 827460
 827640
 827820
 828000
 828180
 828360
 828540
 828720
 828900
 829080
 829260
 829440
 829620
 829800
 829980
 830160
 830340
 830520
 830700
 830880
 831060
 831240
 831420
 831600
 831780
 831960
 832140
 832320
 832500
 832680
 832860
 833040
 833220
 833400
 833580
 833760
 833940
 834120
 834300
 834480
 834660
 834840
 835020
 835200
 835380
 835560
 835740
 835920
 836100
 836280
 836460
 836640
 836820
 837000
 837180
 837360
 837540
 837720
 837900
 838080
 838260
 838440
 838620
 838800
 838980
 839160
 839340
 839520
 839700
 839880
 840060
 840240
 840420
 840600
 840780
 840960
 841140
 841320
 841500
 841680
 841860
 842040
 842220
 842400
 842580
 842760
 842940
 843120
 843300
 843480
 843660
 843840
 844020
 844200
 844380
 844560
 844740
 844920
 845100
 845280
 845460
 845640
 845820
 846000
 846180
 846360
 846540
 846720
 846900
 847080
 847260
 847440
 847620
 847800
 847980
 848160
 848340
 848520
 848700
 848880
 849060
 849240
 849420
 849600
 849780
 849960
 850140
 850320
 850500
 850680
 850860
 851040
 851220
 851400
 851580
 851760
 851940
 852120
 852300
 852480
 852660
 852840
 853020
 853200
 853380
 853560
 853740
 853920
 854100
 854280
 854460
 854640
 854820
 855000
 855180
 855360
 855540
 855720
 855900
 856080
 856260
 856440
 856620
 856800
 856980
 857160
 857340
 857520
 857700
 857880
 858060
 858240
 858420
 858600
 858780
 858960
 859140
 859320
 859500
 859680
 859860
 860040
 860220
 860400
 860580
 860760
 860940
 861120
 861300
 861480
 861660
 861840
 862020
 862200
 862380
 862560
 862740
 862920
 863100
 863280
 863460
 863640
 863820
 864000
 864180
 864360
 864540
 864720
 864900
 865080
 865260
 865440
 865620
 865800
 865980
 866160
 866340
 866520
 866700
 866880
 867060
 867240
 867420
 867600
 867780
 867960
 868140
 868320
 868500
 868680
 868860
 869040
 869220
 869400
 869580
 869760
 869940
 870120
 870300
 870480
 870660
 870840
 871020
 871200
 871380
 871560
 871740
 871920
 872100
 872280
 872460
 872640
 872820
 873000
 873180
 873360
 873540
 873720
 873900
 874080
 874260
 874440
 874620
 874800
 874980
 875160
 875340
 875520
 875700
 875880
 876060
 876240
 876420
 876600
 876780
 876960
 877140
 877320
 877500
 877680
 877860
 878040
 878220
 878400
 878580
 878760
 878940
 879120
 879300
 879480
 879660
 879840
 880020
 880200
 880380
 880560
 880740
 880920
 881100
 881280
 881460
 881640
 881820
 882000
 882180
 882360
 882540
 882720
 882900
 883080
 883260
 883440
 883620
 883800
 883980
 884160
 884340
 884520
 884700
 884880
 885060
 885240
 885420
 885600
 885780
 885960
 886140
 886320
 886500
 886680
 886860
 887040
 887220
 887400
 887580
 887760
 887940
 888120
 888300
 888480
 888660
 888840
 889020
 889200
 889380
 889560
 889740
 889920
 890100
 890280
 890460
 890640
 890820
 891000
 891180
 891360
 891540
 891720
 891900
 892080
 892260
 892440
 892620
 892800
 892980
 893160
 893340
 893520
 893700
 893880
 894060
 894240
 894420
 894600
 894780
 894960
 895140
 895320
 895500
 895680
 895860
 896040
 896220
 896400
 896580
 896760
 896940
 897120
 897300
 897480
 897660
 897840
 898020
 898200
 898380
 898560
 898740
 898920
 899100
 899280
 899460
 899640
 899820
 900000
 900180
 900360
 900540
 900720
 900900
 901080
 901260
 901440
 901620
 901800
 901980
 902160
 902340
 902520
 902700
 902880
 903060
 903240
 903420
 903600
 903780
 903960
 904140
 904320
 904500
 904680
 904860
 905040
 905220
 905400
 905580
 905760
 905940
 906120
 906300
 906480
 906660
 906840
 907020
 907200
 907380
 907560
 907740
 907920
 908100
 908280
 908460
 908640
 908820
 909000
 909180
 909360
 909540
 909720
 909900
 910080
 910260
 910440
 910620
 910800
 910980
 911160
 911340
 911520
 911700
 911880
 912060
 912240
 912420
 912600
 912780
 912960
 913140
 913320
 913500
 913680
 913860
 914040
 914220
 914400
 914580
 914760
 914940
 915120
 915300
 915480
 915660
 915840
 916020
 916200
 916380
 916560
 916740
 916920
 917100
 917280
 917460
 917640
 917820
 918000
 918180
 918360
 918540
 918720
 918900
 919080
 919260
 919440
 919620
 919800
 919980
 920160
 920340
 920520
 920700
 920880
 921060
 921240
 921420
 921600
 921780
 921960
 922140
 922320
 922500
 922680
 922860
 923040
 923220
 923400
 923580
 923760
 923940
 924120
 924300
 924480
 924660
 924840
 925020
 925200
 925380
 925560
 925740
 925920
 926100
 926280
 926460
 926640
 926820
 927000
 927180
 927360
 927540
 927720
 927900
 928080
 928260
 928440
 928620
 928800
 928980
 929160
 929340
 929520
 929700
 929880
 930060
 930240
 930420
 930600
 930780
 930960
 931140
 931320
 931500
 931680
 931860
 932040
 932220
 932400
 932580
 932760
 932940
 933120
 933300
 933480
 933660
 933840
 934020
 934200
 934380
 934560
 934740
 934920
 935100
 935280
 935460
 935640
 935820
 936000
 936180
 936360
 936540
 936720
 936900
 937080
 937260
 937440
 937620
 937800
 937980
 938160
 938340
 938520
 938700
 938880
 939060
 939240
 939420
 939600
 939780
 939960
 940140
 940320
 940500
 940680
 940860
 941040
 941220
 941400
 941580
 941760
 941940
 942120
 942300
 942480
 942660
 942840
 943020
 943200
 943380
 943560
 943740
 943920
 944100
 944280
 944460
 944640
 944820
 945000
 945180
 945360
 945540
 945720
 945900
 946080
 946260
 946440
 946620
 946800
 946980
 947160
 947340
 947520
 947700
 947880
 948060
 948240
 948420
 948600
 948780
 948960
 949140
 949320
 949500
 949680
 949860
 950040
 950220
 950400
 950580
 950760
 950940
 951120
 951300
 951480
 951660
 951840
 952020
 952200
 952380
 952560
 952740
 952920
 953100
 953280
 953460
 953640
 953820
 954000
 954180
 954360
 954540
 954720
 954900
 955080
 955260
 955440
 955620
 955800
 955980
 956160
 956340
 956520
 956700
 956880
 957060
 957240
 957420
 957600
 957780
 957960
 958140
 958320
 958500
 958680
 958860
 959040
 959220
 959400
 959580
 959760
 959940
 960120
 960300
 960480
 960660
 960840
 961020
 961200
 961380
 961560
 961740
 961920
 962100
 962280
 962460
 962640
 962820
 963000
 963180
 963360
 963540
 963720
 963900
 964080
 964260
 964440
 964620
 964800
 964980
 965160
 965340
 965520
 965700
 965880
 966060
 966240
 966420
 966600
 966780
 966960
 967140
 967320
 967500
 967680
 967860
 968040
 968220
 968400
 968580
 968760
 968940
 969120
 969300
 969480
 969660
 969840
 970020
 970200
 970380
 970560
 970740
 970920
 971100
 971280
 971460
 971640
 971820
 972000
 972180
 972360
 972540
 972720
 972900
 973080
 973260
 973440
 973620
 973800
 973980
 974160
 974340
 974520
 974700
 974880
 975060
 975240
 975420
 975600
 975780
 975960
 976140
 976320
 976500
 976680
 976860
 977040
 977220
 977400
 977580
 977760
 977940
 978120
 978300
 978480
 978660
 978840
 979020
 979200
 979380
 979560
 979740
 979920
 980100
 980280
 980460
 980640
 980820
 981000
 981180
 981360
 981540
 981720
 981900
 982080
 982260
 982440
 982620
 982800
 982980
 983160
 983340
 983520
 983700
 983880
 984060
 984240
 984420
 984600
 984780
 984960
 985140
 985320
 985500
 985680
 985860
 986040
 986220
 986400
 986580
 986760
 986940
 987120
 987300
 987480
 987660
 987840
 988020
 988200
 988380
 988560
 988740
 988920
 989100
 989280
 989460
 989640
 989820
 990000
 990180
 990360
 990540
 990720
 990900
 991080
 991260
 991440
 991620
 991800
 991980
 992160
 992340
 992520
 992700
 992880
 993060
 993240
 993420
 993600
 993780
 993960
 994140
 994320
 994500
 994680
 994860
 995040
 995220
 995400
 995580
 995760
 995940
 996120
 996300
 996480
 996660
 996840
 997020
 997200
 997380
 997560
 997740
 997920
 998100
 998280
 998460
 998640
 998820
 999000
 999180
 999360
 999540
 999720
 999900
 ******
 ******
 ******
 ******
 ******
 ******
 ******
 ******
 ******
 ******
 ******
 ******
 ******
 ******
 ******
 ******
 ******
 ******
 ******
 ******
 ******
 ******
 ******
 ******
 ******
 ******
 ******
 ******
 ******
 ******
 ******
 ******
 ******
 ******
 ******
 ******
 ******
 ******
 ******
 ******
 ******
 ******
 ******
 ******
 ******
 ******
 ******
 ******
 ******
 ******
 ******
 ******
 ******
 ******
 ******
 ******
 ******
 ******
 ******
 ******
 ******
 ******
 ******
 ******
 ******
 ******
 ******
 ******
 ******
 ******
 ******
 ******
 ******
 ******
 ******
 ******
 ******
 ******
 ******
 ******
 ******
 ******
 ******
 ******
 ******
 ******
 ******
 ******
 ******
 ******
 ******
 ******
 ******
 ******
 ******
 ******
 ******
 ******
 ******
 ******
 ******
 ******
 ******
 ******
 ******
 ******
 ******
 ******
 ******
 ******
 ******
 ******
 ******
 ******
 ******
 ******
 ******
 ******
 ******
 ******
 ******
 ******
 ******
 ******
 ******
 ******
 ******
 ******
 ******
 ******
 ******
 ******
 ******
 ******
 ******
 ******
 ******
 ******
 ******
 ******
 ******
 ******
 ******
 ******
 ******
 ******
 ******
 ******
 ******
 ******
 ******
 ******
 ******
 ******
 ******
 ******
 ******
 ******
 ******
 ******
 ******
 ******
 ******
 ******
 ******
 ******
 ******
 ******
 ******
 ******
 ******
 ******
 ******
 ******
 ******
 ******
 ******
 ******
 ******
 ******
 ******
 ******
 ******
 ******
 ******
 ******
 ******
 ******
 ******
 ******
 ******
 ******
 ******
 ******
 ******
 ******
 ******
 ******
 ******
 ******
 ******
 ******
 ******
 ******
 ******
 ******
 ******
 ******
 ******
 ******
 ******
 ******
 ******
 ******
 ******
 ******
 ******
 ******
 ******
 ******
 ******
 ******
 ******
 ******
 ******
 ******
 ******
 ******
 ******
 ******
 ******
 ******
 ******
 ******
 ******
 ******
 ******
 ******
 ******
 ******
 ******
 ******
 ******
 ******
 ******
 ******
 ******
 ******
 ******
 ******
 ******
 ******
 ******
 ******
 ******
 ******
 ******
 ******
 ******
 ******
 ******
 ******
 ******
 ******
 ******
 ******
 ******
 ******
 ******
 ******
 ******
 ******
 ******
 ******
 ******
 ******
 ******
 ******
 ******
 ******
 ******
 ******
 ******
 ******
 ******
 ******
 ******
 ******
 ******
 ******
 ******
 ******
 ******
 ******
 ******
 ******
 ******
 ******
 ******
 ******
 ******
 ******
 ******
 ******
 ******
 ******
 ******
 ******
 ******
 ******
 ******
 ******
 ******
 ******
 ******
 ******
 ******
 ******
 ******
 ******
 ******
 ******
 ******
 ******
 ******
 ******
 ******
 ******
 ******
 ******
 ******
 ******
 ******
 ******
 ******
 ******
 ******
 ******
 ******
 ******
 ******
 ******
 ******
 ******
 ******
 ******
 ******
 ******
 ******
 ******
 ******
 ******
 ******
 ******
 ******
 ******
 ******
 ******
 ******
 ******
 ******
 ******
 ******
 ******
 ******
 ******
 ******
 ******
 ******
 ******
 ******
 ******
 ******
 ******
 ******
 ******
 ******
 ******
 ******
 ******
 ******
 ******
 ******
 ******
 ******
 ******
 ******
 ******
 ******
 ******
 ******
 ******
 ******
 ******
 ******
 ******
 ******
 ******
 ******
 ******
 ******
 ******
 ******
 ******
 ******
 ******
 ******
 ******
 ******
 ******
 ******
 ******
 ******
 ******
 ******
 ******
 ******
 ******
 ******
 ******
 ******
 ******
 ******
 ******
 ******
 ******
 ******
 ******
 ******
 ******
 ******
 ******
 ******
 ******
 ******
 ******
 ******
 ******
 ******
 ******
 ******
 ******
 ******
 ******
 ******
 ******
 ******
 ******
 ******
 ******
 ******
 ******
 ******
 ******
 ******
 ******
 ******
 ******
 ******
 ******
 ******
 ******
 ******
 ******
 ******
 ******
 ******
 ******
 ******
 ******
 ******
 ******
 ******
 ******
 ******
 ******
 ******
 ******
 ******
 ******
 ******
 ******
 ******
 ******
 ******
 ******
 ******
 ******
 ******
 ******
 ******
 ******
 ******
 ******
 ******
 ******
 ******
 ******
 ******
 ******
 ******
 ******
 ******
 ******
 ******
 ******
 ******
 ******
 ******
 ******
 ******
 ******
 ******
 ******
 ******
 ******
 ******
 ******
 ******
 ******
 ******
 ******
 ******
 ******
 ******
 ******
 ******
 ******
 ******
 ******
 ******
 ******
 ******
 ******
 ******
 ******
 ******
 ******
 ******
 ******
 ******
 ******
 ******
 ******
 ******
 ******
 ******
 ******
 ******
 ******
 ******
 ******
 ******
 ******
 ******
 ******
 ******
 ******
 ******
 ******
 ******
 ******
 ******
 ******
 ******
 ******
 ******
 ******
 ******
 ******
 ******
 ******
 ******
 ******
 ******
 ******
 ******
 ******
 ******
 ******
 ******
 ******
 ******
 ******
 ******
 ******
 ******
 ******
 ******
 ******
 ******
 ******
 ******
 ******
 ******
 ******
 ******
 ******
 ******
 ******
 ******
 ******
 ******
 ******
 ******
 ******
 ******
 ******
 ******
 ******
 ******
 ******
 ******
 ******
 ******
 ******
 ******
 ******
 ******
 ******
 ******
 ******
 ******
 ******
 ******
 ******
 ******
 ******
 ******
 ******
 ******
 ******
 ******
 ******
 ******
 ******
 ******
 ******
 ******
 ******
 ******
 ******
 ******
 ******
 ******
 ******
 ******
 ******
 ******
 ******
 ******
 ******
 ******
 ******
 ******
 ******
 ******
 ******
 ******
 ******
 ******
 ******
 ******
 ******
 ******
 ******
 ******
 ******
 ******
 ******
 ******
 ******
 ******
 ******
 ******
 ******
 ******
 ******
 ******
 ******
 ******
 ******
 ******
 ******
 ******
 ******
 ******
 ******
 ******
 ******
 ******
 ******
 ******
 ******
 ******
 ******
 ******
 ******
 ******
 ******
 ******
 ******
 ******
 ******
 ******
 ******
 ******
 ******
 ******
 ******
 ******
 ******
 ******
 ******
 ******
 ******
 ******
 ******
 ******
 ******
 ******
 ******
 ******
 ******
 ******
 ******
 ******
 ******
 ******
 ******
 ******
 ******
 ******
 ******
 ******
 ******
 ******
 ******
 ******
 ******
 ******
 ******
 ******
 ******
 ******
 ******
 ******
 ******
 ******
 ******
 ******
 ******
 ******
 ******
 ******
 ******
 ******
 ******
 ******
 ******
 ******
 ******
 ******
 ******
 ******
 ******
 ******
 ******
 ******
 ******
 ******
 ******
 ******
 ******
 ******
 ******
 ******
 ******
 ******
 ******
 ******
 ******
 ******
 ******
 ******
 ******
 ******
 ******
 ******
 ******
 ******
 ******
 ******
 ******
 ******
 ******
 ******
 ******
 ******
 ******
 ******
 ******
 ******
 ******
 ******
 ******
 ******
 ******
 ******
 ******
 ******
 ******
 ******
 ******
 ******
 ******
 ******
 ******
 ******
 ******
 ******
 ******
 ******
 ******
 ******
 ******
 ******
 ******
 ******
 ******
 ******
 ******
 ******
 ******
 ******
 ******
 ******
 ******
 ******
 ******
 ******
 ******
 ******
 ******
 ******
 ******
 ******
 ******
 ******
 ******
 ******
 ******
 ******
 ******
 ******
 ******
 ******
 ******
 ******
 ******
 ******
 ******
 ******
 ******
 ******
 ******
 ******
 ******
 ******
 ******
 ******
 ******
 ******
 ******
 ******
 ******
 ******
 ******
 ******
 ******
 ******
 ******
 ******
 ******
 ******
 ******
 ******
 ******
 ******
 ******
 ******
 ******
 ******
 ******
 ******
 ******
 ******
 ******
 ******
 ******
 ******
 ******
 ******
 ******
 ******
 ******
 ******
 ******
 ******
 ******
 ******
 ******
 ******
 ******
 ******
 ******
 ******
 ******
 ******
 ******
 ******
 ******
 ******
 ******
 ******
 ******
 ******
 ******
 ******
 ******
 ******
 ******
 ******
 ******
 ******
 ******
 ******
 ******
 ******
 ******
 ******
 ******
 ******
 ******
 ******
 ******
 ******
 ******
 ******
 ******
 ******
 ******
 ******
 ******
 ******
 ******
 ******
 ******
 ******
 ******
 ******
 ******
 ******
 ******
 ******
 ******
 ******
 ******
 ******
 ******
 ******
 ******
 ******
 ******
 ******
 ******
 ******
 ******
 ******
 ******
 ******
 ******
 ******
 ******
 ******
 ******
 ******
 ******
 ******
 ******
 ******
 ******
 ******
 ******
 ******
 ******
 ******
 ******
 ******
 ******
 ******
 ******
 ******
 ******
 ******
 ******
 ******
 ******
 ******
 ******
 ******
 ******
 ******
 ******
 ******
 ******
 ******
 ******
 ******
 ******
 ******
 ******
 ******
 ******
 ******
 ******
 ******
 ******
 ******
 ******
 ******
 ******
 ******
 ******
 ******
 ******
 ******
 ******
 ******
 ******
 ******
 ******
 ******
 ******
 ******
 ******
 ******
 ******
 ******
 ******
 ******
 ******
 ******
 ******
 ******
 ******
 ******
 ******
 ******
 ******
 ******
 ******
 ******
 ******
 ******
 ******
 ******
 ******
 ******
 ******
 ******
 ******
 ******
 ******
 ******
 ******
 ******
 ******
 ******
 ******
 ******
 ******
 ******
 ******
 ******
 ******
 ******
 ******
 ******
 ******
 ******
 ******
 ******
 ******
 ******
 ******
 ******
 ******
 ******
 ******
 ******
 ******
 ******
 ******
 ******
 ******
 ******
 ******
 ******
 ******
 ******
 ******
 ******
 ******
 ******
 ******
 ******
 ******
 ******
 ******
 ******
 ******
 ******
 ******
 ******
 ******
 ******
 ******
 ******
 ******
 ******
 ******
 ******
 ******
 ******
 ******
 ******
 ******
 ******
 ******
 ******
 ******
 ******
 ******
 ******
 ******
 ******
 ******
 ******
 ******
 ******
 ******
 ******
 ******
 ******
 ******
 ******
 ******
 ******
 ******
 ******
 ******
 ******
 ******
 ******
 ******
 ******
 ******
 ******
 ******
 ******
 ******
 ******
 ******
 ******
 ******
 ******
 ******
 ******
 ******
 ******
 ******
 ******
 ******
 ******
 ******
 ******
 ******
 ******
 ******
 ******
 ******
 ******
 ******
 ******
 ******
 ******
 ******
 ******
 ******
 ******
 ******
 ******
 ******
 ******
 ******
 ******
 ******
 ******
 ******
 ******
 ******
 ******
 ******
 ******
 ******
 ******
 ******
 ******
 ******
 ******
 ******
 ******
 ******
 ******
 ******
 ******
 ******
 ******
 ******
 ******
 ******
 ******
 ******
 ******
 ******
 ******
 ******
 ******
 ******
 ******
 ******
 ******
 ******
 ******
 ******
 ******
 ******
 ******
 ******
 ******
 ******
 ******
 ******
 ******
 ******
 ******
 ******
 ******
 ******
 ******
 ******
 ******
 ******
 ******
 ******
 ******
 ******
 ******
 ******
 ******
 ******
 ******
 ******
 ******
 ******
 ******
 ******
 ******
 ******
 ******
 ******
 ******
 ******
 ******
 ******
 ******
 ******
 ******
 ******
 ******
 ******
 ******
 ******
 ******
 ******
 ******
 ******
 ******
 ******
 ******
 ******
 ******
 ******
 ******
 ******
 ******
 ******
 ******
 ******
 ******
 ******
 ******
 ******
 ******
 ******
 ******
 ******
 ******
 ******
 ******
 ******
 ******
 ******
 ******
 ******
 ******
 ******
 ******
 ******
 ******
 ******
 ******
 ******
 ******
 ******
 ******
 ******
 ******
 ******
 ******
 ******
 ******
 ******
 ******
 ******
 ******
 ******
 ******
 ******
 ******
 ******
 ******
 ******
 ******
 ******
 ******
 ******
 ******
 ******
 ******
 ******
 ******
 ******
 ******
 ******
 ******
 ******
 ******
 ******
 ******
 ******
 ******
 ******
 ******
 ******
 ******
 ******
 ******
 ******
 ******
 ******
 ******
 ******
 ******
 ******
 ******
 ******
 ******
 ******
 ******
 ******
 ******
 ******
 ******
 ******
 ******
 ******
 ******
 ******
 ******
 ******
 ******
 ******
 ******
 ******
 ******
 ******
 ******
 ******
 ******
 ******
 ******
 ******
 ******
 ******
 ******
 ******
 ******
 ******
 ******
 ******
 ******
 ******
 ******
 ******
 ******
 ******
 ******
 ******
 ******
 ******
 ******
 ******
 ******
 ******
 ******
 ******
 ******
 ******
 ******
 ******
 ******
 ******
 ******
 ******
 ******
 ******
 ******
 ******
 ******
 ******
 ******
 ******
 ******
 ******
 ******
 ******
 ******
 ******
 ******
 ******
 ******
 ******
 ******
 ******
 ******
 ******
 ******
 ******
 ******
 ******
 ******
 ******
 ******
 ******
 ******
 ******
 ******
 ******
 ******
 ******
 ******
 ******
 ******
 ******
 ******
 ******
 ******
 ******
 ******
 ******
 ******
 ******
 ******
 ******
 ******
 ******
 ******
 ******
 ******
 ******
 ******
 ******
 ******
 ******
 ******
 ******
 ******
 ******
 ******
 ******
 ******
 ******
 ******
 ******
 ******
 ******
 ******
 ******
 ******
 ******
 ******
 ******
 ******
 ******
 ******
 ******
 ******
 ******
 ******
 ******
 ******
 ******
 ******
 ******
 ******
 ******
 ******
 ******
 ******
 ******
 ******
 ******
 ******
 ******
 ******
 ******
 ******
 ******
 ******
 ******
 ******
 ******
 ******
 ******
 ******
 ******
 ******
 ******
 ******
 ******
 ******
 ******
 ******
 ******
 ******
 ******
 ******
 ******
 ******
 ******
 ******
 ******
 ******
 ******
 ******
 ******
 ******
 ******
 ******
 ******
 ******
 ******
 ******
 ******
 ******
 ******
 ******
 ******
 ******
 ******
 ******
 ******
 ******
 ******
 ******
 ******
 ******
 ******
 ******
 ******
 ******
 ******
 ******
 ******
 ******
 ******
 ******
 ******
 ******
 ******
 ******
 ******
 ******
 ******
 ******
 ******
 ******
 ******
 ******
 ******
 ******
 ******
 ******
 ******
 ******
 ******
 ******
 ******
 ******
 ******
 ******
 ******
 ******
 ******
 ******
 ******
 ******
 ******
 ******
 ******
 ******
 ******
 ******
 ******
 ******
 ******
 ******
 ******
 ******
 ******
 ******
 ******
 ******
 ******
 ******
 ******
 ******
 ******
 ******
 ******
 ******
 ******
 ******
 ******
 ******
 ******
 ******
 ******
 ******
 ******
 ******
 ******
 ******
 ******
 ******
 ******
 ******
 ******
 ******
 ******
 ******
 ******
 ******
 ******
 ******
 ******
 ******
 ******
 ******
 ******
 ******
 ******
 ******
 ******
 ******
 ******
 ******
 ******
 ******
 ******
 ******
 ******
 ******
 ******
 ******
 ******
 ******
 ******
 ******
 ******
 ******
 ******
 ******
 ******
 ******
 ******
 ******
 ******
 ******
 ******
 ******
 ******
 ******
 ******
 ******
 ******
 ******
 ******
 ******
 ******
 ******
 ******
 ******
 ******
 ******
 ******
 ******
 ******
 ******
 ******
 ******
 ******
 ******
 ******
 ******
 ******
 ******
 ******
 ******
 ******
 ******
 ******
 ******
 ******
 ******
 ******
 ******
 ******
 ******
 ******
 ******
 ******
 ******
 ******
 ******
 ******
 ******
 ******
 ******
 ******
 ******
 ******
 ******
 ******
 ******
 ******
 ******
 ******
 ******
 ******
 ******
 ******
 ******
 ******
 ******
 ******
 ******
 ******
 ******
 ******
 ******
 ******
 ******
 ******
 ******
 ******
 ******
 ******
 ******
 ******
 ******
 ******
 ******
 ******
 ******
 ******
 ******
 ******
 ******
 ******
 ******
 ******
 ******
 ******
 ******
 ******
 ******
 ******
 ******
 ******
 ******
 ******
 ******
 ******
 ******
 ******
 ******
 ******
 ******
 ******
 ******
 ******
 ******
 ******
 ******
 ******
 ******
 ******
 ******
 ******
 ******
 ******
 ******
 ******
 ******
 ******
 ******
 ******
 ******
 ******
 ******
 ******
 ******
 ******
 ******
 ******
 ******
 ******
 ******
 ******
 ******
 ******
 ******
 ******
 ******
 ******
 ******
 ******
 ******
 ******
 ******
 ******
 ******
 ******
 ******
 ******
 ******
 ******
 ******
 ******
 ******
 ******
 ******
 ******
 ******
 ******
 ******
 ******
 ******
 ******
 ******
 ******
 ******
 ******
 ******
 ******
 ******
 ******
 ******
 ******
 ******
 ******
 ******
 ******
 ******
 ******
 ******
 ******
 ******
 ******
 ******
 ******
 ******
 ******
 ******
 ******
 ******
 ******
 ******
 ******
 ******
 ******
 ******
 ******
 ******
 ******
 ******
 ******
 ******
 ******
 ******
 ******
 ******
 ******
 ******
 ******
 ******
 ******
 ******
 ******
 ******
 ******
 ******
 ******
 ******
 ******
 ******
 ******
 ******
 ******
 ******
 ******
 ******
 ******
 ******
 ******
 ******
 ******
 ******
 ******
 ******
 ******
 ******
 ******
 ******
 ******
 ******
 ******
 ******
 ******
 ******
 ******
 ******
 ******
 ******
 ******
 ******
 ******
 ******
 ******
 ******
 ******
 ******
 ******
 ******
 ******
 ******
 ******
 ******
 ******
 ******
 ******
 ******
 ******
 ******
 ******
 ******
 ******
 ******
 ******
 ******
 ******
 ******
 ******
 ******
 ******
 ******
 ******
 ******
 ******
 ******
 ******
 ******
 ******
 ******
 ******
 ******
 ******
 ******
 ******
 ******
 ******
 ******
 ******
 ******
 ******
 ******
 ******
 ******
 ******
 ******
 ******
 ******
 ******
 ******
 ******
 ******
 ******
 ******
 ******
 ******
 ******
 ******
 ******
 ******
 ******
 ******
 ******
 ******
 ******
 ******
 ******
 ******
 ******
 ******
 ******
 ******
 ******
 ******
 ******
 ******
 ******
 ******
 ******
 ******
 ******
 ******
 ******
 ******
 ******
 ******
 ******
 ******
 ******
 ******
 ******
 ******
 ******
 ******
 ******
 ******
 ******
 ******
 ******
 ******
 ******
 ******
 ******
 ******
 ******
 ******
 ******
 ******
 ******
 ******
 ******
 ******
 ******
 ******
 ******
 ******
 ******
 ******
 ******
 ******
 ******
 ******
 ******
 ******
 ******
 ******
 ******
 ******
 ******
 ******
 ******
 ******
 ******
 ******
 ******
 ******
 ******
 ******
 ******
 ******
 ******
 ******
 ******
 ******
 ******
 ******
 ******
 ******
 ******
 ******
 ******
 ******
 ******
 ******
 ******
 ******
 ******
 ******
 ******
 ******
 ******
 ******
 ******
 ******
 ******
 ******
 ******
 ******
 ******
 ******
 ******
 ******
 ******
 ******
 ******
 ******
 ******
 ******
 ******
 ******
 ******
 ******
 ******
 ******
 ******
 ******
 ******
 ******
 ******
 ******
 ******
 ******
 ******
 ******
 ******
 ******
 ******
 ******
 ******
 ******
 ******
 ******
 ******
 ******
 ******
 ******
 ******
 ******
 ******
 ******
 ******
 ******
 ******
 ******
 ******
 ******
 ******
 ******
 ******
 ******
 ******
 ******
 ******
 ******
 ******
 ******
 ******
 ******
 ******
 ******
 ******
 ******
 ******
 ******
 ******
 ******
 ******
 ******
 ******
 ******
 ******
 ******
 ******
 ******
 ******
 ******
 ******
 ******
 ******
 ******
 ******
 ******
 ******
 ******
 ******
 ******
 ******
 ******
 ******
 ******
 ******
 ******
 ******
 ******
 ******
 ******
 ******
 ******
 ******
 ******
 ******
 ******
 ******
 ******
 ******
 ******
 ******
 ******
 ******
 ******
 ******
 ******
 ******
 ******
 ******
 ******
 ******
 ******
 ******
 ******
 ******
 ******
 ******
 ******
 ******
 ******
 ******
 ******
 ******
 ******
 ******
 ******
 ******
 ******
 ******
 ******
 ******
 ******
 ******
 ******
 ******
 ******
 ******
 ******
 ******
 ******
 ******
 ******
 ******
 ******
 ******
 ******
 ******
 ******
 ******
 ******
 ******
 ******
 ******
 ******
 ******
 ******
 ******
 ******
 ******
 ******
 ******
 ******
 ******
 ******
 ******
 ******
 ******
 ******
 ******
 ******
 ******
 ******
 ******
 ******
 ******
 ******
 ******
 ******
 ******
 ******
 ******
 ******
 ******
 ******
 ******
 ******
 ******
 ******
 ******
 ******
 ******
 ******
 ******
 ******
 ******
 ******
 ******
 ******
 ******
 ******
 ******
 ******
 ******
 ******
 ******
 ******
 ******
 ******
 ******
 ******
 ******
 ******
 ******
 ******
 ******
 ******
 ******
 ******
 ******
 ******
 ******
 ******
 ******
 ******
 ******
 ******
 ******
 ******
 ******
 ******
 ******
 ******
 ******
 ******
 ******
 ******
 ******
 ******
 ******
 ******
 ******
 ******
 ******
 ******
 ******
 ******
 ******
 ******
 ******
 ******
 ******
 ******
 ******
 ******
 ******
 ******
 ******
 ******
 ******
 ******
 ******
 ******
 ******
 ******
 ******
 ******
 ******
 ******
 ******
 ******
 ******
 ******
 ******
 ******
 ******
 ******
 ******
 ******
 ******
 ******
 ******
 ******
 ******
 ******
 ******
 ******
 ******
 ******
 ******
 ******
 ******
 ******
 ******
 ******
 ******
 ******
 ******
 ******
 ******
 ******
 ******
 ******
 ******
 ******
 ******
 ******
 ******
 ******
 ******
 ******
 ******
 ******
 ******
 ******
 ******
 ******
 ******
 ******
 ******
 ******
 ******
 ******
 ******
 ******
 ******
 ******
 ******
 ******
 ******
 ******
 ******
 ******
 ******
 ******
 ******
 ******
 ******
 ******
 ******
 ******
 ******
 ******
 ******
 ******
 ******
 ******
 ******
 ******
 ******
 ******
 ******
 ******
 ******
 ******
 ******
 ******
 ******
 ******
 ******
 ******
 ******
 ******
 ******
 ******
 ******
 ******
 ******
 ******
 ******
 ******
 ******
 ******
 ******
 ******
 ******
 ******
 ******
 ******
 ******
 ******
 ******
 ******
 ******
 ******
 ******
 ******
 ******
 ******
 ******
 ******
 ******
 ******
 ******
 ******
 ******
 ******
 ******
 ******
 ******
 ******
 ******
 ******
 ******
 ******
 ******
 ******
 ******
 ******
 ******
 ******
 ******
 ******
 ******
 ******
 ******
 ******
 ******
 ******
 ******
 ******
 ******
 ******
 ******
 ******
 ******
 ******
 ******
 ******
 ******
 ******
 ******
 ******
 ******
 ******
 ******
 ******
 ******
 ******
 ******
 ******
 ******
 ******
 ******
 ******
 ******
 ******
 ******
 ******
 ******
 ******
 ******
 ******
 ******
 ******
 ******
 ******
 ******
 ******
 ******
 ******
 ******
 ******
 ******
 ******
 ******
 ******
 ******
 ******
 ******
 ******
 ******
 ******
 ******
 ******
 ******
 ******
 ******
 ******
 ******
 ******
 ******
 ******
 ******
 ******
 ******
 ******
 ******
 ******
 ******
 ******
 ******
 ******
 ******
 ******
 ******
 ******
 ******
 ******
 ******
 ******
 ******
 ******
 ******
 ******
 ******
 ******
 ******
 ******
 ******
 ******
 ******
 ******
 ******
 ******
 ******
 ******
 ******
 ******
 ******
 ******
 ******
 ******
 ******
 ******
 ******
 ******
 ******
 ******
 ******
 ******
 ******
 ******
 ******
 ******
 ******
 ******
 ******
 ******
 ******
 ******
 ******
 ******
 ******
 ******
 ******
 ******
 ******
 ******
 ******
 ******
 ******
 ******
 ******
 ******
 ******
 ******
 ******
 ******
 ******
 ******
 ******
 ******
 ******
 ******
 ******
 ******
 ******
 ******
 ******
 ******
 ******
 ******
 ******
 ******
 ******
 ******
 ******
 ******
 ******
 ******
 ******
 ******
 ******
 ******
 ******
 ******
 ******
 ******
 ******
 ******
 ******
 ******
 ******
 ******
 ******
 ******
 ******
 ******
 ******
 ******
 ******
 ******
 ******
 ******
 ******
 ******
 ******
 ******
 ******
 ******
 ******
 ******
 ******
 ******
 ******
 ******
 ******
 ******
 ******
 ******
 ******
 ******
 ******
 ******
 ******
 ******
 ******
 ******
 ******
 ******
 ******
 ******
 ******
 ******
 ******
 ******
 ******
 ******
 ******
 ******
 ******
 ******
 ******
 ******
 ******
 ******
 ******
 ******
 ******
 ******
 ******
 ******
 ******
 ******
 ******
 ******
 ******
 ******
 ******
 ******
 ******
 ******
 ******
 ******
 ******
 ******
 ******
 ******
 ******
 ******
 ******
 ******
 ******
 ******
 ******
 ******
 ******
 ******
 ******
 ******
 ******
 ******
 ******
 ******
 ******
 ******
 ******
 ******
 ******
 ******
 ******
 ******
 ******
 ******
 ******
 ******
 ******
 ******
 ******
 ******
 ******
 ******
 ******
 ******
 ******
 ******
 ******
 ******
 ******
 ******
 ******
 ******
 ******
 ******
 ******
 ******
 ******
 ******
 ******
 ******
 ******
 ******
 ******
 ******
 ******
 ******
 ******
 ******
 ******
 ******
 ******
 ******
 ******
 ******
 ******
 ******
 ******
 ******
 ******
 ******
 ******
 ******
 ******
 ******
 ******
 ******
 ******
 ******
 ******
 ******
 ******
 ******
 ******
 ******
 ******
 ******
 ******
 ******
 ******
 ******
 ******
 ******
 ******
 ******
 ******
 ******
 ******
 ******
 ******
 ******
 ******
 ******
 ******
 ******
 ******
 ******
 ******
 ******
 ******
 ******
 ******
 ******
 ******
 ******
 ******
 ******
 ******
 ******
 ******
 ******
 ******
 ******
 ******
 ******
 ******
 ******
 ******
 ******
 ******
 ******
 ******
 ******
 ******
 ******
 ******
 ******
 ******
 ******
 ******
 ******
 ******
 ******
 ******
 ******
 ******
 ******
 ******
 ******
 ******
 ******
 ******
 ******
 ******
 ******
 ******
 ******
 ******
 ******
 ******
 ******
 ******
 ******
 ******
 ******
 ******
 ******
 ******
 ******
 ******
 ******
 ******
 ******
 ******
 ******
 ******
 ******
 ******
 ******
 ******
 ******
 ******
 ******
 ******
 ******
 ******
 ******
 ******
 ******
 ******
 ******
 ******
 ******
 ******
 ******
 ******
 ******
 ******
 ******
 ******
 ******
 ******
 ******
 ******
 ******
 ******
 ******
 ******
 ******
 ******
 ******
 ******
 ******
 ******
 ******
 ******
 ******
 ******
 ******
 ******
 ******
 ******
 ******
 ******
 ******
 ******
 ******
 ******
 ******
 ******
 ******
 ******
 ******
 ******
 ******
 ******
 ******
 ******
 ******
 ******
 ******
 ******
 ******
 ******
 ******
 ******
 ******
 ******
 ******
 ******
 ******
 ******
 ******
 ******
 ******
 ******
 ******
 ******
 ******
 ******
 ******
 ******
 ******
 ******
 ******
 ******
 ******
 ******
 ******
 ******
 ******
 ******
 ******
 ******
 ******
 ******
 ******
 ******
 ******
 ******
 ******
 ******
 ******
 ******
 ******
 ******
 ******
 ******
 ******
 ******
 ******
 ******
 ******
 ******
 ******
 ******
 ******
 ******
 ******
 ******
 ******
 ******
 ******
 ******
 ******
 ******
 ******
 ******
 ******
 ******
 ******
 ******
 ******
 ******
 ******
 ******
 ******
 ******
 ******
 ******
 ******
 ******
 ******
 ******
 ******
 ******
 ******
 ******
 ******
 ******
 ******
 ******
 ******
 ******
 ******
 ******
 ******
 ******
 ******
 ******
 ******
 ******
 ******
 ******
 ******
 ******
 ******
 ******
 ******
 ******
 ******
 ******
 ******
 ******
 ******
 ******
 ******
 ******
 ******
 ******
 ******
 ******
 ******
 ******
 ******
 ******
 ******
 ******
 ******
 ******
 ******
 ******
 ******
 ******
 ******
 ******
 ******
 ******
 ******
 ******
 ******
 ******
 ******
 ******
 ******
 ******
 ******
 ******
 ******
 ******
 ******
 ******
 ******
 ******
 ******
 ******
 ******
 ******
 ******
 ******
 ******
 ******
 ******
 ******
 ******
 ******
 ******
 ******
 ******
 ******
 ******
 ******
 ******
 ******
 ******
 ******
 ******
 ******
 ******
 ******
 ******
 ******
 ******
 ******
 ******
 ******
 ******
 ******
 ******
 ******
 ******
 ******
 ******
 ******
 ******
 ******
 ******
 ******
 ******
 ******
 ******
 ******
 ******
 ******
 ******
 ******
 ******
 ******
 ******
 ******
 ******
 ******
 ******
 ******
 ******
 ******
 ******
 ******
 ******
 ******
 ******
 ******
 ******
 ******
 ******
 ******
 ******
 ******
 ******
 ******
 ******
 ******
 ******
 ******
 ******
 ******
 ******
 ******
 ******
 ******
 ******
 ******
 ******
 ******
 ******
 ******
 ******
 ******
 ******
 ******
 ******
 ******
 ******
 ******
 ******
 ******
 ******
 ******
 ******
 ******
 ******
 ******
 ******
 ******
 ******
 ******
 ******
 ******
 ******
 ******
 ******
 ******
 ******
 ******
 ******
 ******
 ******
 ******
 ******
 ******
 ******
 ******
 ******
 ******
 ******
 ******
 ******
 ******
 ******
 ******
 ******
 ******
 ******
 ******
 ******
 ******
 ******
 ******
 ******
 ******
 ******
 ******
 ******
 ******
 ******
 ******
 ******
 ******
 ******
 ******
 ******
 ******
 ******
 ******
 ******
 ******
 ******
 ******
 ******
 ******
 ******
 ******
 ******
 ******
 ******
 ******
 ******
 ******
 ******
 ******
 ******
 ******
 ******
 ******
 ******
 ******
 ******
 ******
 ******
 ******
 ******
 ******
 ******
 ******
 ******
 ******
 ******
 ******
 ******
 ******
 ******
 ******
 ******
 ******
 ******
 ******
 ******
 ******
 ******
 ******
 ******
 ******
 ******
 ******
 ******
 ******
 ******
 ******
 ******
 ******
 ******
 ******
 ******
 ******
 ******
 ******
 ******
 ******
 ******
 ******
 ******
 ******
 ******
 ******
 ******
 ******
 ******
 ******
 ******
 ******
 ******
 ******
 ******
 ******
 ******
 ******
 ******
 ******
 ******
 ******
 ******
 ******
 ******
 ******
 ******
 ******
 ******
 ******
 ******
 ******
 ******
 ******
 ******
 ******
 ******
 ******
 ******
 ******
 ******
 ******
 ******
 ******
 ******
 ******
 ******
 ******
 ******
 ******
 ******
 ******
 ******
 ******
 ******
 ******
 ******
 ******
 ******
 ******
 ******
 ******
 ******
 ******
 ******
 ******
 ******
 ******
 ******
 ******
 ******
 ******
 ******
 ******
 ******
 ******
 ******
 ******
 ******
 ******
 ******
 ******
 ******
 ******
 ******
 ******
 ******
 ******
 ******
 ******
 ******
 ******
 ******
 ******
 ******
 ******
 ******
 ******
 ******
 ******
 ******
 ******
 ******
 ******
 ******
 ******
 ******
 ******
 ******
 ******
 ******
 ******
 ******
 ******
 ******
 ******
 ******
 ******
 ******
 ******
 ******
 ******
 ******
 ******
 ******
 ******
 ******
 ******
 ******
 ******
 ******
 ******
 ******
 ******
 ******
 ******
 ******
 ******
 ******
 ******
 ******
 ******
 ******
 ******
 ******
 ******
 ******
 ******
 ******
 ******
 ******
 ******
 ******
 ******
 ******
 ******
 ******
 ******
 ******
 ******
 ******
 ******
 ******
 ******
 ******
 ******
 ******
 ******
 ******
 ******
 ******
 ******
 ******
 ******
 ******
 ******
 ******
 ******
 ******
 ******
 ******
 ******
 ******
 ******
 ******
 ******
 ******
 ******
 ******
 ******
 ******
 ******
 ******
 ******
 ******
 ******
 ******
 ******
 ******
 ******
 ******
 ******
 ******
 ******
 ******
 ******
 ******
 ******
 ******
 ******
 ******
 ******
 ******
 ******
 ******
 ******
 ******
 ******
 ******
 ******
 ******
 ******
 ******
 ******
 ******
 ******
 ******
 ******
 ******
 ******
 ******
 ******
 ******
 ******
 ******
 ******
 ******
 ******
 ******
 ******
 ******
 ******
 ******
 ******
 ******
 ******
 ******
 ******
 ******
 ******
 ******
 ******
 ******
 ******
 ******
 ******
 ******
 ******
 ******
 ******
 ******
 ******
 ******
 ******
 ******
 ******
 ******
 ******
 ******
 ******
 ******
 ******
 ******
 ******
 ******
 ******
 ******
 ******
 ******
 ******
 ******
 ******
 ******
 ******
 ******
 ******
 ******
 ******
 ******
 ******
 ******
 ******
 ******
 ******
 ******
 ******
 ******
 ******
 ******
 ******
 ******
 ******
 ******
 ******
 ******
 ******
 ******
 ******
 ******
 ******
 ******
 ******
 ******
 ******
 ******
 ******
 ******
 ******
 ******
 ******
 ******
 ******
 ******
 ******
 ******
 ******
 ******
 ******
 ******
 ******
 ******
 ******
 ******
 ******
 ******
 ******
 ******
 ******
 ******
 ******
 ******
 ******
 ******
 ******
 ******
 ******
 ******
 ******
 ******
 ******
 ******
 ******
 ******
 ******
 ******
 ******
 ******
 ******
 ******
 ******
 ******
 ******
 ******
 ******
 ******
 ******
 ******
 ******
 ******
 ******
 ******
 ******
 ******
 ******
 ******
 ******
 ******
 ******
 ******
 ******
 ******
 ******
 ******
 ******
 ******
 ******
 ******
 ******
 ******
 ******
 ******
 ******
 ******
 ******
 ******
 ******
 ******
 ******
 ******
 ******
 ******
 ******
 ******
 ******
 ******
 ******
 ******
 ******
 ******
 ******
 ******
 ******
 ******
 ******
 ******
 ******
 ******
 ******
 ******
 ******
 ******
 ******
 ******
 ******
 ******
 ******
 ******
 ******
 ******
 ******
 ******
 ******
 ******
 ******
 ******
 ******
 ******
 ******
 ******
 ******
 ******
 ******
 ******
 ******
 ******
 ******
 ******
 ******
 ******
 ******
 ******
 ******
 ******
 ******
 ******
 ******
 ******
 ******
 ******
 ******
 ******
 ******
 ******
 ******
 ******
 ******
 ******
 ******
 ******
 ******
 ******
 ******
 ******
 ******
 ******
 ******
 ******
 ******
 ******
 ******
 ******
 ******
 ******
 ******
 ******
 ******
 ******
 ******
 ******
 ******
 ******
 ******
 ******
 ******
 ******
 ******
 ******
 ******
 ******
 ******
 ******
 ******
 ******
 ******
 ******
 ******
 ******
 ******
 ******
 ******
 ******
 ******
 ******
 ******
 ******
 ******
 ******
 ******
 ******
 ******
 ******
 ******
 ******
 ******
 ******
 ******
 ******
 ******
 ******
 ******
 ******
 ******
 ******
 ******
 ******
 ******
 ******
 ******
 ******
 ******
 ******
 ******
 ******
 ******
 ******
 ******
 ******
 ******
 ******
 ******
 ******
 ******
 ******
 ******
 ******
 ******
 ******
 ******
 ******
 ******
 ******
 ******
 ******
 ******
 ******
 ******
 ******
 ******
 ******
 ******
 ******
 ******
 ******
 ******
 ******
 ******
 ******
 ******
 ******
 ******
 ******
 ******
 ******
 ******
 ******
 ******
 ******
 ******
 ******
 ******
 ******
 ******
 ******
 ******
 ******
 ******
 ******
 ******
 ******
 ******
 ******
 ******
 ******
 ******
 ******
 ******
 ******
 ******
 ******
 ******
 ******
 ******
 ******
 ******
 ******
 ******
 ******
 ******
 ******
 ******
 ******
 ******
 ******
 ******
 ******
 ******
 ******
 ******
 ******
 ******
 ******
 ******
 ******
 ******
 ******
 ******
 ******
 ******
 ******
 ******
 ******
 ******
 ******
 ******
 ******
 ******
 ******
 ******
 ******
 ******
 ******
 ******
 ******
 ******
 ******
 ******
 ******
 ******
 ******
 ******
 ******
 ******
 ******
 ******
 ******
 ******
 ******
 ******
 ******
 ******
 ******
 ******
 ******
 ******
 ******
 ******
 ******
 ******
 ******
 ******
 ******
 ******
 ******
 ******
 ******
 ******
 ******
 ******
 ******
 ******
 ******
 ******
 ******
 ******
 ******
 ******
 ******
 ******
 ******
 ******
 ******
 ******
 ******
 ******
 ******
 ******
 ******
 ******
 ******
 ******
 ******
 ******
 ******
 ******
 ******
 ******
 ******
 ******
 ******
 ******
 ******
 ******
 ******
 ******
 ******
 ******
 ******
 ******
 ******
 ******
 ******
 ******
 ******
 ******
 ******
 ******
 ******
 ******
 ******
 ******
 ******
 ******
 ******
 ******
 ******
 ******
 ******
 ******
 ******
 ******
 ******
 ******
 ******
 ******
 ******
 ******
 ******
 ******
 ******
 ******
 ******
 ******
 ******
 ******
 ******
 ******
 ******
 ******
 ******
 ******
 ******
 ******
 ******
 ******
 ******
 ******
 ******
 ******
 ******
 ******
 ******
 ******
 ******
 ******
 ******
 ******
 ******
 ******
 ******
 ******
 ******
 ******
 ******
 ******
 ******
 ******
 ******
 ******
 ******
 ******
 ******
 ******
 ******
 ******
 ******
 ******
 ******
 ******
 ******
 ******
 ******
 ******
 ******
 ******
 ******
 ******
 ******
 ******
 ******
 ******
 ******
 ******
 ******
 ******
 ******
 ******
 ******
 ******
 ******
 ******
 ******
 ******
 ******
 ******
 ******
 ******
 ******
 ******
 ******
 ******
 ******
 ******
 ******
 ******
 ******
 ******
 ******
 ******
 ******
 ******
 ******
 ******
 ******
 ******
 ******
 ******
 ******
 ******
 ******
 ******
 ******
 ******
 ******
 ******
 ******
 ******
 ******
 ******
 ******
 ******
 ******
 ******
 ******
 ******
 ******
 ******
 ******
 ******
 ******
 ******
 ******
 ******
 ******
 ******
 ******
 ******
 ******
 ******
 ******
 ******
 ******
 ******
 ******
 ******
 ******
 ******
 ******
 ******
 ******
 ******
 ******
 ******
 ******
 ******
 ******
 ******
 ******
 ******
 ******
 ******
 ******
 ******
 ******
 ******
 ******
 ******
 ******
 ******
 ******
 ******
 ******
 ******
 ******
 ******
 ******
 ******
 ******
 ******
 ******
 ******
 ******
 ******
 ******
 ******
 ******
 ******
 ******
 ******
 ******
 ******
 ******
 ******
 ******
 ******
 ******
 ******
 ******
 ******
 ******
 ******
 ******
 ******
 ******
 ******
 ******
 ******
 ******
 ******
 ******
 ******
 ******
 ******
 ******
 ******
 ******
 ******
 ******
 ******
 ******
 ******
 ******
 ******
 ******
 ******
 ******
 ******
 ******
 ******
 ******
 ******
 ******
 ******
 ******
 ******
 ******
 ******
 ******
 ******
 ******
 ******
 ******
 ******
 ******
 ******
 ******
 ******
 ******
 ******
 ******
 ******
 ******
 ******
 ******
 ******
 ******
 ******
 ******
 ******
 ******
 ******
 ******
 ******
 ******
 ******
 ******
 ******
 ******
 ******
 ******
 ******
 ******
 ******
 ******
 ******
 ******
 ******
 ******
 ******
 ******
 ******
 ******
 ******
 ******
 ******
 ******
 ******
 ******
 ******
 ******
 ******
 ******
 ******
 ******
 ******
 ******
 ******
 ******
 ******
 ******
 ******
 ******
 ******
 ******
 ******
 ******
 ******
 ******
 ******
 ******
 ******
 ******
 ******
 ******
 ******
 ******
 ******
 ******
 ******
 ******
 ******
 ******
 ******
 ******
 ******
 ******
 ******
 ******
 ******
 ******
 ******
 ******
 ******
 ******
 ******
 ******
 ******
 ******
 ******
 ******
 ******
 ******
 ******
 ******
 ******
 ******
 ******
 ******
 ******
 ******
 ******
 ******
 ******
 ******
 ******
 ******
 ******
 ******
 ******
 ******
 ******
 ******
 ******
 ******
 ******
 ******
 ******
 ******
 ******
 ******
 ******
 ******
 ******
 ******
 ******
 ******
 ******
 ******
 ******
 ******
 ******
 ******
 ******
 ******
 ******
 ******
 ******
 ******
 ******
 ******
 ******
 ******
 ******
 ******
 ******
 ******
 ******
 ******
 ******
 ******
 ******
 ******
 ******
 ******
 ******
 ******
 ******
 ******
 ******
 ******
 ******
 ******
 ******
 ******
 ******
 ******
 ******
 ******
 ******
 ******
 ******
 ******
 ******
 ******
 ******
 ******
 ******
 ******
 ******
 ******
 ******
 ******
 ******
 ******
 ******
 ******
 ******
 ******
 ******
 ******
 ******
 ******
 ******
 ******
 ******
 ******
 ******
 ******
 ******
 ******
 ******
 ******
 ******
 ******
 ******
 ******
 ******
 ******
 ******
 ******
 ******
 ******
 ******
 ******
 ******
 ******
 ******
 ******
 ******
 ******
 ******
 ******
 ******
 ******
 ******
 ******
 ******
 ******
 ******
 ******
 ******
 ******
 ******
 ******
 ******
 ******
 ******
 ******
 ******
 ******
 ******
 ******
 ******
 ******
 ******
 ******
 ******
 ******
 ******
 ******
 ******
 ******
 ******
 ******
 ******
 ******
 ******
 ******
 ******
 ******
 ******
 ******
 ******
 ******
 ******
 ******
 ******
 ******
 ******
 ******
 ******
 ******
 ******
 ******
 ******
 ******
 ******
 ******
 ******
 ******
 ******
 ******
 ******
 ******
 ******
 ******
 ******
 ******
 ******
 ******
 ******
 ******
 ******
 ******
 ******
 ******
 ******
 ******
 ******
 ******
 ******
 ******
 ******
 ******
 ******
 ******
 ******
 ******
 ******
 ******
 ******
 ******
 ******
 ******
 ******
 ******
 ******
 ******
 ******
 ******
 ******
 ******
 ******
 ******
 ******
 ******
 ******
 ******
 ******
 ******
 ******
 ******
 ******
 ******
 ******
 ******
 ******
 ******
 ******
 ******
 ******
 ******
 ******
 ******
 ******
 ******
 ******
 ******
 ******
 ******
 ******
 ******
 ******
 ******
 ******
 ******
 ******
 ******
 ******
 ******
 ******
 ******
 ******
 ******
 ******
 ******
 ******
 ******
 ******
 ******
 ******
 ******
 ******
 ******
 ******
 ******
 ******
 ******
 ******
 ******
 ******
 ******
 ******
 ******
 ******
 ******
 ******
 ******
 ******
 ******
 ******
 ******
 ******
 ******
 ******
 ******
 ******
 ******
 ******
 ******
 ******
 ******
 ******
 ******
 ******
 ******
 ******
 ******
 ******
 ******
 ******
 ******
 ******
 ******
 ******
 ******
 ******
 ******
 ******
 ******
 ******
 ******
 ******
 ******
 ******
 ******
 ******
 ******
 ******
 ******
 ******
 ******
 ******
 ******
 ******
 ******
 ******
 ******
 ******
 ******
 ******
 ******
 ******
 ******
 ******
 ******
 ******
 ******
 ******
 ******
 ******
 ******
 ******
 ******
 ******
 ******
 ******
 ******
 ******
 ******
 ******
 ******
 ******
 ******
 ******
 ******
 ******
 ******
 ******
 ******
 ******
 ******
 ******
 ******
 ******
 ******
 ******
 ******
 ******
 ******
 ******
 ******
 ******
 ******
 ******
 ******
 ******
 ******
 ******
 ******
 ******
 ******
 ******
 ******
 ******
 ******
 ******
 ******
 ******
 ******
 ******
 ******
 ******
 ******
 ******
 ******
 ******
 ******
 ******
 ******
 ******
 ******
 ******
 ******
 ******
 ******
 ******
 ******
 ******
 ******
 ******
 ******
 ******
 ******
 ******
 ******
 ******
 ******
 ******
 ******
 ******
 ******
 ******
 ******
 ******
 ******
 ******
 ******
 ******
 ******
 ******
 ******
 ******
 ******
 ******
 ******
 ******
 ******
 ******
 ******
 ******
 ******
 ******
 ******
 ******
 ******
 ******
 ******
 ******
 ******
 ******
 ******
 ******
 ******
 ******
 ******
 ******
 ******
 ******
 ******
 ******
 ******
 ******
 ******
 ******
 ******
 ******
 ******
 ******
 ******
 ******
 ******
 ******
 ******
 ******
 ******
 ******
 ******
 ******
 ******
 ******
 ******
 ******
 ******
 ******
 ******
 ******
 ******
 ******
 ******
 ******
 ******
 ******
 ******
 ******
 ******
 ******
 ******
 ******
 ******
 ******
 ******
 ******
 ******
 ******
 ******
 ******
 ******
 ******
 ******
 ******
 ******
 ******
 ******
 ******
 ******
 ******
 ******
 ******
 ******
 ******
 ******
 ******
 ******
 ******
 ******
 ******
 ******
 ******
 ******
 ******
 ******
 ******
 ******
 ******
 ******
 ******
 ******
 ******
 ******
 ******
 ******
 ******
 ******
 ******
 ******
 ******
 ******
 ******
 ******
 ******
 ******
 ******
 ******
 ******
 ******
 ******
 ******
 ******
 ******
 ******
 ******
 ******
 ******
 ******
 ******
 ******
 ******
 ******
 ******
 ******
 ******
 ******
 ******
 ******
 ******
 ******
 ******
 ******
 ******
 ******
 ******
 ******
 ******
 ******
 ******
 ******
 ******
 ******
 ******
 ******
 ******
 ******
 ******
 ******
 ******
 ******
 ******
 ******
 ******
 ******
 ******
 ******
 ******
 ******
 ******
 ******
 ******
 ******
 ******
 ******
 ******
 ******
 ******
 ******
 ******
 ******
 ******
 ******
 ******
 ******
 ******
 ******
 ******
 ******
 ******
 ******
 ******
 ******
 ******
 ******
 ******
 ******
 ******
 ******
 ******
 ******
 ******
 ******
 ******
 ******
 ******
 ******
 ******
 ******
 ******
 ******
 ******
 ******
 ******
 ******
 ******
 ******
 ******
 ******
 ******
 ******
 ******
 ******
 ******
 ******
 ******
 ******
 ******
 ******
 ******
 ******
 ******
 ******
 ******
 ******
 ******
 ******
 ******
 ******
 ******
 ******
 ******
 ******
 ******
 ******
 ******
 ******
 ******
 ******
 ******
 ******
 ******
 ******
 ******
 ******
 ******
 ******
 ******
 ******
 ******
 ******
 ******
 ******
 ******
 ******
 ******
 ******
 ******
 ******
 ******
 ******
 ******
 ******
 ******
 ******
 ******
 ******
 ******
 ******
 ******
 ******
 ******
 ******
 ******
 ******
 ******
 ******
 ******
 ******
 ******
 ******
 ******
 ******
 ******
 ******
 ******
 ******
 ******
 ******
 ******
 ******
 ******
 ******
 ******
 ******
 ******
 ******
 ******
 ******
 ******
 ******
 ******
 ******
 ******
 ******
 ******
 ******
 ******
 ******
 ******
 ******
 ******
 ******
 ******
 ******
 ******
 ******
 ******
 ******
 ******
 ******
 ******
 ******
 ******
 ******
 ******
 ******
 ******
 ******
 ******
 ******
 ******
 ******
 ******
 ******
 ******
 ******
 ******
 ******
 ******
 ******
 ******
 ******
 ******
 ******
 ******
 ******
 ******
 ******
 ******
 ******
 ******
 ******
 ******
 ******
 ******
 ******
 ******
 ******
 ******
 ******
 ******
 ******
 ******
 ******
 ******
 ******
 ******
 ******
 ******
 ******
 ******
 ******
 ******
 ******
 ******
 ******
 ******
 ******
 ******
 ******
 ******
 ******
 ******
 ******
 ******
 ******
 ******
 ******
 ******
 ******
 ******
 ******
 ******
 ******
 ******
 ******
 ******
 ******
 ******
 ******
 ******
 ******
 ******
 ******
 ******
 ******
 ******
 ******
 ******
 ******
 ******
 ******
 ******
 ******
 ******
 ******
 ******
 ******
 ******
 ******
 ******
 ******
 ******
 ******
 ******
 ******
 ******
 ******
 ******
 ******
 ******
 ******
 ******
 ******
 ******
 ******
 ******
 ******
 ******
 ******
 ******
 ******
 ******
 ******
 ******
 ******
 ******
 ******
 ******
 ******
 ******
 ******
 ******
 ******
 ******
 ******
 ******
 ******
 ******
 ******
 ******
 ******
 ******
 ******
 ******
 ******
 ******
 ******
 ******
 ******
 ******
 ******
 ******
 ******
 ******
 ******
 ******
 ******
 ******
 ******
 ******
 ******
 ******
 ******
 ******
 ******
 ******
 ******
 ******
 ******
 ******
 ******
 ******
 ******
 ******
 ******
 ******
 ******
 ******
 ******
 ******
 ******
 ******
 ******
 ******
 ******
 ******
 ******
 ******
 ******
 ******
 ******
 ******
 ******
 ******
 ******
 ******
 ******
 ******
 ******
 ******
 ******
 ******
 ******
 ******
 ******
 ******
 ******
 ******
 ******
 ******
 ******
 ******
 ******
 ******
 ******
 ******
 ******
 ******
 ******
 ******
 ******
 ******
 ******
 ******
 ******
 ******
 ******
 ******
 ******
 ******
 ******
 ******
 ******
 ******
 ******
 ******
 ******
 ******
 ******
 ******
 ******
 ******
 ******
 ******
 ******
 ******
 ******
 ******
 ******
 ******
 ******
 ******
 ******
 ******
 ******
 ******
 ******
 ******
 ******
 ******
 ******
 ******
 ******
 ******
 ******
 ******
 ******
 ******
 ******
 ******
 ******
 ******
 ******
 ******
 ******
 ******
 ******
 ******
 ******
 ******
 ******
 ******
 ******
 ******
 ******
 ******
 ******
 ******
 ******
 ******
 ******
 ******
 ******
 ******
 ******
 ******
 ******
 ******
 ******
 ******
 ******
 ******
 ******
 ******
 ******
 ******
 ******
 ******
 ******
 ******
 ******
 ******
 ******
 ******
 ******
 ******
 ******
 ******
 ******
 ******
 ******
 ******
 ******
 ******
 ******
 ******
 ******
 ******
 ******
 ******
 ******
 ******
 ******
 ******
 ******
 ******
 ******
 ******
 ******
 ******
 ******
 ******
 ******
 ******
 ******
 ******
 ******
 ******
 ******
 ******
 ******
 ******
 ******
 ******
 ******
 ******
 ******
 ******
 ******
 ******
 ******
 ******
 ******
 ******
 ******
 ******
 ******
 ******
 ******
 ******
 ******
 ******
 ******
 ******
 ******
 ******
 ******
 ******
 ******
 ******
 ******
 ******
 ******
 ******
 ******
 ******
 ******
 ******
 ******
 ******
 ******
 ******
 ******
 ******
 ******
 ******
 ******
 ******
 ******
 ******
 ******
 ******
 ******
 ******
 ******
 ******
 ******
 ******
 ******
 ******
 ******
 ******
 ******
 ******
 ******
 ******
 ******
 ******
 ******
 ******
 ******
 ******
 ******
 ******
 ******
 ******
 ******
 ******
 ******
 ******
 ******
 ******
 ******
 ******
 ******
 ******
 ******
 ******
 ******
 ******
 ******
 ******
 ******
 ******
 ******
 ******
 ******
 ******
 ******
 ******
 ******
 ******
 ******
 ******
 ******
 ******
 ******
 ******
 ******
 ******
 ******
 ******
 ******
 ******
 ******
 ******
 ******
 ******
 ******
 ******
 ******
 ******
 ******
 ******
 ******
 ******
 ******
 ******
 ******
 ******
 ******
 ******
 ******
 ******
 ******
 ******
 ******
 ******
 ******
 ******
 ******
 ******
 ******
 ******
 ******
 ******
 ******
 ******
 ******
 ******
 ******
 ******
 ******
 ******
 ******
 ******
 ******
 ******
 ******
 ******
 ******
 ******
 ******
 ******
 ******
 ******
 ******
 ******
 ******
 ******
 ******
 ******
 ******
 ******
 ******
 ******
 ******
 ******
 ******
 ******
 ******
 ******
 ******
 ******
 ******
 ******
 ******
 ******
 ******
 ******
 ******
 ******
 ******
 ******
 ******
 ******
 ******
 ******
 ******
 ******
 ******
 ******
 ******
 ******
 ******
 ******
 ******
 ******
 ******
 ******
 ******
 ******
 ******
 ******
 ******
 ******
 ******
 ******
 ******
 ******
 ******
 ******
 ******
 ******
 ******
 ******
 ******
 ******
 ******
 ******
 ******
 ******
 ******
 ******
 ******
 ******
 ******
 ******
 ******
 ******
 ******
 ******
 ******
 ******
 ******
 ******
 ******
 ******
 ******
 ******
 ******
 ******
 ******
 ******
 ******
 ******
 ******
 ******
 ******
 ******
 ******
 ******
 ******
 ******
 ******
 ******
 ******
 ******
 ******
 ******
 ******
 ******
 ******
 ******
 ******
 ******
 ******
 ******
 ******
 ******
 ******
 ******
 ******
 ******
 ******
 ******
 ******
 ******
 ******
 ******
 ******
 ******
 ******
 ******
 ******
 ******
 ******
 ******
 ******
 ******
 ******
 ******
 ******
 ******
 ******
 ******
 ******
 ******
 ******
 ******
 ******
 ******
 ******
 ******
 ******
 ******
 ******
 ******
 ******
 ******
 ******
 ******
 ******
 ******
 ******
 ******
 ******
 ******
 ******
 ******
 ******
 ******
 ******
 ******
 ******
 ******
 ******
 ******
 ******
 ******
 ******
 ******
 ******
 ******
 ******
 ******
 ******
 ******
 ******
 ******
 ******
 ******
 ******
 ******
 ******
 ******
 ******
 ******
 ******
 ******
 ******
 ******
 ******
 ******
 ******
 ******
 ******
 ******
 ******
 ******
 ******
 ******
 ******
 ******
 ******
 ******
 ******
 ******
 ******
 ******
 ******
 ******
 ******
 ******
 ******
 ******
 ******
 ******
 ******
 ******
 ******
 ******
 ******
 ******
 ******
 ******
 ******
 ******
 ******
 ******
 ******
 ******
 ******
 ******
 ******
 ******
 ******
 ******
 ******
 ******
 ******
 ******
 ******
 ******
 ******
 ******
 ******
 ******
 ******
 ******
 ******
 ******
 ******
 ******
 ******
 ******
 ******
 ******
 ******
 ******
 ******
 ******
 ******
 ******
 ******
 ******
 ******
 ******
 ******
 ******
 ******
 ******
 ******
 ******
 ******
 ******
 ******
 ******
 ******
 ******
 ******
 ******
 ******
 ******
 ******
 ******
 ******
 ******
 ******
 ******
 ******
 ******
 ******
 ******
 ******
 ******
 ******
 ******
 ******
 ******
 ******
 ******
 ******
 ******
 ******
 ******
 ******
 ******
 ******
 ******
 ******
 ******
 ******
 ******
 ******
 ******
 ******
 ******
 ******
 ******
 ******
 ******
 ******
 ******
 ******
 ******
 ******
 ******
 ******
 ******
 ******
 ******
 ******
 ******
 ******
 ******
 ******
 ******
 ******
 ******
 ******
 ******
 ******
 ******
 ******
 ******
 ******
 ******
 ******
 ******
 ******
 ******
 ******
 ******
 ******
 ******
 ******
 ******
 ******
 ******
 ******
 ******
 ******
 ******
 ******
 ******
 ******
 ******
 ******
 ******
 ******
 ******
 ******
 ******
 ******
 ******
 ******
 ******
 ******
 ******
 ******
 ******
 ******
 ******
 ******
 ******
 ******
 ******
 ******
 ******
 ******
 ******
 ******
 ******
 ******
 ******
 ******
 ******
 ******
 ******
 ******
 ******
 ******
 ******
 ******
 ******
 ******
 ******
 ******
 ******
 ******
 ******
 ******
 ******
 ******
 ******
 ******
 ******
 ******
 ******
 ******
 ******
 ******
 ******
 ******
 ******
 ******
 ******
 ******
 ******
 ******
 ******
 ******
 ******
 ******
 ******
 ******
 ******
 ******
 ******
 ******
 ******
 ******
 ******
 ******
 ******
 ******
 ******
 ******
 ******
 ******
 ******
 ******
 ******
 ******
 ******
 ******
 ******
 ******
 ******
 ******
 ******
 ******
 ******
 ******
 ******
 ******
 ******
 ******
 ******
 ******
 ******
 ******
 ******
 ******
 ******
 ******
 ******
 ******
 ******
 ******
 ******
 ******
 ******
 ******
 ******
 ******
 ******
 ******
 ******
 ******
 ******
 ******
 ******
 ******
 ******
 ******
 ******
 ******
 ******
 ******
 ******
 ******
 ******
 ******
 ******
 ******
 ******
 ******
 ******
 ******
 ******
 ******
 ******
 ******
 ******
 ******
 ******
 ******
 ******
 ******
 ******
 ******
 ******
 ******
 ******
 ******
 ******
 ******
 ******
 ******
 ******
 ******
 ******
 ******
 ******
 ******
 ******
 ******
 ******
 ******
 ******
 ******
 ******
 ******
 ******
 ******
 ******
 ******
 ******
 ******
 ******
 ******
 ******
 ******
 ******
 ******
 ******
 ******
 ******
 ******
 ******
 ******
 ******
 ******
 ******
 ******
 ******
 ******
 ******
 ******
 ******
 ******
 ******
 ******
 ******
 ******
 ******
 ******
 ******
 ******
 ******
 ******
 ******
 ******
 ******
 ******
 ******
 ******
 ******
 ******
 ******
 ******
 ******
 ******
 ******
 ******
 ******
