   0.47504E+02    0.39202E+02    0.33274E+02    0.50000E+02
   0.46742E+02    0.37082E+02    0.22488E+02    0.50000E+02
   0.46415E+02    0.40665E+02    0.15057E+02    0.50000E+02
   0.46698E+02    0.42488E+02    0.12792E+02    0.50000E+02
   0.47278E+02    0.47920E+02    0.14191E+02    0.50000E+02
   0.47803E+02    0.48569E+02    0.17016E+02    0.50000E+02
   0.48071E+02    0.49144E+02    0.19233E+02    0.50000E+02
   0.48069E+02    0.48082E+02    0.19917E+02    0.50000E+02
   0.47920E+02    0.47948E+02    0.19416E+02    0.50000E+02
   0.47768E+02    0.47865E+02    0.18624E+02    0.50000E+02
   0.46467E+02    0.48135E+02    0.18096E+02    0.50000E+02
   0.46002E+02    0.48508E+02    0.17995E+02    0.50000E+02
   0.45567E+02    0.48620E+02    0.18182E+02    0.50000E+02
   0.45142E+02    0.48695E+02    0.18445E+02    0.50000E+02
   0.44710E+02    0.48469E+02    0.18647E+02    0.50000E+02
   0.45595E+02    0.48276E+02    0.18738E+02    0.50000E+02
   0.45668E+02    0.48113E+02    0.18752E+02    0.50000E+02
   0.45769E+02    0.47928E+02    0.18757E+02    0.50000E+02
   0.45883E+02    0.47831E+02    0.18775E+02    0.50000E+02
   0.46010E+02    0.47661E+02    0.18821E+02    0.50000E+02
   0.43500E+02    0.47525E+02    0.18900E+02    0.50000E+02
   0.42619E+02    0.47303E+02    0.18981E+02    0.50000E+02
   0.41703E+02    0.47067E+02    0.19037E+02    0.50000E+02
   0.40790E+02    0.46789E+02    0.19073E+02    0.50000E+02
   0.39885E+02    0.46491E+02    0.19095E+02    0.50000E+02
   0.38691E+02    0.46175E+02    0.19114E+02    0.50000E+02
   0.37687E+02    0.45826E+02    0.19131E+02    0.50000E+02
   0.36686E+02    0.45470E+02    0.19144E+02    0.50000E+02
   0.35691E+02    0.45075E+02    0.19155E+02    0.50000E+02
   0.34700E+02    0.44687E+02    0.19159E+02    0.50000E+02
   0.34053E+02    0.44261E+02    0.19158E+02    0.50000E+02
   0.33199E+02    0.43856E+02    0.19150E+02    0.50000E+02
   0.32350E+02    0.43413E+02    0.19144E+02    0.50000E+02
   0.31502E+02    0.43002E+02    0.19133E+02    0.50000E+02
   0.30653E+02    0.42551E+02    0.19126E+02    0.50000E+02
   0.30950E+02    0.42146E+02    0.19104E+02    0.50000E+02
   0.30535E+02    0.41704E+02    0.19086E+02    0.50000E+02
   0.30134E+02    0.41322E+02    0.19070E+02    0.50000E+02
   0.29728E+02    0.40899E+02    0.19065E+02    0.50000E+02
   0.29317E+02    0.40544E+02    0.19058E+02    0.50000E+02
   0.30962E+02    0.40151E+02    0.19041E+02    0.50000E+02
   0.31330E+02    0.39846E+02    0.19018E+02    0.50000E+02
   0.31723E+02    0.39505E+02    0.19015E+02    0.50000E+02
   0.32112E+02    0.39254E+02    0.19015E+02    0.50000E+02
   0.32492E+02    0.38960E+02    0.19026E+02    0.50000E+02
   0.35603E+02    0.38769E+02    0.19009E+02    0.50000E+02
   0.37029E+02    0.38543E+02    0.18996E+02    0.50000E+02
   0.38492E+02    0.38430E+02    0.18990E+02    0.50000E+02
   0.39954E+02    0.38265E+02    0.19000E+02    0.50000E+02
   0.41410E+02    0.38216E+02    0.19007E+02    0.50000E+02
   0.45842E+02    0.38108E+02    0.18993E+02    0.50000E+02
   0.48458E+02    0.38142E+02    0.18968E+02    0.50000E+02
   0.51119E+02    0.38102E+02    0.18958E+02    0.50000E+02
   0.53784E+02    0.38208E+02    0.18952E+02    0.50000E+02
   0.56449E+02    0.38214E+02    0.18949E+02    0.50000E+02
   0.61738E+02    0.38386E+02    0.18918E+02    0.50000E+02
   0.65449E+02    0.38448E+02    0.18883E+02    0.50000E+02
   0.69203E+02    0.38693E+02    0.18852E+02    0.50000E+02
   0.72967E+02    0.38800E+02    0.18829E+02    0.50000E+02
   0.76735E+02    0.39096E+02    0.18802E+02    0.50000E+02
   0.82239E+02    0.39240E+02    0.18759E+02    0.50000E+02
   0.86718E+02    0.39587E+02    0.18708E+02    0.50000E+02
   0.91229E+02    0.39775E+02    0.18662E+02    0.50000E+02
   0.95753E+02    0.40156E+02    0.18616E+02    0.50000E+02
   0.10008E+03    0.40377E+02    0.18569E+02    0.50000E+02
   0.10010E+03    0.40773E+02    0.18535E+02    0.50000E+02
   0.10010E+03    0.41006E+02    0.18522E+02    0.50000E+02
   0.10010E+03    0.41384E+02    0.18495E+02    0.50000E+02
   0.10010E+03    0.41627E+02    0.18438E+02    0.50000E+02
   0.10010E+03    0.42010E+02    0.18356E+02    0.50000E+02
   0.10009E+03    0.42290E+02    0.18266E+02    0.50000E+02
   0.10009E+03    0.42682E+02    0.18178E+02    0.50000E+02
   0.10009E+03    0.42980E+02    0.18097E+02    0.50000E+02
   0.10009E+03    0.43358E+02    0.18018E+02    0.50000E+02
   0.10009E+03    0.43651E+02    0.17938E+02    0.50000E+02
   0.10008E+03    0.44004E+02    0.17856E+02    0.50000E+02
   0.10008E+03    0.44288E+02    0.17768E+02    0.50000E+02
   0.10008E+03    0.44616E+02    0.17679E+02    0.50000E+02
   0.10008E+03    0.44886E+02    0.17590E+02    0.50000E+02
   0.10008E+03    0.45183E+02    0.17503E+02    0.50000E+02
   0.10006E+03    0.45430E+02    0.17419E+02    0.50000E+02
   0.10006E+03    0.45692E+02    0.17334E+02    0.50000E+02
   0.10007E+03    0.45912E+02    0.17251E+02    0.50000E+02
   0.10007E+03    0.46138E+02    0.17172E+02    0.50000E+02
   0.10007E+03    0.46328E+02    0.17096E+02    0.50000E+02
   0.10005E+03    0.46515E+02    0.17026E+02    0.50000E+02
   0.10005E+03    0.46675E+02    0.16956E+02    0.50000E+02
   0.10005E+03    0.46826E+02    0.16891E+02    0.50000E+02
   0.10005E+03    0.46959E+02    0.16832E+02    0.50000E+02
   0.10005E+03    0.47074E+02    0.16780E+02    0.50000E+02
   0.10003E+03    0.47197E+02    0.16734E+02    0.50000E+02
   0.10003E+03    0.47280E+02    0.16686E+02    0.50000E+02
   0.10003E+03    0.47413E+02    0.16642E+02    0.50000E+02
   0.10003E+03    0.47474E+02    0.16611E+02    0.50000E+02
   0.10003E+03    0.47604E+02    0.16587E+02    0.50000E+02
   0.99507E+02    0.47638E+02    0.16582E+02    0.50000E+02
   0.10001E+03    0.47746E+02    0.16570E+02    0.50000E+02
   0.10001E+03    0.47759E+02    0.16562E+02    0.50000E+02
   0.10001E+03    0.47851E+02    0.16562E+02    0.50000E+02
   0.10001E+03    0.47844E+02    0.16574E+02    0.50000E+02
   0.98657E+02    0.47903E+02    0.16599E+02    0.50000E+02
   0.98463E+02    0.47864E+02    0.16624E+02    0.50000E+02
   0.98244E+02    0.47884E+02    0.16640E+02    0.50000E+02
   0.98030E+02    0.47822E+02    0.16659E+02    0.50000E+02
   0.97824E+02    0.47810E+02    0.16680E+02    0.50000E+02
   0.95905E+02    0.47721E+02    0.16720E+02    0.50000E+02
   0.95014E+02    0.47658E+02    0.16760E+02    0.50000E+02
   0.94107E+02    0.47529E+02    0.16797E+02    0.50000E+02
   0.93204E+02    0.47418E+02    0.16828E+02    0.50000E+02
   0.92309E+02    0.47259E+02    0.16858E+02    0.50000E+02
   0.90120E+02    0.47106E+02    0.16896E+02    0.50000E+02
   0.88718E+02    0.46910E+02    0.16936E+02    0.50000E+02
   0.87308E+02    0.46707E+02    0.16971E+02    0.50000E+02
   0.85907E+02    0.46477E+02    0.17002E+02    0.50000E+02
   0.84516E+02    0.46230E+02    0.17031E+02    0.50000E+02
   0.82316E+02    0.45970E+02    0.17064E+02    0.50000E+02
   0.80617E+02    0.45683E+02    0.17097E+02    0.50000E+02
   0.78917E+02    0.45393E+02    0.17125E+02    0.50000E+02
   0.77225E+02    0.45076E+02    0.17149E+02    0.50000E+02
   0.75543E+02    0.44768E+02    0.17172E+02    0.50000E+02
   0.73580E+02    0.44434E+02    0.17197E+02    0.50000E+02
   0.71800E+02    0.44114E+02    0.17222E+02    0.50000E+02
   0.70022E+02    0.43768E+02    0.17248E+02    0.50000E+02
   0.68251E+02    0.43445E+02    0.17272E+02    0.50000E+02
   0.66485E+02    0.43101E+02    0.17298E+02    0.50000E+02
   0.65000E+02    0.42786E+02    0.17322E+02    0.50000E+02
   0.63353E+02    0.42456E+02    0.17349E+02    0.50000E+02
   0.61712E+02    0.42160E+02    0.17377E+02    0.50000E+02
   0.60075E+02    0.41853E+02    0.17410E+02    0.50000E+02
   0.58440E+02    0.41582E+02    0.17441E+02    0.50000E+02
   0.57636E+02    0.41308E+02    0.17470E+02    0.50000E+02
   0.56331E+02    0.41074E+02    0.17497E+02    0.50000E+02
   0.55038E+02    0.40845E+02    0.17531E+02    0.50000E+02
   0.53746E+02    0.40652E+02    0.17566E+02    0.50000E+02
   0.52454E+02    0.40467E+02    0.17604E+02    0.50000E+02
   0.52467E+02    0.40319E+02    0.17629E+02    0.50000E+02
   0.51687E+02    0.40188E+02    0.17655E+02    0.50000E+02
   0.50925E+02    0.40094E+02    0.17683E+02    0.50000E+02
   0.50163E+02    0.40015E+02    0.17716E+02    0.50000E+02
   0.49400E+02    0.39966E+02    0.17746E+02    0.50000E+02
   0.50253E+02    0.39936E+02    0.17763E+02    0.50000E+02
   0.50122E+02    0.39940E+02    0.17773E+02    0.50000E+02
   0.50012E+02    0.39964E+02    0.17789E+02    0.50000E+02
   0.49903E+02    0.40013E+02    0.17805E+02    0.50000E+02
   0.49792E+02    0.40077E+02    0.17821E+02    0.50000E+02
   0.51377E+02    0.40165E+02    0.17818E+02    0.50000E+02
   0.51930E+02    0.40273E+02    0.17810E+02    0.50000E+02
   0.52505E+02    0.40404E+02    0.17804E+02    0.50000E+02
   0.53082E+02    0.40544E+02    0.17801E+02    0.50000E+02
   0.53657E+02    0.40701E+02    0.17794E+02    0.50000E+02
   0.55741E+02    0.40865E+02    0.17772E+02    0.50000E+02
   0.56910E+02    0.41051E+02    0.17744E+02    0.50000E+02
   0.58099E+02    0.41240E+02    0.17718E+02    0.50000E+02
   0.59289E+02    0.41445E+02    0.17693E+02    0.50000E+02
   0.60479E+02    0.41646E+02    0.17667E+02    0.50000E+02
   0.62735E+02    0.41861E+02    0.17629E+02    0.50000E+02
   0.64347E+02    0.42073E+02    0.17586E+02    0.50000E+02
   0.65974E+02    0.42298E+02    0.17546E+02    0.50000E+02
   0.67603E+02    0.42515E+02    0.17506E+02    0.50000E+02
   0.69231E+02    0.42740E+02    0.17465E+02    0.50000E+02
   0.71284E+02    0.42953E+02    0.17419E+02    0.50000E+02
   0.73082E+02    0.43175E+02    0.17371E+02    0.50000E+02
   0.74886E+02    0.43386E+02    0.17322E+02    0.50000E+02
   0.76690E+02    0.43600E+02    0.17275E+02    0.50000E+02
   0.78495E+02    0.43802E+02    0.17228E+02    0.50000E+02
   0.79999E+02    0.44003E+02    0.17183E+02    0.50000E+02
   0.81682E+02    0.44193E+02    0.17137E+02    0.50000E+02
   0.83360E+02    0.44378E+02    0.17090E+02    0.50000E+02
   0.85037E+02    0.44555E+02    0.17043E+02    0.50000E+02
   0.86714E+02    0.44723E+02    0.16998E+02    0.50000E+02
   0.87435E+02    0.44885E+02    0.16960E+02    0.50000E+02
   0.88723E+02    0.45030E+02    0.16925E+02    0.50000E+02
   0.89996E+02    0.45172E+02    0.16886E+02    0.50000E+02
   0.91267E+02    0.45297E+02    0.16848E+02    0.50000E+02
   0.92536E+02    0.45424E+02    0.16811E+02    0.50000E+02
   0.92394E+02    0.45529E+02    0.16787E+02    0.50000E+02
   0.93088E+02    0.45633E+02    0.16765E+02    0.50000E+02
   0.93762E+02    0.45711E+02    0.16741E+02    0.50000E+02
   0.94432E+02    0.45797E+02    0.16715E+02    0.50000E+02
   0.95102E+02    0.45857E+02    0.16692E+02    0.50000E+02
   0.94156E+02    0.45926E+02    0.16681E+02    0.50000E+02
   0.94170E+02    0.45960E+02    0.16676E+02    0.50000E+02
   0.94162E+02    0.46004E+02    0.16666E+02    0.50000E+02
   0.94153E+02    0.46018E+02    0.16656E+02    0.50000E+02
   0.94145E+02    0.46047E+02    0.16646E+02    0.50000E+02
   0.92552E+02    0.46042E+02    0.16651E+02    0.50000E+02
   0.91905E+02    0.46048E+02    0.16659E+02    0.50000E+02
   0.91241E+02    0.46018E+02    0.16664E+02    0.50000E+02
   0.90577E+02    0.46005E+02    0.16666E+02    0.50000E+02
   0.89918E+02    0.45960E+02    0.16670E+02    0.50000E+02
   0.87880E+02    0.45931E+02    0.16685E+02    0.50000E+02
   0.86672E+02    0.45865E+02    0.16704E+02    0.50000E+02
   0.85453E+02    0.45813E+02    0.16719E+02    0.50000E+02
   0.84238E+02    0.45730E+02    0.16733E+02    0.50000E+02
   0.83031E+02    0.45663E+02    0.16746E+02    0.50000E+02
   0.80759E+02    0.45567E+02    0.16769E+02    0.50000E+02
   0.79137E+02    0.45482E+02    0.16794E+02    0.50000E+02
   0.77511E+02    0.45368E+02    0.16817E+02    0.50000E+02
   0.75892E+02    0.45268E+02    0.16837E+02    0.50000E+02
   0.74283E+02    0.45144E+02    0.16858E+02    0.50000E+02
   0.71979E+02    0.45033E+02    0.16883E+02    0.50000E+02
   0.70110E+02    0.44898E+02    0.16912E+02    0.50000E+02
   0.68243E+02    0.44774E+02    0.16938E+02    0.50000E+02
   0.66386E+02    0.44631E+02    0.16963E+02    0.50000E+02
   0.64540E+02    0.44500E+02    0.16987E+02    0.50000E+02
   0.62390E+02    0.44354E+02    0.17014E+02    0.50000E+02
   0.60443E+02    0.44218E+02    0.17042E+02    0.50000E+02
   0.58504E+02    0.44069E+02    0.17070E+02    0.50000E+02
   0.56576E+02    0.43931E+02    0.17096E+02    0.50000E+02
   0.54660E+02    0.43783E+02    0.17123E+02    0.50000E+02
   0.52829E+02    0.43649E+02    0.17149E+02    0.50000E+02
   0.50965E+02    0.43506E+02    0.17174E+02    0.50000E+02
   0.49114E+02    0.43377E+02    0.17201E+02    0.50000E+02
   0.47275E+02    0.43241E+02    0.17227E+02    0.50000E+02
   0.45448E+02    0.43120E+02    0.17254E+02    0.50000E+02
   0.44071E+02    0.42994E+02    0.17276E+02    0.50000E+02
   0.42436E+02    0.42886E+02    0.17297E+02    0.50000E+02
   0.40818E+02    0.42775E+02    0.17320E+02    0.50000E+02
   0.39211E+02    0.42681E+02    0.17344E+02    0.50000E+02
   0.37614E+02    0.42584E+02    0.17368E+02    0.50000E+02
   0.36787E+02    0.42504E+02    0.17384E+02    0.50000E+02
   0.35503E+02    0.42427E+02    0.17398E+02    0.50000E+02
   0.34237E+02    0.42368E+02    0.17416E+02    0.50000E+02
   0.32980E+02    0.42309E+02    0.17433E+02    0.50000E+02
   0.31731E+02    0.42265E+02    0.17452E+02    0.50000E+02
   0.31494E+02    0.42224E+02    0.17459E+02    0.50000E+02
   0.30644E+02    0.42202E+02    0.17465E+02    0.50000E+02
   0.29814E+02    0.42185E+02    0.17472E+02    0.50000E+02
   0.28991E+02    0.42180E+02    0.17483E+02    0.50000E+02
   0.28173E+02    0.42179E+02    0.17492E+02    0.50000E+02
   0.28497E+02    0.42190E+02    0.17490E+02    0.50000E+02
   0.28123E+02    0.42210E+02    0.17485E+02    0.50000E+02
   0.27767E+02    0.42242E+02    0.17483E+02    0.50000E+02
   0.27416E+02    0.42279E+02    0.17483E+02    0.50000E+02
   0.27067E+02    0.42322E+02    0.17483E+02    0.50000E+02
   0.27853E+02    0.42372E+02    0.17471E+02    0.50000E+02
   0.27940E+02    0.42432E+02    0.17456E+02    0.50000E+02
   0.28045E+02    0.42500E+02    0.17444E+02    0.50000E+02
   0.28151E+02    0.42571E+02    0.17436E+02    0.50000E+02
   0.28258E+02    0.42647E+02    0.17426E+02    0.50000E+02
   0.29338E+02    0.42724E+02    0.17407E+02    0.50000E+02
   0.29817E+02    0.42813E+02    0.17384E+02    0.50000E+02
   0.30311E+02    0.42900E+02    0.17365E+02    0.50000E+02
   0.30805E+02    0.42996E+02    0.17348E+02    0.50000E+02
   0.31298E+02    0.43085E+02    0.17332E+02    0.50000E+02
   0.32463E+02    0.43184E+02    0.17308E+02    0.50000E+02
   0.33213E+02    0.43278E+02    0.17283E+02    0.50000E+02
   0.33971E+02    0.43381E+02    0.17259E+02    0.50000E+02
   0.34730E+02    0.43476E+02    0.17238E+02    0.50000E+02
   0.35487E+02    0.43578E+02    0.17217E+02    0.50000E+02
   0.36523E+02    0.43670E+02    0.17193E+02    0.50000E+02
   0.37385E+02    0.43771E+02    0.17168E+02    0.50000E+02
   0.38250E+02    0.43861E+02    0.17144E+02    0.50000E+02
   0.39114E+02    0.43958E+02    0.17121E+02    0.50000E+02
   0.39977E+02    0.44044E+02    0.17099E+02    0.50000E+02
   0.40707E+02    0.44135E+02    0.17078E+02    0.50000E+02
   0.41515E+02    0.44215E+02    0.17057E+02    0.50000E+02
   0.42320E+02    0.44298E+02    0.17036E+02    0.50000E+02
   0.43122E+02    0.44372E+02    0.17015E+02    0.50000E+02
   0.43924E+02    0.44448E+02    0.16995E+02    0.50000E+02
   0.44243E+02    0.44514E+02    0.16979E+02    0.50000E+02
   0.44854E+02    0.44579E+02    0.16964E+02    0.50000E+02
   0.45456E+02    0.44634E+02    0.16948E+02    0.50000E+02
   0.46055E+02    0.44690E+02    0.16931E+02    0.50000E+02
   0.46653E+02    0.44738E+02    0.16914E+02    0.50000E+02
   0.46538E+02    0.44784E+02    0.16905E+02    0.50000E+02
   0.46856E+02    0.44821E+02    0.16897E+02    0.50000E+02
   0.47161E+02    0.44854E+02    0.16887E+02    0.50000E+02
   0.47465E+02    0.44881E+02    0.16875E+02    0.50000E+02
   0.47768E+02    0.44905E+02    0.16864E+02    0.50000E+02
   0.47264E+02    0.44924E+02    0.16860E+02    0.50000E+02
   0.47251E+02    0.44935E+02    0.16859E+02    0.50000E+02
   0.47226E+02    0.44940E+02    0.16855E+02    0.50000E+02
   0.47200E+02    0.44941E+02    0.16850E+02    0.50000E+02
   0.47175E+02    0.44939E+02    0.16844E+02    0.50000E+02
   0.46374E+02    0.44931E+02    0.16846E+02    0.50000E+02
   0.46047E+02    0.44919E+02    0.16850E+02    0.50000E+02
   0.45711E+02    0.44898E+02    0.16852E+02    0.50000E+02
   0.45374E+02    0.44876E+02    0.16852E+02    0.50000E+02
   0.45039E+02    0.44849E+02    0.16852E+02    0.50000E+02
   0.44056E+02    0.44821E+02    0.16859E+02    0.50000E+02
   0.43472E+02    0.44784E+02    0.16867E+02    0.50000E+02
   0.42882E+02    0.44746E+02    0.16873E+02    0.50000E+02
   0.42294E+02    0.44702E+02    0.16878E+02    0.50000E+02
   0.41708E+02    0.44659E+02    0.16882E+02    0.50000E+02
   0.40662E+02    0.44610E+02    0.16892E+02    0.50000E+02
   0.39903E+02    0.44560E+02    0.16902E+02    0.50000E+02
   0.39142E+02    0.44505E+02    0.16912E+02    0.50000E+02
   0.38383E+02    0.44451E+02    0.16920E+02    0.50000E+02
   0.37629E+02    0.44393E+02    0.16928E+02    0.50000E+02
   0.36632E+02    0.44337E+02    0.16939E+02    0.50000E+02
   0.35790E+02    0.44276E+02    0.16950E+02    0.50000E+02
   0.34950E+02    0.44217E+02    0.16962E+02    0.50000E+02
   0.34115E+02    0.44155E+02    0.16972E+02    0.50000E+02
   0.33284E+02    0.44096E+02    0.16982E+02    0.50000E+02
   0.32433E+02    0.44034E+02    0.16993E+02    0.50000E+02
   0.31602E+02    0.43976E+02    0.17004E+02    0.50000E+02
   0.30775E+02    0.43917E+02    0.17016E+02    0.50000E+02
   0.29954E+02    0.43860E+02    0.17027E+02    0.50000E+02
   0.29136E+02    0.43803E+02    0.17039E+02    0.50000E+02
   0.28510E+02    0.43750E+02    0.17048E+02    0.50000E+02
   0.27773E+02    0.43698E+02    0.17058E+02    0.50000E+02
   0.27044E+02    0.43650E+02    0.17068E+02    0.50000E+02
   0.26318E+02    0.43602E+02    0.17079E+02    0.50000E+02
   0.25597E+02    0.43558E+02    0.17090E+02    0.50000E+02
   0.25247E+02    0.43516E+02    0.17098E+02    0.50000E+02
   0.24673E+02    0.43479E+02    0.17105E+02    0.50000E+02
   0.24108E+02    0.43445E+02    0.17113E+02    0.50000E+02
   0.23547E+02    0.43415E+02    0.17122E+02    0.50000E+02
   0.22989E+02    0.43386E+02    0.17131E+02    0.50000E+02
   0.22935E+02    0.43362E+02    0.17136E+02    0.50000E+02
   0.22573E+02    0.43342E+02    0.17139E+02    0.50000E+02
   0.22220E+02    0.43328E+02    0.17145E+02    0.50000E+02
   0.21870E+02    0.43315E+02    0.17151E+02    0.50000E+02
   0.21522E+02    0.43306E+02    0.17158E+02    0.50000E+02
   0.21751E+02    0.43299E+02    0.17159E+02    0.50000E+02
   0.21625E+02    0.43298E+02    0.17159E+02    0.50000E+02
   0.21508E+02    0.43301E+02    0.17160E+02    0.50000E+02
   0.21393E+02    0.43307E+02    0.17164E+02    0.50000E+02
   0.21278E+02    0.43315E+02    0.17167E+02    0.50000E+02
   0.21744E+02    0.43325E+02    0.17165E+02    0.50000E+02
   0.21851E+02    0.43341E+02    0.17161E+02    0.50000E+02
   0.21966E+02    0.43359E+02    0.17160E+02    0.50000E+02
   0.22082E+02    0.43380E+02    0.17160E+02    0.50000E+02
   0.22198E+02    0.43401E+02    0.17160E+02    0.50000E+02
   0.22828E+02    0.43426E+02    0.17155E+02    0.50000E+02
   0.23139E+02    0.43452E+02    0.17149E+02    0.50000E+02
   0.23456E+02    0.43483E+02    0.17144E+02    0.50000E+02
   0.23774E+02    0.43512E+02    0.17141E+02    0.50000E+02
   0.24090E+02    0.43544E+02    0.17138E+02    0.50000E+02
   0.24794E+02    0.43574E+02    0.17132E+02    0.50000E+02
   0.25257E+02    0.43610E+02    0.17124E+02    0.50000E+02
   0.25725E+02    0.43643E+02    0.17117E+02    0.50000E+02
   0.26191E+02    0.43680E+02    0.17112E+02    0.50000E+02
   0.26657E+02    0.43713E+02    0.17107E+02    0.50000E+02
   0.27342E+02    0.43749E+02    0.17100E+02    0.50000E+02
   0.27890E+02    0.43782E+02    0.17092E+02    0.50000E+02
   0.28439E+02    0.43819E+02    0.17085E+02    0.50000E+02
   0.28987E+02    0.43851E+02    0.17078E+02    0.50000E+02
   0.29534E+02    0.43886E+02    0.17072E+02    0.50000E+02
   0.30120E+02    0.43916E+02    0.17065E+02    0.50000E+02
   0.30680E+02    0.43950E+02    0.17058E+02    0.50000E+02
   0.31238E+02    0.43978E+02    0.17051E+02    0.50000E+02
   0.31795E+02    0.44009E+02    0.17044E+02    0.50000E+02
   0.32351E+02    0.44035E+02    0.17037E+02    0.50000E+02
   0.32783E+02    0.44064E+02    0.17032E+02    0.50000E+02
   0.33288E+02    0.44086E+02    0.17026E+02    0.50000E+02
   0.33790E+02    0.44110E+02    0.17021E+02    0.50000E+02
   0.34290E+02    0.44130E+02    0.17014E+02    0.50000E+02
   0.34789E+02    0.44151E+02    0.17008E+02    0.50000E+02
   0.35040E+02    0.44167E+02    0.17004E+02    0.50000E+02
   0.35440E+02    0.44184E+02    0.17001E+02    0.50000E+02
   0.35836E+02    0.44196E+02    0.16996E+02    0.50000E+02
   0.36229E+02    0.44209E+02    0.16991E+02    0.50000E+02
   0.36621E+02    0.44218E+02    0.16986E+02    0.50000E+02
   0.36694E+02    0.44227E+02    0.16985E+02    0.50000E+02
   0.36960E+02    0.44231E+02    0.16983E+02    0.50000E+02
   0.37221E+02    0.44236E+02    0.16981E+02    0.50000E+02
   0.37480E+02    0.44236E+02    0.16977E+02    0.50000E+02
   0.37738E+02    0.44238E+02    0.16974E+02    0.50000E+02
   0.37657E+02    0.44236E+02    0.16974E+02    0.50000E+02
   0.37783E+02    0.44234E+02    0.16974E+02    0.50000E+02
   0.37902E+02    0.44227E+02    0.16973E+02    0.50000E+02
   0.38021E+02    0.44221E+02    0.16972E+02    0.50000E+02
   0.38138E+02    0.44212E+02    0.16970E+02    0.50000E+02
   0.37944E+02    0.44204E+02    0.16971E+02    0.50000E+02
   0.37939E+02    0.44192E+02    0.16973E+02    0.50000E+02
   0.37931E+02    0.44180E+02    0.16974E+02    0.50000E+02
   0.37921E+02    0.44165E+02    0.16974E+02    0.50000E+02
   0.37911E+02    0.44152E+02    0.16974E+02    0.50000E+02
   0.37648E+02    0.44136E+02    0.16976E+02    0.50000E+02
   0.37540E+02    0.44120E+02    0.16979E+02    0.50000E+02
   0.37428E+02    0.44102E+02    0.16981E+02    0.50000E+02
   0.37317E+02    0.44085E+02    0.16982E+02    0.50000E+02
   0.37205E+02    0.44066E+02    0.16984E+02    0.50000E+02
   0.36918E+02    0.44049E+02    0.16987E+02    0.50000E+02
   0.36740E+02    0.44029E+02    0.16990E+02    0.50000E+02
   0.36559E+02    0.44010E+02    0.16993E+02    0.50000E+02
   0.36379E+02    0.43990E+02    0.16995E+02    0.50000E+02
   0.36199E+02    0.43972E+02    0.16997E+02    0.50000E+02
   0.35929E+02    0.43953E+02    0.17000E+02    0.50000E+02
   0.35716E+02    0.43934E+02    0.17003E+02    0.50000E+02
   0.35502E+02    0.43915E+02    0.17006E+02    0.50000E+02
   0.35288E+02    0.43898E+02    0.17009E+02    0.50000E+02
   0.35076E+02    0.43880E+02    0.17012E+02    0.50000E+02
   0.34854E+02    0.43864E+02    0.17015E+02    0.50000E+02
   0.34639E+02    0.43847E+02    0.17017E+02    0.50000E+02
   0.34425E+02    0.43832E+02    0.17020E+02    0.50000E+02
   0.34211E+02    0.43818E+02    0.17023E+02    0.50000E+02
   0.33999E+02    0.43804E+02    0.17026E+02    0.50000E+02
   0.33846E+02    0.43792E+02    0.17028E+02    0.50000E+02
   0.33657E+02    0.43780E+02    0.17030E+02    0.50000E+02
   0.33471E+02    0.43770E+02    0.17032E+02    0.50000E+02
   0.33285E+02    0.43761E+02    0.17034E+02    0.50000E+02
   0.33100E+02    0.43752E+02    0.17037E+02    0.50000E+02
   0.33024E+02    0.43745E+02    0.17038E+02    0.50000E+02
   0.32882E+02    0.43739E+02    0.17039E+02    0.50000E+02
   0.32743E+02    0.43735E+02    0.17040E+02    0.50000E+02
   0.32604E+02    0.43731E+02    0.17042E+02    0.50000E+02
   0.32466E+02    0.43728E+02    0.17043E+02    0.50000E+02
   0.32466E+02    0.43727E+02    0.17044E+02    0.50000E+02
   0.32382E+02    0.43727E+02    0.17043E+02    0.50000E+02
   0.32300E+02    0.43728E+02    0.17044E+02    0.50000E+02
   0.32219E+02    0.43730E+02    0.17045E+02    0.50000E+02
   0.32138E+02    0.43727E+02    0.17032E+02    0.50000E+02
   0.32201E+02    0.43708E+02    0.16965E+02    0.50000E+02
   0.32178E+02    0.43683E+02    0.16857E+02    0.50000E+02
   0.32160E+02    0.43655E+02    0.16752E+02    0.50000E+02
   0.32145E+02    0.43620E+02    0.16689E+02    0.50000E+02
   0.32132E+02    0.43574E+02    0.16698E+02    0.50000E+02
   0.32247E+02    0.43528E+02    0.16771E+02    0.50000E+02
   0.32277E+02    0.43448E+02    0.16850E+02    0.50000E+02
   0.32305E+02    0.43420E+02    0.16894E+02    0.50000E+02
   0.32328E+02    0.43346E+02    0.16911E+02    0.50000E+02
   0.32350E+02    0.43404E+02    0.16913E+02    0.50000E+02
   0.32470E+02    0.43369E+02    0.16928E+02    0.50000E+02
   0.32529E+02    0.43476E+02    0.16958E+02    0.50000E+02
   0.32588E+02    0.43453E+02    0.17005E+02    0.50000E+02
   0.32646E+02    0.43569E+02    0.17054E+02    0.50000E+02
   0.32703E+02    0.43545E+02    0.17105E+02    0.50000E+02
   0.32732E+02    0.43670E+02    0.17147E+02    0.50000E+02
   0.32777E+02    0.43653E+02    0.17191E+02    0.50000E+02
   0.32822E+02    0.43786E+02    0.17230E+02    0.50000E+02
   0.32867E+02    0.43777E+02    0.17274E+02    0.50000E+02
   0.32914E+02    0.43903E+02    0.17316E+02    0.50000E+02
   0.32839E+02    0.43892E+02    0.17363E+02    0.50000E+02
   0.32842E+02    0.44000E+02    0.17406E+02    0.50000E+02
   0.32844E+02    0.43983E+02    0.17452E+02    0.50000E+02
   0.32848E+02    0.44069E+02    0.17491E+02    0.50000E+02
   0.32854E+02    0.44044E+02    0.17534E+02    0.50000E+02
   0.32950E+02    0.44110E+02    0.17571E+02    0.50000E+02
   0.32994E+02    0.44076E+02    0.17612E+02    0.50000E+02
   0.33042E+02    0.44123E+02    0.17649E+02    0.50000E+02
   0.33092E+02    0.44078E+02    0.17689E+02    0.50000E+02
   0.33144E+02    0.44106E+02    0.17724E+02    0.50000E+02
   0.33476E+02    0.44051E+02    0.17759E+02    0.50000E+02
   0.33638E+02    0.44063E+02    0.17790E+02    0.50000E+02
   0.33806E+02    0.44001E+02    0.17823E+02    0.50000E+02
   0.33976E+02    0.43997E+02    0.17853E+02    0.50000E+02
   0.34146E+02    0.43925E+02    0.17885E+02    0.50000E+02
   0.34769E+02    0.43906E+02    0.17909E+02    0.50000E+02
   0.35116E+02    0.43828E+02    0.17933E+02    0.50000E+02
   0.35469E+02    0.43797E+02    0.17956E+02    0.50000E+02
   0.35823E+02    0.43713E+02    0.17980E+02    0.50000E+02
   0.36178E+02    0.43669E+02    0.18001E+02    0.50000E+02
   0.37123E+02    0.43580E+02    0.18017E+02    0.50000E+02
   0.37706E+02    0.43527E+02    0.18029E+02    0.50000E+02
   0.38297E+02    0.43437E+02    0.18043E+02    0.50000E+02
   0.38888E+02    0.43376E+02    0.18056E+02    0.50000E+02
   0.39478E+02    0.43283E+02    0.18069E+02    0.50000E+02
   0.40751E+02    0.43211E+02    0.18073E+02    0.50000E+02
   0.41605E+02    0.43120E+02    0.18076E+02    0.50000E+02
   0.42468E+02    0.43030E+02    0.18081E+02    0.50000E+02
   0.43330E+02    0.42936E+02    0.18086E+02    0.50000E+02
   0.44191E+02    0.42832E+02    0.18090E+02    0.50000E+02
   0.45769E+02    0.42735E+02    0.18085E+02    0.50000E+02
   0.46908E+02    0.42630E+02    0.18076E+02    0.50000E+02
   0.48056E+02    0.42539E+02    0.18069E+02    0.50000E+02
   0.49204E+02    0.42435E+02    0.18063E+02    0.50000E+02
   0.50350E+02    0.42349E+02    0.18057E+02    0.50000E+02
   0.52173E+02    0.42247E+02    0.18044E+02    0.50000E+02
   0.53582E+02    0.42173E+02    0.18029E+02    0.50000E+02
   0.54999E+02    0.42083E+02    0.18017E+02    0.50000E+02
   0.56415E+02    0.42023E+02    0.18006E+02    0.50000E+02
   0.57828E+02    0.41945E+02    0.17995E+02    0.50000E+02
   0.59793E+02    0.41900E+02    0.17979E+02    0.50000E+02
   0.61420E+02    0.41842E+02    0.17961E+02    0.50000E+02
   0.63052E+02    0.41819E+02    0.17945E+02    0.50000E+02
   0.64682E+02    0.41782E+02    0.17931E+02    0.50000E+02
   0.66307E+02    0.41778E+02    0.17916E+02    0.50000E+02
   0.68286E+02    0.41763E+02    0.17898E+02    0.50000E+02
   0.70047E+02    0.41782E+02    0.17878E+02    0.50000E+02
   0.71808E+02    0.41793E+02    0.17859E+02    0.50000E+02
   0.73566E+02    0.41833E+02    0.17840E+02    0.50000E+02
   0.75319E+02    0.41868E+02    0.17821E+02    0.50000E+02
   0.77171E+02    0.41928E+02    0.17800E+02    0.50000E+02
   0.78956E+02    0.41989E+02    0.17778E+02    0.50000E+02
   0.80738E+02    0.42068E+02    0.17756E+02    0.50000E+02
   0.82516E+02    0.42148E+02    0.17733E+02    0.50000E+02
   0.84290E+02    0.42242E+02    0.17710E+02    0.50000E+02
   0.85888E+02    0.42336E+02    0.17687E+02    0.50000E+02
   0.87584E+02    0.42441E+02    0.17664E+02    0.50000E+02
   0.89272E+02    0.42545E+02    0.17638E+02    0.50000E+02
   0.90956E+02    0.42660E+02    0.17611E+02    0.50000E+02
   0.92637E+02    0.42772E+02    0.17583E+02    0.50000E+02
   0.93882E+02    0.42892E+02    0.17558E+02    0.50000E+02
   0.95380E+02    0.43007E+02    0.17532E+02    0.50000E+02
   0.96869E+02    0.43127E+02    0.17504E+02    0.50000E+02
   0.98353E+02    0.43243E+02    0.17474E+02    0.50000E+02
   0.99836E+02    0.43363E+02    0.17445E+02    0.50000E+02
   0.10002E+03    0.43478E+02    0.17420E+02    0.50000E+02
   0.10002E+03    0.43590E+02    0.17405E+02    0.50000E+02
   0.10002E+03    0.43693E+02    0.17389E+02    0.50000E+02
   0.10002E+03    0.43791E+02    0.17367E+02    0.50000E+02
   0.10002E+03    0.43889E+02    0.17338E+02    0.50000E+02
   0.10002E+03    0.43985E+02    0.17308E+02    0.50000E+02
   0.10002E+03    0.44083E+02    0.17277E+02    0.50000E+02
   0.10002E+03    0.44175E+02    0.17251E+02    0.50000E+02
   0.10002E+03    0.44267E+02    0.17228E+02    0.50000E+02
   0.10002E+03    0.44347E+02    0.17209E+02    0.50000E+02
   0.99905E+02    0.44429E+02    0.17192E+02    0.50000E+02
   0.10001E+03    0.44496E+02    0.17172E+02    0.50000E+02
   0.10001E+03    0.44570E+02    0.17151E+02    0.50000E+02
   0.10001E+03    0.44628E+02    0.17135E+02    0.50000E+02
   0.10001E+03    0.44693E+02    0.17121E+02    0.50000E+02
   0.99458E+02    0.44737E+02    0.17115E+02    0.50000E+02
   0.99473E+02    0.44788E+02    0.17106E+02    0.50000E+02
   0.99478E+02    0.44817E+02    0.17096E+02    0.50000E+02
   0.99486E+02    0.44859E+02    0.17085E+02    0.50000E+02
   0.99498E+02    0.44879E+02    0.17080E+02    0.50000E+02
   0.98623E+02    0.44909E+02    0.17081E+02    0.50000E+02
   0.98278E+02    0.44911E+02    0.17087E+02    0.50000E+02
   0.97923E+02    0.44925E+02    0.17089E+02    0.50000E+02
   0.97569E+02    0.44913E+02    0.17092E+02    0.50000E+02
   0.97217E+02    0.44917E+02    0.17093E+02    0.50000E+02
   0.96050E+02    0.44894E+02    0.17104E+02    0.50000E+02
   0.95372E+02    0.44883E+02    0.17115E+02    0.50000E+02
   0.94687E+02    0.44846E+02    0.17127E+02    0.50000E+02
   0.94004E+02    0.44823E+02    0.17136E+02    0.50000E+02
   0.93325E+02    0.44775E+02    0.17148E+02    0.50000E+02
   0.91944E+02    0.44742E+02    0.17164E+02    0.50000E+02
   0.90987E+02    0.44682E+02    0.17183E+02    0.50000E+02
   0.90026E+02    0.44635E+02    0.17200E+02    0.50000E+02
   0.89068E+02    0.44566E+02    0.17217E+02    0.50000E+02
   0.88116E+02    0.44511E+02    0.17233E+02    0.50000E+02
   0.86632E+02    0.44434E+02    0.17255E+02    0.50000E+02
   0.85474E+02    0.44369E+02    0.17277E+02    0.50000E+02
   0.84315E+02    0.44283E+02    0.17299E+02    0.50000E+02
   0.83160E+02    0.44210E+02    0.17319E+02    0.50000E+02
   0.82011E+02    0.44120E+02    0.17340E+02    0.50000E+02
   0.80565E+02    0.44041E+02    0.17363E+02    0.50000E+02
   0.79306E+02    0.43947E+02    0.17388E+02    0.50000E+02
   0.78050E+02    0.43863E+02    0.17411E+02    0.50000E+02
   0.76799E+02    0.43766E+02    0.17434E+02    0.50000E+02
   0.75555E+02    0.43679E+02    0.17457E+02    0.50000E+02
   0.74272E+02    0.43583E+02    0.17480E+02    0.50000E+02
   0.73023E+02    0.43495E+02    0.17503E+02    0.50000E+02
   0.71779E+02    0.43400E+02    0.17526E+02    0.50000E+02
   0.70541E+02    0.43313E+02    0.17549E+02    0.50000E+02
   0.69309E+02    0.43221E+02    0.17571E+02    0.50000E+02
   0.68298E+02    0.43137E+02    0.17592E+02    0.50000E+02
   0.67164E+02    0.43051E+02    0.17613E+02    0.50000E+02
   0.66038E+02    0.42972E+02    0.17634E+02    0.50000E+02
   0.64918E+02    0.42892E+02    0.17655E+02    0.50000E+02
   0.63803E+02    0.42818E+02    0.17676E+02    0.50000E+02
   0.63146E+02    0.42747E+02    0.17692E+02    0.50000E+02
   0.62220E+02    0.42682E+02    0.17708E+02    0.50000E+02
   0.61305E+02    0.42621E+02    0.17725E+02    0.50000E+02
   0.60395E+02    0.42565E+02    0.17743E+02    0.50000E+02
   0.59489E+02    0.42514E+02    0.17760E+02    0.50000E+02
   0.59230E+02    0.42467E+02    0.17772E+02    0.50000E+02
   0.58585E+02    0.42429E+02    0.17782E+02    0.50000E+02
   0.57953E+02    0.42395E+02    0.17794E+02    0.50000E+02
   0.57324E+02    0.42369E+02    0.17806E+02    0.50000E+02
   0.56697E+02    0.42343E+02    0.17819E+02    0.50000E+02
   0.56835E+02    0.42329E+02    0.17824E+02    0.50000E+02
   0.56514E+02    0.42317E+02    0.17827E+02    0.50000E+02
   0.56205E+02    0.42318E+02    0.17832E+02    0.50000E+02
   0.55898E+02    0.42316E+02    0.17840E+02    0.50000E+02
   0.55593E+02    0.42327E+02    0.17846E+02    0.50000E+02
   0.56080E+02    0.42334E+02    0.17845E+02    0.50000E+02
   0.56088E+02    0.42358E+02    0.17841E+02    0.50000E+02
   0.56108E+02    0.42378E+02    0.17841E+02    0.50000E+02
   0.56130E+02    0.42413E+02    0.17841E+02    0.50000E+02
   0.56152E+02    0.42440E+02    0.17842E+02    0.50000E+02
   0.56894E+02    0.42483E+02    0.17835E+02    0.50000E+02
   0.57200E+02    0.42519E+02    0.17827E+02    0.50000E+02
   0.57516E+02    0.42574E+02    0.17820E+02    0.50000E+02
   0.57833E+02    0.42617E+02    0.17815E+02    0.50000E+02
   0.58149E+02    0.42677E+02    0.17810E+02    0.50000E+02
   0.59023E+02    0.42724E+02    0.17800E+02    0.50000E+02
   0.59558E+02    0.42791E+02    0.17787E+02    0.50000E+02
   0.60101E+02    0.42845E+02    0.17777E+02    0.50000E+02
   0.60644E+02    0.42916E+02    0.17767E+02    0.50000E+02
   0.61186E+02    0.42972E+02    0.17758E+02    0.50000E+02
   0.62053E+02    0.43044E+02    0.17746E+02    0.50000E+02
   0.62723E+02    0.43102E+02    0.17733E+02    0.50000E+02
   0.63396E+02    0.43176E+02    0.17720E+02    0.50000E+02
   0.64068E+02    0.43235E+02    0.17709E+02    0.50000E+02
   0.64739E+02    0.43308E+02    0.17697E+02    0.50000E+02
   0.65474E+02    0.43367E+02    0.17685E+02    0.50000E+02
   0.66168E+02    0.43437E+02    0.17673E+02    0.50000E+02
   0.66863E+02    0.43494E+02    0.17660E+02    0.50000E+02
   0.67556E+02    0.43562E+02    0.17648E+02    0.50000E+02
   0.68248E+02    0.43617E+02    0.17637E+02    0.50000E+02
   0.68753E+02    0.43680E+02    0.17627E+02    0.50000E+02
   0.69368E+02    0.43730E+02    0.17617E+02    0.50000E+02
   0.69979E+02    0.43787E+02    0.17607E+02    0.50000E+02
   0.70590E+02    0.43833E+02    0.17597E+02    0.50000E+02
   0.71199E+02    0.43885E+02    0.17587E+02    0.50000E+02
   0.71420E+02    0.43926E+02    0.17580E+02    0.50000E+02
   0.71873E+02    0.43970E+02    0.17575E+02    0.50000E+02
   0.72319E+02    0.44004E+02    0.17568E+02    0.50000E+02
   0.72763E+02    0.44041E+02    0.17561E+02    0.50000E+02
   0.73207E+02    0.44070E+02    0.17554E+02    0.50000E+02
   0.73137E+02    0.44100E+02    0.17552E+02    0.50000E+02
   0.73375E+02    0.44121E+02    0.17550E+02    0.50000E+02
   0.73605E+02    0.44142E+02    0.17548E+02    0.50000E+02
   0.73833E+02    0.44156E+02    0.17544E+02    0.50000E+02
   0.74062E+02    0.44170E+02    0.17541E+02    0.50000E+02
   0.73732E+02    0.44178E+02    0.17543E+02    0.50000E+02
   0.73737E+02    0.44183E+02    0.17546E+02    0.50000E+02
   0.73735E+02    0.44182E+02    0.17548E+02    0.50000E+02
   0.73731E+02    0.44180E+02    0.17548E+02    0.50000E+02
   0.73729E+02    0.44174E+02    0.17549E+02    0.50000E+02
   0.73200E+02    0.44165E+02    0.17555E+02    0.50000E+02
   0.72988E+02    0.44151E+02    0.17562E+02    0.50000E+02
   0.72770E+02    0.44134E+02    0.17567E+02    0.50000E+02
   0.72552E+02    0.44114E+02    0.17571E+02    0.50000E+02
   0.72335E+02    0.44092E+02    0.17575E+02    0.50000E+02
   0.71685E+02    0.44067E+02    0.17584E+02    0.50000E+02
   0.71297E+02    0.44038E+02    0.17593E+02    0.50000E+02
   0.70905E+02    0.44006E+02    0.17601E+02    0.50000E+02
   0.70514E+02    0.43973E+02    0.17608E+02    0.50000E+02
   0.70125E+02    0.43937E+02    0.17615E+02    0.50000E+02
   0.69436E+02    0.43901E+02    0.17624E+02    0.50000E+02
   0.68930E+02    0.43860E+02    0.17635E+02    0.50000E+02
   0.68423E+02    0.43820E+02    0.17644E+02    0.50000E+02
   0.67917E+02    0.43776E+02    0.17654E+02    0.50000E+02
   0.67413E+02    0.43734E+02    0.17662E+02    0.50000E+02
   0.66767E+02    0.43689E+02    0.17672E+02    0.50000E+02
   0.66211E+02    0.43645E+02    0.17683E+02    0.50000E+02
   0.65655E+02    0.43598E+02    0.17693E+02    0.50000E+02
   0.65101E+02    0.43554E+02    0.17702E+02    0.50000E+02
   0.64549E+02    0.43506E+02    0.17712E+02    0.50000E+02
   0.64017E+02    0.43463E+02    0.17721E+02    0.50000E+02
   0.63477E+02    0.43417E+02    0.17731E+02    0.50000E+02
   0.62939E+02    0.43375E+02    0.17740E+02    0.50000E+02
   0.62404E+02    0.43330E+02    0.17750E+02    0.50000E+02
   0.61871E+02    0.43290E+02    0.17759E+02    0.50000E+02
   0.61508E+02    0.43247E+02    0.17767E+02    0.50000E+02
   0.61046E+02    0.43211E+02    0.17774E+02    0.50000E+02
   0.60587E+02    0.43172E+02    0.17783E+02    0.50000E+02
   0.60131E+02    0.43140E+02    0.17791E+02    0.50000E+02
   0.59677E+02    0.43104E+02    0.17799E+02    0.50000E+02
   0.59517E+02    0.43076E+02    0.17804E+02    0.50000E+02
   0.59182E+02    0.43045E+02    0.17809E+02    0.50000E+02
   0.58852E+02    0.43024E+02    0.17815E+02    0.50000E+02
   0.58524E+02    0.42998E+02    0.17822E+02    0.50000E+02
   0.58197E+02    0.42981E+02    0.17827E+02    0.50000E+02
   0.58250E+02    0.42959E+02    0.17830E+02    0.50000E+02
   0.58075E+02    0.42949E+02    0.17832E+02    0.50000E+02
   0.57906E+02    0.42934E+02    0.17835E+02    0.50000E+02
   0.57738E+02    0.42930E+02    0.17839E+02    0.50000E+02
   0.57570E+02    0.42920E+02    0.17843E+02    0.50000E+02
   0.57821E+02    0.42921E+02    0.17842E+02    0.50000E+02
   0.57819E+02    0.42917E+02    0.17842E+02    0.50000E+02
   0.57823E+02    0.42925E+02    0.17841E+02    0.50000E+02
   0.57828E+02    0.42926E+02    0.17843E+02    0.50000E+02
   0.57832E+02    0.42938E+02    0.17843E+02    0.50000E+02
   0.58241E+02    0.42944E+02    0.17841E+02    0.50000E+02
   0.58405E+02    0.42962E+02    0.17837E+02    0.50000E+02
   0.58574E+02    0.42974E+02    0.17835E+02    0.50000E+02
   0.58744E+02    0.42996E+02    0.17833E+02    0.50000E+02
   0.58912E+02    0.43011E+02    0.17831E+02    0.50000E+02
   0.59422E+02    0.43037E+02    0.17826E+02    0.50000E+02
   0.59724E+02    0.43056E+02    0.17820E+02    0.50000E+02
   0.60031E+02    0.43086E+02    0.17815E+02    0.50000E+02
   0.60338E+02    0.43109E+02    0.17812E+02    0.50000E+02
   0.60643E+02    0.43141E+02    0.17807E+02    0.50000E+02
   0.61187E+02    0.43165E+02    0.17801E+02    0.50000E+02
   0.61586E+02    0.43199E+02    0.17794E+02    0.50000E+02
   0.61986E+02    0.43226E+02    0.17788E+02    0.50000E+02
   0.62387E+02    0.43261E+02    0.17782E+02    0.50000E+02
   0.62786E+02    0.43289E+02    0.17777E+02    0.50000E+02
   0.63298E+02    0.43324E+02    0.17770E+02    0.50000E+02
   0.63741E+02    0.43353E+02    0.17763E+02    0.50000E+02
   0.64183E+02    0.43388E+02    0.17756E+02    0.50000E+02
   0.64625E+02    0.43416E+02    0.17750E+02    0.50000E+02
   0.65066E+02    0.43450E+02    0.17744E+02    0.50000E+02
   0.65490E+02    0.43478E+02    0.17738E+02    0.50000E+02
   0.65923E+02    0.43510E+02    0.17731E+02    0.50000E+02
   0.66354E+02    0.43537E+02    0.17725E+02    0.50000E+02
   0.66784E+02    0.43567E+02    0.17719E+02    0.50000E+02
   0.67213E+02    0.43592E+02    0.17712E+02    0.50000E+02
   0.67509E+02    0.43619E+02    0.17707E+02    0.50000E+02
   0.67884E+02    0.43641E+02    0.17703E+02    0.50000E+02
   0.68256E+02    0.43665E+02    0.17697E+02    0.50000E+02
   0.68626E+02    0.43685E+02    0.17692E+02    0.50000E+02
   0.68996E+02    0.43706E+02    0.17687E+02    0.50000E+02
   0.69147E+02    0.43724E+02    0.17684E+02    0.50000E+02
   0.69427E+02    0.43740E+02    0.17681E+02    0.50000E+02
   0.69705E+02    0.43754E+02    0.17677E+02    0.50000E+02
   0.69980E+02    0.43767E+02    0.17673E+02    0.50000E+02
   0.70256E+02    0.43778E+02    0.17669E+02    0.50000E+02
   0.70262E+02    0.43787E+02    0.17668E+02    0.50000E+02
   0.70429E+02    0.43794E+02    0.17667E+02    0.50000E+02
   0.70592E+02    0.43799E+02    0.17666E+02    0.50000E+02
   0.70754E+02    0.43802E+02    0.17664E+02    0.50000E+02
   0.70915E+02    0.43804E+02    0.17662E+02    0.50000E+02
   0.70797E+02    0.43804E+02    0.17662E+02    0.50000E+02
   0.70846E+02    0.43801E+02    0.17663E+02    0.50000E+02
   0.70891E+02    0.43797E+02    0.17664E+02    0.50000E+02
   0.70935E+02    0.43791E+02    0.17663E+02    0.50000E+02
   0.70980E+02    0.43785E+02    0.17663E+02    0.50000E+02
   0.70768E+02    0.43776E+02    0.17665E+02    0.50000E+02
   0.70711E+02    0.43766E+02    0.17668E+02    0.50000E+02
   0.70649E+02    0.43753E+02    0.17670E+02    0.50000E+02
   0.70588E+02    0.43740E+02    0.17672E+02    0.50000E+02
   0.70527E+02    0.43725E+02    0.17673E+02    0.50000E+02
   0.70261E+02    0.43710E+02    0.17677E+02    0.50000E+02
   0.70119E+02    0.43692E+02    0.17680E+02    0.50000E+02
   0.69974E+02    0.43675E+02    0.17684E+02    0.50000E+02
   0.69829E+02    0.43655E+02    0.17687E+02    0.50000E+02
   0.69685E+02    0.43637E+02    0.17689E+02    0.50000E+02
   0.69406E+02    0.43616E+02    0.17694E+02    0.50000E+02
   0.69209E+02    0.43596E+02    0.17698E+02    0.50000E+02
   0.69011E+02    0.43574E+02    0.17702E+02    0.50000E+02
   0.68813E+02    0.43553E+02    0.17706E+02    0.50000E+02
   0.68615E+02    0.43530E+02    0.17710E+02    0.50000E+02
   0.68362E+02    0.43509E+02    0.17714E+02    0.50000E+02
   0.68143E+02    0.43486E+02    0.17718E+02    0.50000E+02
   0.67924E+02    0.43465E+02    0.17723E+02    0.50000E+02
   0.67706E+02    0.43443E+02    0.17727E+02    0.50000E+02
   0.67488E+02    0.43422E+02    0.17731E+02    0.50000E+02
   0.67291E+02    0.43401E+02    0.17735E+02    0.50000E+02
   0.67083E+02    0.43381E+02    0.17739E+02    0.50000E+02
   0.66875E+02    0.43361E+02    0.17743E+02    0.50000E+02
   0.66668E+02    0.43342E+02    0.17747E+02    0.50000E+02
   0.66462E+02    0.43323E+02    0.17751E+02    0.50000E+02
   0.66344E+02    0.43306E+02    0.17754E+02    0.50000E+02
   0.66174E+02    0.43289E+02    0.17757E+02    0.50000E+02
   0.66006E+02    0.43275E+02    0.17761E+02    0.50000E+02
   0.65838E+02    0.43260E+02    0.17764E+02    0.50000E+02
   0.65670E+02    0.43247E+02    0.17768E+02    0.50000E+02
   0.65643E+02    0.43234E+02    0.17770E+02    0.50000E+02
   0.65532E+02    0.43224E+02    0.17772E+02    0.50000E+02
   0.65423E+02    0.43214E+02    0.17775E+02    0.50000E+02
   0.65314E+02    0.43207E+02    0.17777E+02    0.50000E+02
   0.65206E+02    0.43199E+02    0.17780E+02    0.50000E+02
   0.65267E+02    0.43194E+02    0.17781E+02    0.50000E+02
   0.65227E+02    0.43189E+02    0.17782E+02    0.50000E+02
   0.65189E+02    0.43187E+02    0.17783E+02    0.50000E+02
   0.65151E+02    0.43185E+02    0.17784E+02    0.50000E+02
   0.65114E+02    0.43184E+02    0.17786E+02    0.50000E+02
   0.65253E+02    0.43185E+02    0.17786E+02    0.50000E+02
   0.65285E+02    0.43187E+02    0.17785E+02    0.50000E+02
   0.65320E+02    0.43190E+02    0.17785E+02    0.50000E+02
   0.65355E+02    0.43195E+02    0.17786E+02    0.50000E+02
   0.65390E+02    0.43200E+02    0.17786E+02    0.50000E+02
   0.65586E+02    0.43207E+02    0.17785E+02    0.50000E+02
   0.65684E+02    0.43214E+02    0.17783E+02    0.50000E+02
   0.65785E+02    0.43223E+02    0.17782E+02    0.50000E+02
   0.65885E+02    0.43232E+02    0.17782E+02    0.50000E+02
   0.65985E+02    0.43243E+02    0.17781E+02    0.50000E+02
   0.66211E+02    0.43253E+02    0.17779E+02    0.50000E+02
   0.66360E+02    0.43265E+02    0.17777E+02    0.50000E+02
   0.66511E+02    0.43277E+02    0.17775E+02    0.50000E+02
   0.66662E+02    0.43290E+02    0.17774E+02    0.50000E+02
   0.66812E+02    0.43302E+02    0.17772E+02    0.50000E+02
   0.67039E+02    0.43316E+02    0.17770E+02    0.50000E+02
   0.67219E+02    0.43329E+02    0.17768E+02    0.50000E+02
   0.67400E+02    0.43343E+02    0.17766E+02    0.50000E+02
   0.67581E+02    0.43357E+02    0.17764E+02    0.50000E+02
   0.67760E+02    0.43371E+02    0.17762E+02    0.50000E+02
   0.67963E+02    0.43384E+02    0.17760E+02    0.50000E+02
   0.68151E+02    0.43399E+02    0.17757E+02    0.50000E+02
   0.68339E+02    0.43411E+02    0.17755E+02    0.50000E+02
   0.68527E+02    0.43425E+02    0.17753E+02    0.50000E+02
   0.68714E+02    0.43437E+02    0.17751E+02    0.50000E+02
   0.68871E+02    0.43451E+02    0.17749E+02    0.50000E+02
   0.69045E+02    0.43462E+02    0.17748E+02    0.50000E+02
   0.69219E+02    0.43474E+02    0.17746E+02    0.50000E+02
   0.69392E+02    0.43484E+02    0.17744E+02    0.50000E+02
   0.69564E+02    0.43496E+02    0.17742E+02    0.50000E+02
   0.69663E+02    0.43504E+02    0.17741E+02    0.50000E+02
   0.69805E+02    0.43515E+02    0.17740E+02    0.50000E+02
   0.69946E+02    0.43521E+02    0.17739E+02    0.50000E+02
   0.70086E+02    0.43530E+02    0.17738E+02    0.50000E+02
   0.70226E+02    0.43535E+02    0.17737E+02    0.50000E+02
   0.70261E+02    0.43543E+02    0.17736E+02    0.50000E+02
   0.70358E+02    0.43546E+02    0.17736E+02    0.50000E+02
   0.70454E+02    0.43552E+02    0.17736E+02    0.50000E+02
   0.70549E+02    0.43554E+02    0.17736E+02    0.50000E+02
   0.70644E+02    0.43558E+02    0.17735E+02    0.50000E+02
   0.70619E+02    0.43558E+02    0.17736E+02    0.50000E+02
   0.70666E+02    0.43560E+02    0.17737E+02    0.50000E+02
   0.70711E+02    0.43558E+02    0.17738E+02    0.50000E+02
   0.70756E+02    0.43559E+02    0.17738E+02    0.50000E+02
   0.70801E+02    0.43555E+02    0.17739E+02    0.50000E+02
   0.70727E+02    0.43554E+02    0.17740E+02    0.50000E+02
   0.70725E+02    0.43549E+02    0.17742E+02    0.50000E+02
   0.70721E+02    0.43547E+02    0.17743E+02    0.50000E+02
   0.70716E+02    0.43540E+02    0.17745E+02    0.50000E+02
   0.70712E+02    0.43536E+02    0.17746E+02    0.50000E+02
   0.70605E+02    0.43528E+02    0.17748E+02    0.50000E+02
   0.70560E+02    0.43523E+02    0.17751E+02    0.50000E+02
   0.70514E+02    0.43514E+02    0.17753E+02    0.50000E+02
   0.70468E+02    0.43507E+02    0.17755E+02    0.50000E+02
   0.70422E+02    0.43497E+02    0.17757E+02    0.50000E+02
   0.70301E+02    0.43490E+02    0.17760E+02    0.50000E+02
   0.70226E+02    0.43479E+02    0.17763E+02    0.50000E+02
   0.70149E+02    0.43471E+02    0.17766E+02    0.50000E+02
   0.70073E+02    0.43459E+02    0.17768E+02    0.50000E+02
   0.69997E+02    0.43451E+02    0.17771E+02    0.50000E+02
   0.69881E+02    0.43439E+02    0.17774E+02    0.50000E+02
   0.69789E+02    0.43430E+02    0.17777E+02    0.50000E+02
   0.69697E+02    0.43418E+02    0.17780E+02    0.50000E+02
   0.69606E+02    0.43408E+02    0.17783E+02    0.50000E+02
   0.69514E+02    0.43397E+02    0.17786E+02    0.50000E+02
   0.69419E+02    0.43392E+02    0.17802E+02    0.50000E+02
   0.69326E+02    0.43396E+02    0.17866E+02    0.50000E+02
   0.69229E+02    0.43403E+02    0.17967E+02    0.50000E+02
   0.69125E+02    0.43401E+02    0.18068E+02    0.50000E+02
   0.69012E+02    0.43394E+02    0.18129E+02    0.50000E+02
   0.68925E+02    0.43385E+02    0.18126E+02    0.50000E+02
   0.68821E+02    0.43380E+02    0.18064E+02    0.50000E+02
   0.68725E+02    0.43403E+02    0.17998E+02    0.50000E+02
   0.68640E+02    0.43384E+02    0.17963E+02    0.50000E+02
   0.68561E+02    0.43406E+02    0.17952E+02    0.50000E+02
   0.68544E+02    0.43319E+02    0.17955E+02    0.50000E+02
   0.68491E+02    0.43316E+02    0.17949E+02    0.50000E+02
   0.68438E+02    0.43194E+02    0.17932E+02    0.50000E+02
   0.68386E+02    0.43192E+02    0.17901E+02    0.50000E+02
   0.68335E+02    0.43067E+02    0.17870E+02    0.50000E+02
   0.68409E+02    0.43078E+02    0.17837E+02    0.50000E+02
   0.68411E+02    0.42951E+02    0.17811E+02    0.50000E+02
   0.68417E+02    0.42972E+02    0.17786E+02    0.50000E+02
   0.68423E+02    0.42845E+02    0.17765E+02    0.50000E+02
   0.68428E+02    0.42877E+02    0.17742E+02    0.50000E+02
   0.68713E+02    0.42759E+02    0.17719E+02    0.50000E+02
   0.68829E+02    0.42809E+02    0.17694E+02    0.50000E+02
   0.68948E+02    0.42711E+02    0.17673E+02    0.50000E+02
   0.69067E+02    0.42781E+02    0.17652E+02    0.50000E+02
   0.69184E+02    0.42704E+02    0.17635E+02    0.50000E+02
   0.69440E+02    0.42791E+02    0.17615E+02    0.50000E+02
   0.69610E+02    0.42736E+02    0.17597E+02    0.50000E+02
   0.69782E+02    0.42840E+02    0.17578E+02    0.50000E+02
   0.69953E+02    0.42804E+02    0.17563E+02    0.50000E+02
   0.70123E+02    0.42922E+02    0.17545E+02    0.50000E+02
   0.70335E+02    0.42905E+02    0.17530E+02    0.50000E+02
   0.70521E+02    0.43033E+02    0.17512E+02    0.50000E+02
   0.70707E+02    0.43031E+02    0.17497E+02    0.50000E+02
   0.70893E+02    0.43166E+02    0.17480E+02    0.50000E+02
   0.71079E+02    0.43178E+02    0.17465E+02    0.50000E+02
   0.71194E+02    0.43316E+02    0.17449E+02    0.50000E+02
   0.71352E+02    0.43339E+02    0.17435E+02    0.50000E+02
   0.71509E+02    0.43477E+02    0.17418E+02    0.50000E+02
   0.71666E+02    0.43509E+02    0.17403E+02    0.50000E+02
   0.71823E+02    0.43644E+02    0.17386E+02    0.50000E+02
   0.71781E+02    0.43683E+02    0.17373E+02    0.50000E+02
   0.71860E+02    0.43812E+02    0.17357E+02    0.50000E+02
   0.71937E+02    0.43854E+02    0.17344E+02    0.50000E+02
   0.72013E+02    0.43975E+02    0.17327E+02    0.50000E+02
   0.72091E+02    0.44020E+02    0.17313E+02    0.50000E+02
   0.71825E+02    0.44132E+02    0.17301E+02    0.50000E+02
   0.71767E+02    0.44176E+02    0.17290E+02    0.50000E+02
   0.71704E+02    0.44275E+02    0.17278E+02    0.50000E+02
   0.71642E+02    0.44318E+02    0.17266E+02    0.50000E+02
   0.71581E+02    0.44406E+02    0.17254E+02    0.50000E+02
   0.71035E+02    0.44447E+02    0.17247E+02    0.50000E+02
   0.70782E+02    0.44521E+02    0.17240E+02    0.50000E+02
   0.70524E+02    0.44556E+02    0.17234E+02    0.50000E+02
   0.70267E+02    0.44618E+02    0.17226E+02    0.50000E+02
   0.70010E+02    0.44649E+02    0.17220E+02    0.50000E+02
   0.69161E+02    0.44699E+02    0.17219E+02    0.50000E+02
   0.68672E+02    0.44723E+02    0.17221E+02    0.50000E+02
   0.68176E+02    0.44758E+02    0.17220E+02    0.50000E+02
   0.67682E+02    0.44776E+02    0.17220E+02    0.50000E+02
   0.67191E+02    0.44800E+02    0.17220E+02    0.50000E+02
   0.66063E+02    0.44814E+02    0.17227E+02    0.50000E+02
   0.65324E+02    0.44825E+02    0.17235E+02    0.50000E+02
   0.64579E+02    0.44829E+02    0.17242E+02    0.50000E+02
   0.63838E+02    0.44828E+02    0.17249E+02    0.50000E+02
   0.63100E+02    0.44827E+02    0.17257E+02    0.50000E+02
   0.61761E+02    0.44816E+02    0.17270E+02    0.50000E+02
   0.60794E+02    0.44805E+02    0.17286E+02    0.50000E+02
   0.59823E+02    0.44782E+02    0.17299E+02    0.50000E+02
   0.58857E+02    0.44764E+02    0.17313E+02    0.50000E+02
   0.57897E+02    0.44732E+02    0.17326E+02    0.50000E+02
   0.56450E+02    0.44708E+02    0.17345E+02    0.50000E+02
   0.55308E+02    0.44666E+02    0.17365E+02    0.50000E+02
   0.54167E+02    0.44632E+02    0.17384E+02    0.50000E+02
   0.53033E+02    0.44583E+02    0.17402E+02    0.50000E+02
   0.51905E+02    0.44543E+02    0.17421E+02    0.50000E+02
   0.50468E+02    0.44488E+02    0.17443E+02    0.50000E+02
   0.49232E+02    0.44442E+02    0.17466E+02    0.50000E+02
   0.48000E+02    0.44379E+02    0.17487E+02    0.50000E+02
   0.46776E+02    0.44327E+02    0.17509E+02    0.50000E+02
   0.45560E+02    0.44260E+02    0.17530E+02    0.50000E+02
   0.44255E+02    0.44205E+02    0.17552E+02    0.50000E+02
   0.43019E+02    0.44135E+02    0.17575E+02    0.50000E+02
   0.41789E+02    0.44076E+02    0.17598E+02    0.50000E+02
   0.40568E+02    0.44003E+02    0.17619E+02    0.50000E+02
   0.39356E+02    0.43941E+02    0.17642E+02    0.50000E+02
   0.38298E+02    0.43868E+02    0.17662E+02    0.50000E+02
   0.37158E+02    0.43806E+02    0.17682E+02    0.50000E+02
   0.36029E+02    0.43734E+02    0.17702E+02    0.50000E+02
   0.34908E+02    0.43672E+02    0.17724E+02    0.50000E+02
   0.33794E+02    0.43601E+02    0.17744E+02    0.50000E+02
   0.33079E+02    0.43540E+02    0.17761E+02    0.50000E+02
   0.32130E+02    0.43474E+02    0.17776E+02    0.50000E+02
   0.31193E+02    0.43417E+02    0.17793E+02    0.50000E+02
   0.30263E+02    0.43355E+02    0.17811E+02    0.50000E+02
   0.29339E+02    0.43301E+02    0.17828E+02    0.50000E+02
   0.29036E+02    0.43244E+02    0.17839E+02    0.50000E+02
   0.28358E+02    0.43196E+02    0.17849E+02    0.50000E+02
   0.27693E+02    0.43148E+02    0.17860E+02    0.50000E+02
   0.27033E+02    0.43106E+02    0.17874E+02    0.50000E+02
   0.26377E+02    0.43064E+02    0.17886E+02    0.50000E+02
   0.26516E+02    0.43026E+02    0.17891E+02    0.50000E+02
   0.26168E+02    0.42995E+02    0.17893E+02    0.50000E+02
   0.25834E+02    0.42968E+02    0.17899E+02    0.50000E+02
   0.25503E+02    0.42945E+02    0.17906E+02    0.50000E+02
   0.25174E+02    0.42922E+02    0.17914E+02    0.50000E+02
   0.25742E+02    0.42906E+02    0.17911E+02    0.50000E+02
   0.25755E+02    0.42894E+02    0.17908E+02    0.50000E+02
   0.25783E+02    0.42891E+02    0.17906E+02    0.50000E+02
   0.25811E+02    0.42885E+02    0.17908E+02    0.50000E+02
   0.25840E+02    0.42888E+02    0.17908E+02    0.50000E+02
   0.26771E+02    0.42888E+02    0.17900E+02    0.50000E+02
   0.27143E+02    0.42902E+02    0.17889E+02    0.50000E+02
   0.27527E+02    0.42912E+02    0.17882E+02    0.50000E+02
   0.27912E+02    0.42934E+02    0.17877E+02    0.50000E+02
   0.28295E+02    0.42948E+02    0.17872E+02    0.50000E+02
   0.29479E+02    0.42975E+02    0.17858E+02    0.50000E+02
   0.30166E+02    0.42996E+02    0.17843E+02    0.50000E+02
   0.30864E+02    0.43033E+02    0.17830E+02    0.50000E+02
   0.31561E+02    0.43060E+02    0.17820E+02    0.50000E+02
   0.32256E+02    0.43100E+02    0.17809E+02    0.50000E+02
   0.33549E+02    0.43129E+02    0.17792E+02    0.50000E+02
   0.34471E+02    0.43176E+02    0.17773E+02    0.50000E+02
   0.35400E+02    0.43210E+02    0.17757E+02    0.50000E+02
   0.36329E+02    0.43261E+02    0.17741E+02    0.50000E+02
   0.37255E+02    0.43296E+02    0.17726E+02    0.50000E+02
   0.38505E+02    0.43348E+02    0.17707E+02    0.50000E+02
   0.39553E+02    0.43386E+02    0.17688E+02    0.50000E+02
   0.40604E+02    0.43441E+02    0.17668E+02    0.50000E+02
   0.41653E+02    0.43480E+02    0.17650E+02    0.50000E+02
   0.42701E+02    0.43536E+02    0.17631E+02    0.50000E+02
   0.43773E+02    0.43575E+02    0.17613E+02    0.50000E+02
   0.44827E+02    0.43630E+02    0.17593E+02    0.50000E+02
   0.45878E+02    0.43668E+02    0.17573E+02    0.50000E+02
   0.46928E+02    0.43723E+02    0.17553E+02    0.50000E+02
   0.47975E+02    0.43761E+02    0.17533E+02    0.50000E+02
   0.48776E+02    0.43813E+02    0.17515E+02    0.50000E+02
   0.49723E+02    0.43848E+02    0.17497E+02    0.50000E+02
   0.50663E+02    0.43898E+02    0.17478E+02    0.50000E+02
   0.51601E+02    0.43931E+02    0.17458E+02    0.50000E+02
   0.52536E+02    0.43979E+02    0.17438E+02    0.50000E+02
   0.53019E+02    0.44010E+02    0.17422E+02    0.50000E+02
   0.53772E+02    0.44052E+02    0.17406E+02    0.50000E+02
   0.54516E+02    0.44079E+02    0.17388E+02    0.50000E+02
   0.55257E+02    0.44118E+02    0.17370E+02    0.50000E+02
   0.55995E+02    0.44143E+02    0.17351E+02    0.50000E+02
   0.56157E+02    0.44178E+02    0.17337E+02    0.50000E+02
   0.56664E+02    0.44198E+02    0.17325E+02    0.50000E+02
   0.57160E+02    0.44226E+02    0.17310E+02    0.50000E+02
   0.57654E+02    0.44243E+02    0.17293E+02    0.50000E+02
   0.58145E+02    0.44268E+02    0.17277E+02    0.50000E+02
   0.58015E+02    0.44282E+02    0.17266E+02    0.50000E+02
   0.58258E+02    0.44300E+02    0.17257E+02    0.50000E+02
   0.58491E+02    0.44309E+02    0.17245E+02    0.50000E+02
   0.58721E+02    0.44322E+02    0.17231E+02    0.50000E+02
   0.58950E+02    0.44328E+02    0.17218E+02    0.50000E+02
   0.58578E+02    0.44338E+02    0.17210E+02    0.50000E+02
   0.58568E+02    0.44339E+02    0.17203E+02    0.50000E+02
   0.58549E+02    0.44341E+02    0.17195E+02    0.50000E+02
   0.58528E+02    0.44339E+02    0.17185E+02    0.50000E+02
   0.58507E+02    0.44338E+02    0.17175E+02    0.50000E+02
