   0.24692E+00    0.36100E+04    0.44433E+04    0.98489E+01
   0.24692E+00    0.36100E+04    0.44433E+04    0.10130E+02
   0.24696E+00    0.36100E+04    0.44433E+04    0.10381E+02
   0.24696E+00    0.36100E+04    0.44433E+04    0.10538E+02
   0.39983E+00    0.37712E+04    0.46023E+04    0.10576E+02
   0.39983E+00    0.37712E+04    0.46023E+04    0.10540E+02
   0.36047E+00    0.38161E+04    0.46637E+04    0.10480E+02
   0.36047E+00    0.38161E+04    0.46637E+04    0.10433E+02
   0.34588E+00    0.38817E+04    0.46830E+04    0.10400E+02
   0.34588E+00    0.38817E+04    0.46830E+04    0.10370E+02
   0.33905E+00    0.39006E+04    0.47381E+04    0.10333E+02
   0.33905E+00    0.39006E+04    0.47381E+04    0.10283E+02
   0.32016E+00    0.39076E+04    0.48090E+04    0.10219E+02
   0.32016E+00    0.39076E+04    0.48090E+04    0.10146E+02
   0.29256E+00    0.39029E+04    0.48662E+04    0.10066E+02
   0.29256E+00    0.39029E+04    0.48662E+04    0.99836E+01
   0.27188E+00    0.39090E+04    0.49100E+04    0.98969E+01
   0.27188E+00    0.39090E+04    0.49100E+04    0.98063E+01
   0.25894E+00    0.39190E+04    0.49477E+04    0.97107E+01
   0.25894E+00    0.39190E+04    0.49477E+04    0.96105E+01
   0.25094E+00    0.39301E+04    0.49784E+04    0.95058E+01
   0.25094E+00    0.39301E+04    0.49784E+04    0.93979E+01
   0.24871E+00    0.39370E+04    0.50004E+04    0.92878E+01
   0.24871E+00    0.39370E+04    0.50004E+04    0.91763E+01
   0.25345E+00    0.39394E+04    0.50133E+04    0.90643E+01
   0.25345E+00    0.39394E+04    0.50133E+04    0.89522E+01
   0.26551E+00    0.39372E+04    0.50168E+04    0.88410E+01
   0.26551E+00    0.39372E+04    0.50168E+04    0.87310E+01
   0.28467E+00    0.39318E+04    0.50098E+04    0.86236E+01
   0.28467E+00    0.39318E+04    0.50098E+04    0.85188E+01
   0.31105E+00    0.39238E+04    0.49917E+04    0.84180E+01
   0.31105E+00    0.39238E+04    0.49917E+04    0.83213E+01
   0.34449E+00    0.39138E+04    0.49622E+04    0.82298E+01
   0.34449E+00    0.39138E+04    0.49622E+04    0.81435E+01
   0.38451E+00    0.39016E+04    0.49212E+04    0.80638E+01
   0.38451E+00    0.39016E+04    0.49212E+04    0.79902E+01
   0.43034E+00    0.38872E+04    0.48690E+04    0.79242E+01
   0.43034E+00    0.38872E+04    0.48690E+04    0.78648E+01
   0.48091E+00    0.38709E+04    0.48063E+04    0.78137E+01
   0.48091E+00    0.38709E+04    0.48063E+04    0.77699E+01
   0.53479E+00    0.38528E+04    0.47341E+04    0.77349E+01
   0.53479E+00    0.38528E+04    0.47341E+04    0.77073E+01
   0.59027E+00    0.38338E+04    0.46537E+04    0.76885E+01
   0.59027E+00    0.38338E+04    0.46537E+04    0.76769E+01
   0.64534E+00    0.38144E+04    0.45669E+04    0.76740E+01
   0.64534E+00    0.38144E+04    0.45669E+04    0.76784E+01
   0.69783E+00    0.37955E+04    0.44761E+04    0.76911E+01
   0.69783E+00    0.37955E+04    0.44761E+04    0.77102E+01
   0.74567E+00    0.37778E+04    0.43835E+04    0.77369E+01
   0.74567E+00    0.37778E+04    0.43835E+04    0.77695E+01
   0.78675E+00    0.37620E+04    0.42917E+04    0.78094E+01
   0.78675E+00    0.37620E+04    0.42917E+04    0.78545E+01
   0.81944E+00    0.37488E+04    0.42031E+04    0.79055E+01
   0.81944E+00    0.37488E+04    0.42031E+04    0.79608E+01
   0.84240E+00    0.37386E+04    0.41199E+04    0.80214E+01
   0.84240E+00    0.37386E+04    0.41199E+04    0.80858E+01
   0.85470E+00    0.37315E+04    0.40442E+04    0.81546E+01
   0.85470E+00    0.37315E+04    0.40442E+04    0.82260E+01
   0.85607E+00    0.37278E+04    0.39773E+04    0.83006E+01
   0.85607E+00    0.37278E+04    0.39773E+04    0.83772E+01
   0.84642E+00    0.37272E+04    0.39204E+04    0.84563E+01
   0.84642E+00    0.37272E+04    0.39204E+04    0.85368E+01
   0.82626E+00    0.37296E+04    0.38742E+04    0.86186E+01
   0.82626E+00    0.37296E+04    0.38742E+04    0.87009E+01
   0.79633E+00    0.37347E+04    0.38391E+04    0.87837E+01
   0.79633E+00    0.37347E+04    0.38391E+04    0.88665E+01
   0.75753E+00    0.37421E+04    0.38150E+04    0.89494E+01
   0.75753E+00    0.37421E+04    0.38150E+04    0.90327E+01
   0.71107E+00    0.37515E+04    0.38017E+04    0.91165E+01
   0.71107E+00    0.37515E+04    0.38017E+04    0.92004E+01
   0.65811E+00    0.37626E+04    0.37986E+04    0.92838E+01
   0.65811E+00    0.37626E+04    0.37986E+04    0.93662E+01
   0.59964E+00    0.37748E+04    0.38052E+04    0.94470E+01
   0.59964E+00    0.37748E+04    0.38052E+04    0.95262E+01
   0.53676E+00    0.37880E+04    0.38206E+04    0.96035E+01
   0.53676E+00    0.37880E+04    0.38206E+04    0.96788E+01
   0.47101E+00    0.38023E+04    0.38442E+04    0.97518E+01
   0.47101E+00    0.38023E+04    0.38442E+04    0.98225E+01
   0.40366E+00    0.38174E+04    0.38754E+04    0.98901E+01
   0.40366E+00    0.38174E+04    0.38754E+04    0.99552E+01
   0.33575E+00    0.38328E+04    0.39133E+04    0.10017E+02
   0.33575E+00    0.38328E+04    0.39133E+04    0.10075E+02
   0.26837E+00    0.38484E+04    0.39570E+04    0.10130E+02
   0.26837E+00    0.38484E+04    0.39570E+04    0.10182E+02
   0.20262E+00    0.38638E+04    0.40053E+04    0.10229E+02
   0.20262E+00    0.38638E+04    0.40053E+04    0.10273E+02
   0.13950E+00    0.38789E+04    0.40571E+04    0.10313E+02
   0.13950E+00    0.38789E+04    0.40571E+04    0.10349E+02
   0.79948E-01    0.38935E+04    0.41112E+04    0.10380E+02
   0.79948E-01    0.38935E+04    0.41112E+04    0.10407E+02
   0.36365E-01    0.39074E+04    0.41666E+04    0.10429E+02
   0.36365E-01    0.39074E+04    0.41666E+04    0.10446E+02
   0.14578E-01    0.39207E+04    0.42222E+04    0.10459E+02
   0.14578E-01    0.39207E+04    0.42222E+04    0.10466E+02
   0.36867E-02    0.39331E+04    0.42768E+04    0.10468E+02
   0.36867E-02    0.39331E+04    0.42768E+04    0.10465E+02
  -0.17578E-02    0.39450E+04    0.43300E+04    0.10456E+02
  -0.17578E-02    0.39450E+04    0.43300E+04    0.10441E+02
  -0.44794E-02    0.39567E+04    0.43814E+04    0.10421E+02
  -0.44794E-02    0.39567E+04    0.43814E+04    0.10395E+02
  -0.58400E-02    0.39679E+04    0.44306E+04    0.10364E+02
  -0.58400E-02    0.39679E+04    0.44306E+04    0.10328E+02
  -0.65201E-02    0.39781E+04    0.44769E+04    0.10286E+02
  -0.65201E-02    0.39781E+04    0.44769E+04    0.10239E+02
  -0.68601E-02    0.39868E+04    0.45196E+04    0.10188E+02
  -0.68601E-02    0.39868E+04    0.45196E+04    0.10132E+02
  -0.70301E-02    0.39937E+04    0.45578E+04    0.10071E+02
  -0.70301E-02    0.39937E+04    0.45578E+04    0.10007E+02
  -0.71151E-02    0.39986E+04    0.45910E+04    0.99391E+01
  -0.71151E-02    0.39986E+04    0.45910E+04    0.98684E+01
  -0.71575E-02    0.40015E+04    0.46182E+04    0.97949E+01
  -0.71575E-02    0.40015E+04    0.46182E+04    0.97192E+01
  -0.71788E-02    0.40023E+04    0.46389E+04    0.96417E+01
  -0.71788E-02    0.40023E+04    0.46389E+04    0.95631E+01
  -0.71894E-02    0.40009E+04    0.46525E+04    0.94838E+01
  -0.71894E-02    0.40009E+04    0.46525E+04    0.94042E+01
  -0.42309E-02    0.39972E+04    0.46584E+04    0.93251E+01
  -0.42309E-02    0.39972E+04    0.46584E+04    0.92467E+01
   0.56805E-02    0.39913E+04    0.46562E+04    0.91699E+01
   0.56805E-02    0.39913E+04    0.46562E+04    0.90949E+01
   0.23069E-01    0.39831E+04    0.46456E+04    0.90224E+01
   0.23069E-01    0.39831E+04    0.46456E+04    0.89525E+01
   0.47937E-01    0.39727E+04    0.46264E+04    0.88861E+01
   0.47937E-01    0.39727E+04    0.46264E+04    0.88231E+01
   0.79709E-01    0.39606E+04    0.45988E+04    0.87644E+01
   0.79709E-01    0.39606E+04    0.45988E+04    0.87096E+01
   0.11761E+00    0.39470E+04    0.45632E+04    0.86599E+01
   0.11761E+00    0.39470E+04    0.45632E+04    0.86145E+01
   0.16054E+00    0.39323E+04    0.45203E+04    0.85744E+01
   0.16054E+00    0.39323E+04    0.45203E+04    0.85392E+01
   0.20720E+00    0.39170E+04    0.44711E+04    0.85096E+01
   0.20720E+00    0.39170E+04    0.44711E+04    0.84848E+01
   0.25612E+00    0.39014E+04    0.44169E+04    0.84657E+01
   0.25612E+00    0.39014E+04    0.44169E+04    0.84514E+01
   0.30569E+00    0.38860E+04    0.43591E+04    0.84428E+01
   0.30569E+00    0.38860E+04    0.43591E+04    0.84388E+01
   0.35425E+00    0.38713E+04    0.42992E+04    0.84403E+01
   0.35425E+00    0.38713E+04    0.42992E+04    0.84460E+01
   0.40024E+00    0.38579E+04    0.42388E+04    0.84567E+01
   0.40024E+00    0.38579E+04    0.42388E+04    0.84714E+01
   0.44215E+00    0.38461E+04    0.41796E+04    0.84908E+01
   0.44215E+00    0.38461E+04    0.41796E+04    0.85138E+01
   0.47880E+00    0.38362E+04    0.41231E+04    0.85406E+01
   0.47880E+00    0.38362E+04    0.41231E+04    0.85706E+01
   0.50920E+00    0.38286E+04    0.40706E+04    0.86040E+01
   0.50920E+00    0.38286E+04    0.40706E+04    0.86402E+01
   0.53263E+00    0.38233E+04    0.40232E+04    0.86792E+01
   0.53263E+00    0.38233E+04    0.40232E+04    0.87203E+01
   0.54878E+00    0.38203E+04    0.39820E+04    0.87636E+01
   0.54878E+00    0.38203E+04    0.39820E+04    0.88087E+01
   0.55746E+00    0.38195E+04    0.39475E+04    0.88555E+01
   0.55746E+00    0.38195E+04    0.39475E+04    0.89036E+01
   0.55885E+00    0.38207E+04    0.39203E+04    0.89526E+01
   0.55885E+00    0.38207E+04    0.39203E+04    0.90025E+01
   0.55329E+00    0.38236E+04    0.39006E+04    0.90529E+01
   0.55329E+00    0.38236E+04    0.39006E+04    0.91038E+01
   0.54121E+00    0.38282E+04    0.38883E+04    0.91547E+01
   0.54121E+00    0.38282E+04    0.38883E+04    0.92056E+01
   0.52330E+00    0.38341E+04    0.38833E+04    0.92560E+01
   0.52330E+00    0.38341E+04    0.38833E+04    0.93060E+01
   0.50022E+00    0.38411E+04    0.38854E+04    0.93551E+01
   0.50022E+00    0.38411E+04    0.38854E+04    0.94035E+01
   0.47275E+00    0.38490E+04    0.38940E+04    0.94506E+01
   0.47275E+00    0.38490E+04    0.38940E+04    0.94966E+01
   0.44172E+00    0.38576E+04    0.39086E+04    0.95409E+01
   0.44172E+00    0.38576E+04    0.39086E+04    0.95838E+01
   0.40793E+00    0.38668E+04    0.39286E+04    0.96246E+01
   0.40793E+00    0.38668E+04    0.39286E+04    0.96638E+01
   0.37223E+00    0.38762E+04    0.39533E+04    0.97007E+01
   0.37223E+00    0.38762E+04    0.39533E+04    0.97356E+01
   0.33544E+00    0.38859E+04    0.39820E+04    0.97679E+01
   0.33544E+00    0.38859E+04    0.39820E+04    0.97980E+01
   0.29832E+00    0.38956E+04    0.40138E+04    0.98253E+01
   0.29832E+00    0.38956E+04    0.40138E+04    0.98503E+01
   0.26164E+00    0.39051E+04    0.40480E+04    0.98723E+01
   0.26164E+00    0.39051E+04    0.40480E+04    0.98917E+01
   0.22610E+00    0.39144E+04    0.40838E+04    0.99080E+01
   0.22610E+00    0.39144E+04    0.40838E+04    0.99217E+01
   0.19229E+00    0.39232E+04    0.41204E+04    0.99322E+01
   0.19229E+00    0.39232E+04    0.41204E+04    0.99401E+01
   0.16084E+00    0.39316E+04    0.41571E+04    0.99446E+01
   0.16084E+00    0.39316E+04    0.41571E+04    0.99463E+01
   0.13219E+00    0.39393E+04    0.41932E+04    0.99449E+01
   0.13219E+00    0.39393E+04    0.41932E+04    0.99409E+01
   0.10677E+00    0.39463E+04    0.42280E+04    0.99338E+01
   0.10677E+00    0.39463E+04    0.42280E+04    0.99240E+01
   0.84965E-01    0.39525E+04    0.42610E+04    0.99111E+01
   0.84965E-01    0.39525E+04    0.42610E+04    0.98958E+01
   0.66986E-01    0.39579E+04    0.42916E+04    0.98779E+01
   0.66986E-01    0.39579E+04    0.42916E+04    0.98576E+01
   0.53121E-01    0.39623E+04    0.43195E+04    0.98347E+01
   0.53121E-01    0.39623E+04    0.43195E+04    0.98098E+01
   0.43455E-01    0.39657E+04    0.43442E+04    0.97827E+01
   0.43455E-01    0.39657E+04    0.43442E+04    0.97539E+01
   0.38084E-01    0.39681E+04    0.43654E+04    0.97232E+01
   0.38084E-01    0.39681E+04    0.43654E+04    0.96910E+01
   0.37062E-01    0.39695E+04    0.43828E+04    0.96573E+01
   0.37062E-01    0.39695E+04    0.43828E+04    0.96226E+01
   0.40285E-01    0.39698E+04    0.43964E+04    0.95868E+01
   0.40285E-01    0.39698E+04    0.43964E+04    0.95504E+01
   0.47709E-01    0.39691E+04    0.44058E+04    0.95133E+01
   0.47709E-01    0.39691E+04    0.44058E+04    0.94758E+01
   0.59130E-01    0.39674E+04    0.44111E+04    0.94381E+01
   0.59130E-01    0.39674E+04    0.44111E+04    0.94006E+01
   0.74318E-01    0.39647E+04    0.44123E+04    0.93633E+01
   0.74318E-01    0.39647E+04    0.44123E+04    0.93265E+01
   0.92996E-01    0.39611E+04    0.44094E+04    0.92903E+01
   0.92996E-01    0.39611E+04    0.44094E+04    0.92549E+01
   0.11476E+00    0.39568E+04    0.44025E+04    0.92206E+01
   0.11476E+00    0.39568E+04    0.44025E+04    0.91874E+01
   0.13921E+00    0.39517E+04    0.43920E+04    0.91557E+01
   0.13921E+00    0.39517E+04    0.43920E+04    0.91253E+01
   0.16584E+00    0.39461E+04    0.43780E+04    0.90967E+01
   0.16584E+00    0.39461E+04    0.43780E+04    0.90697E+01
   0.19409E+00    0.39401E+04    0.43609E+04    0.90448E+01
   0.19409E+00    0.39401E+04    0.43609E+04    0.90217E+01
   0.22339E+00    0.39338E+04    0.43412E+04    0.90008E+01
   0.22339E+00    0.39338E+04    0.43412E+04    0.89819E+01
   0.25311E+00    0.39274E+04    0.43193E+04    0.89653E+01
   0.25311E+00    0.39274E+04    0.43193E+04    0.89507E+01
   0.28263E+00    0.39210E+04    0.42957E+04    0.89387E+01
   0.28263E+00    0.39210E+04    0.42957E+04    0.89287E+01
   0.31133E+00    0.39149E+04    0.42711E+04    0.89211E+01
   0.31133E+00    0.39149E+04    0.42711E+04    0.89156E+01
   0.33862E+00    0.39092E+04    0.42460E+04    0.89125E+01
   0.33862E+00    0.39092E+04    0.42460E+04    0.89115E+01
   0.36393E+00    0.39039E+04    0.42210E+04    0.89128E+01
   0.36393E+00    0.39039E+04    0.42210E+04    0.89159E+01
   0.38681E+00    0.38993E+04    0.41966E+04    0.89212E+01
   0.38681E+00    0.38993E+04    0.41966E+04    0.89283E+01
   0.40679E+00    0.38954E+04    0.41735E+04    0.89375E+01
   0.40679E+00    0.38954E+04    0.41735E+04    0.89484E+01
   0.42359E+00    0.38923E+04    0.41520E+04    0.89609E+01
   0.42359E+00    0.38923E+04    0.41520E+04    0.89749E+01
   0.43696E+00    0.38901E+04    0.41327E+04    0.89904E+01
   0.43696E+00    0.38901E+04    0.41327E+04    0.90073E+01
   0.44671E+00    0.38887E+04    0.41158E+04    0.90254E+01
   0.44671E+00    0.38887E+04    0.41158E+04    0.90446E+01
   0.45284E+00    0.38881E+04    0.41017E+04    0.90647E+01
   0.45284E+00    0.38881E+04    0.41017E+04    0.90857E+01
   0.45533E+00    0.38884E+04    0.40906E+04    0.91075E+01
   0.45533E+00    0.38884E+04    0.40906E+04    0.91299E+01
   0.45431E+00    0.38894E+04    0.40826E+04    0.91528E+01
   0.45431E+00    0.38894E+04    0.40826E+04    0.91759E+01
   0.44997E+00    0.38911E+04    0.40777E+04    0.91993E+01
   0.44997E+00    0.38911E+04    0.40777E+04    0.92229E+01
   0.44252E+00    0.38935E+04    0.40760E+04    0.92464E+01
   0.44252E+00    0.38935E+04    0.40760E+04    0.92699E+01
   0.43231E+00    0.38964E+04    0.40773E+04    0.92931E+01
   0.43231E+00    0.38964E+04    0.40773E+04    0.93159E+01
   0.41962E+00    0.38998E+04    0.40815E+04    0.93383E+01
   0.41962E+00    0.38998E+04    0.40815E+04    0.93603E+01
   0.40485E+00    0.39036E+04    0.40883E+04    0.93815E+01
   0.40485E+00    0.39036E+04    0.40883E+04    0.94021E+01
   0.38841E+00    0.39077E+04    0.40975E+04    0.94218E+01
   0.38841E+00    0.39077E+04    0.40975E+04    0.94407E+01
   0.37067E+00    0.39119E+04    0.41089E+04    0.94586E+01
   0.37067E+00    0.39119E+04    0.41089E+04    0.94755E+01
   0.35205E+00    0.39163E+04    0.41220E+04    0.94913E+01
   0.35205E+00    0.39163E+04    0.41220E+04    0.95060E+01
   0.33297E+00    0.39207E+04    0.41367E+04    0.95194E+01
   0.33297E+00    0.39207E+04    0.41367E+04    0.95316E+01
   0.31380E+00    0.39251E+04    0.41524E+04    0.95426E+01
   0.31380E+00    0.39251E+04    0.41524E+04    0.95524E+01
   0.29491E+00    0.39294E+04    0.41688E+04    0.95607E+01
   0.29491E+00    0.39294E+04    0.41688E+04    0.95678E+01
   0.27667E+00    0.39334E+04    0.41857E+04    0.95734E+01
   0.27667E+00    0.39334E+04    0.41857E+04    0.95779E+01
   0.25935E+00    0.39373E+04    0.42026E+04    0.95809E+01
   0.25935E+00    0.39373E+04    0.42026E+04    0.95827E+01
   0.24329E+00    0.39408E+04    0.42192E+04    0.95831E+01
   0.24329E+00    0.39408E+04    0.42192E+04    0.95823E+01
   0.22869E+00    0.39440E+04    0.42353E+04    0.95802E+01
   0.22869E+00    0.39440E+04    0.42353E+04    0.95770E+01
   0.21577E+00    0.39467E+04    0.42505E+04    0.95725E+01
   0.21577E+00    0.39467E+04    0.42505E+04    0.95670E+01
   0.20473E+00    0.39491E+04    0.42647E+04    0.95602E+01
   0.20473E+00    0.39491E+04    0.42647E+04    0.95526E+01
   0.19565E+00    0.39509E+04    0.42775E+04    0.95441E+01
   0.19565E+00    0.39509E+04    0.42775E+04    0.95347E+01
   0.18867E+00    0.39524E+04    0.42888E+04    0.95244E+01
   0.18867E+00    0.39524E+04    0.42888E+04    0.95133E+01
   0.18379E+00    0.39533E+04    0.42986E+04    0.95016E+01
   0.18379E+00    0.39533E+04    0.42986E+04    0.94894E+01
   0.18105E+00    0.39538E+04    0.43065E+04    0.94767E+01
   0.18105E+00    0.39538E+04    0.43065E+04    0.94635E+01
   0.18042E+00    0.39538E+04    0.43126E+04    0.94500E+01
   0.18042E+00    0.39538E+04    0.43126E+04    0.94362E+01
   0.18181E+00    0.39533E+04    0.43169E+04    0.94223E+01
   0.18181E+00    0.39533E+04    0.43169E+04    0.94083E+01
   0.18515E+00    0.39525E+04    0.43193E+04    0.93942E+01
   0.18515E+00    0.39525E+04    0.43193E+04    0.93802E+01
   0.19028E+00    0.39512E+04    0.43198E+04    0.93664E+01
   0.19028E+00    0.39512E+04    0.43198E+04    0.93528E+01
   0.19703E+00    0.39496E+04    0.43186E+04    0.93395E+01
   0.19703E+00    0.39496E+04    0.43186E+04    0.93265E+01
   0.20522E+00    0.39477E+04    0.43157E+04    0.93140E+01
   0.20522E+00    0.39477E+04    0.43157E+04    0.93019E+01
   0.21462E+00    0.39456E+04    0.43113E+04    0.92903E+01
   0.21462E+00    0.39456E+04    0.43113E+04    0.92794E+01
   0.22499E+00    0.39433E+04    0.43055E+04    0.92691E+01
   0.22499E+00    0.39433E+04    0.43055E+04    0.92594E+01
   0.23610E+00    0.39409E+04    0.42985E+04    0.92505E+01
   0.23610E+00    0.39409E+04    0.42985E+04    0.92423E+01
   0.24768E+00    0.39384E+04    0.42905E+04    0.92349E+01
   0.24768E+00    0.39384E+04    0.42905E+04    0.92283E+01
   0.25946E+00    0.39359E+04    0.42818E+04    0.92225E+01
   0.25946E+00    0.39359E+04    0.42818E+04    0.92174E+01
   0.27121E+00    0.39334E+04    0.42725E+04    0.92133E+01
   0.27121E+00    0.39334E+04    0.42725E+04    0.92098E+01
   0.28266E+00    0.39311E+04    0.42628E+04    0.92073E+01
   0.28266E+00    0.39311E+04    0.42628E+04    0.92056E+01
   0.29360E+00    0.39289E+04    0.42531E+04    0.92046E+01
   0.29360E+00    0.39289E+04    0.42531E+04    0.92044E+01
   0.30382E+00    0.39270E+04    0.42435E+04    0.92049E+01
   0.30382E+00    0.39270E+04    0.42435E+04    0.92062E+01
   0.31312E+00    0.39253E+04    0.42342E+04    0.92083E+01
   0.31312E+00    0.39253E+04    0.42342E+04    0.92109E+01
   0.32139E+00    0.39238E+04    0.42255E+04    0.92141E+01
   0.32139E+00    0.39238E+04    0.42255E+04    0.92180E+01
   0.32848E+00    0.39227E+04    0.42174E+04    0.92224E+01
   0.32848E+00    0.39227E+04    0.42174E+04    0.92274E+01
   0.33430E+00    0.39218E+04    0.42102E+04    0.92328E+01
   0.33430E+00    0.39218E+04    0.42102E+04    0.92386E+01
   0.33882E+00    0.39212E+04    0.42039E+04    0.92448E+01
   0.33882E+00    0.39212E+04    0.42039E+04    0.92513E+01
   0.34199E+00    0.39210E+04    0.41986E+04    0.92582E+01
   0.34199E+00    0.39210E+04    0.41986E+04    0.92652E+01
   0.34384E+00    0.39210E+04    0.41944E+04    0.92724E+01
   0.34384E+00    0.39210E+04    0.41944E+04    0.92798E+01
   0.34440E+00    0.39213E+04    0.41914E+04    0.92873E+01
   0.34440E+00    0.39213E+04    0.41914E+04    0.92949E+01
   0.34373E+00    0.39218E+04    0.41895E+04    0.93025E+01
   0.34373E+00    0.39218E+04    0.41895E+04    0.93100E+01
   0.34192E+00    0.39226E+04    0.41886E+04    0.93175E+01
   0.34192E+00    0.39226E+04    0.41886E+04    0.93249E+01
   0.33908E+00    0.39235E+04    0.41889E+04    0.93321E+01
   0.33908E+00    0.39235E+04    0.41889E+04    0.93392E+01
   0.33533E+00    0.39246E+04    0.41900E+04    0.93460E+01
   0.33533E+00    0.39246E+04    0.41900E+04    0.93526E+01
   0.33080E+00    0.39258E+04    0.41921E+04    0.93589E+01
   0.33080E+00    0.39258E+04    0.41921E+04    0.93649E+01
   0.32564E+00    0.39271E+04    0.41950E+04    0.93706E+01
   0.32564E+00    0.39271E+04    0.41950E+04    0.93760E+01
   0.31999E+00    0.39284E+04    0.41986E+04    0.93809E+01
   0.31999E+00    0.39284E+04    0.41986E+04    0.93855E+01
   0.31399E+00    0.39298E+04    0.42027E+04    0.93897E+01
   0.31399E+00    0.39298E+04    0.42027E+04    0.93935E+01
   0.30780E+00    0.39311E+04    0.42073E+04    0.93969E+01
   0.30780E+00    0.39311E+04    0.42073E+04    0.93999E+01
   0.30156E+00    0.39325E+04    0.42121E+04    0.94024E+01
   0.30156E+00    0.39325E+04    0.42121E+04    0.94045E+01
   0.29539E+00    0.39337E+04    0.42172E+04    0.94062E+01
   0.29539E+00    0.39337E+04    0.42172E+04    0.94074E+01
   0.28943E+00    0.39349E+04    0.42222E+04    0.94083E+01
   0.28943E+00    0.39349E+04    0.42222E+04    0.94087E+01
   0.28378E+00    0.39360E+04    0.42273E+04    0.94087E+01
   0.28378E+00    0.39360E+04    0.42273E+04    0.94083E+01
   0.27854E+00    0.39369E+04    0.42321E+04    0.94075E+01
   0.27854E+00    0.39369E+04    0.42321E+04    0.94064E+01
   0.27381E+00    0.39377E+04    0.42367E+04    0.94049E+01
   0.27381E+00    0.39377E+04    0.42367E+04    0.94031E+01
   0.26963E+00    0.39384E+04    0.42409E+04    0.94010E+01
   0.26963E+00    0.39384E+04    0.42409E+04    0.93986E+01
   0.26608E+00    0.39389E+04    0.42447E+04    0.93960E+01
   0.26608E+00    0.39389E+04    0.42447E+04    0.93931E+01
   0.26318E+00    0.39392E+04    0.42480E+04    0.93899E+01
   0.26318E+00    0.39392E+04    0.42480E+04    0.93866E+01
   0.26096E+00    0.39394E+04    0.42507E+04    0.93831E+01
   0.26096E+00    0.39394E+04    0.42507E+04    0.93795E+01
   0.25943E+00    0.39394E+04    0.42529E+04    0.93757E+01
   0.25943E+00    0.39394E+04    0.42529E+04    0.93718E+01
   0.25858E+00    0.39393E+04    0.42544E+04    0.93679E+01
   0.25858E+00    0.39393E+04    0.42544E+04    0.93639E+01
   0.25837E+00    0.39390E+04    0.42554E+04    0.93600E+01
   0.25837E+00    0.39390E+04    0.42554E+04    0.93560E+01
   0.25879E+00    0.39386E+04    0.42557E+04    0.93520E+01
   0.25879E+00    0.39386E+04    0.42557E+04    0.93481E+01
   0.25978E+00    0.39381E+04    0.42555E+04    0.93443E+01
   0.25978E+00    0.39381E+04    0.42555E+04    0.93406E+01
   0.26128E+00    0.39375E+04    0.42547E+04    0.93369E+01
   0.26128E+00    0.39375E+04    0.42547E+04    0.93334E+01
   0.26323E+00    0.39369E+04    0.42535E+04    0.93301E+01
   0.26323E+00    0.39369E+04    0.42535E+04    0.93269E+01
   0.26556E+00    0.39361E+04    0.42517E+04    0.93240E+01
   0.26556E+00    0.39361E+04    0.42517E+04    0.93212E+01
   0.26819E+00    0.39354E+04    0.42496E+04    0.93186E+01
   0.26819E+00    0.39354E+04    0.42496E+04    0.93162E+01
   0.27104E+00    0.39346E+04    0.42471E+04    0.93141E+01
   0.27104E+00    0.39346E+04    0.42471E+04    0.93122E+01
   0.27404E+00    0.39338E+04    0.42444E+04    0.93105E+01
   0.27404E+00    0.39338E+04    0.42444E+04    0.93091E+01
   0.27709E+00    0.39330E+04    0.42415E+04    0.93079E+01
   0.27709E+00    0.39330E+04    0.42415E+04    0.93070E+01
   0.28014E+00    0.39323E+04    0.42385E+04    0.93063E+01
   0.28014E+00    0.39323E+04    0.42385E+04    0.93059E+01
   0.28310E+00    0.39316E+04    0.42354E+04    0.93057E+01
   0.28310E+00    0.39316E+04    0.42354E+04    0.93057E+01
   0.28591E+00    0.39310E+04    0.42324E+04    0.93060E+01
   0.28591E+00    0.39310E+04    0.42324E+04    0.93065E+01
   0.28851E+00    0.39304E+04    0.42295E+04    0.93072E+01
   0.28851E+00    0.39304E+04    0.42295E+04    0.93082E+01
   0.29085E+00    0.39299E+04    0.42267E+04    0.93093E+01
   0.29085E+00    0.39299E+04    0.42267E+04    0.93106E+01
   0.29289E+00    0.39295E+04    0.42241E+04    0.93121E+01
   0.29289E+00    0.39295E+04    0.42241E+04    0.93138E+01
   0.29459E+00    0.39292E+04    0.42218E+04    0.93153E+01
   0.29459E+00    0.39292E+04    0.42218E+04    0.93158E+01
   0.29594E+00    0.39291E+04    0.42198E+04    0.93148E+01
   0.29594E+00    0.39291E+04    0.42198E+04    0.93122E+01
   0.30314E+00    0.39289E+04    0.42181E+04    0.93083E+01
   0.30314E+00    0.39289E+04    0.42181E+04    0.93041E+01
   0.33290E+00    0.39286E+04    0.42168E+04    0.92999E+01
   0.33290E+00    0.39286E+04    0.42168E+04    0.92959E+01
   0.38222E+00    0.39278E+04    0.42159E+04    0.92912E+01
   0.38222E+00    0.39278E+04    0.42159E+04    0.92853E+01
   0.43421E+00    0.39264E+04    0.42154E+04    0.92773E+01
   0.43421E+00    0.39264E+04    0.42154E+04    0.92675E+01
   0.48500E+00    0.39256E+04    0.42152E+04    0.92555E+01
   0.48500E+00    0.39256E+04    0.42152E+04    0.92419E+01
   0.53316E+00    0.39266E+04    0.42160E+04    0.92261E+01
   0.53316E+00    0.39266E+04    0.42160E+04    0.92087E+01
   0.57853E+00    0.39291E+04    0.42182E+04    0.91889E+01
   0.57853E+00    0.39291E+04    0.42182E+04    0.91674E+01
   0.62086E+00    0.39322E+04    0.42219E+04    0.91435E+01
   0.62086E+00    0.39322E+04    0.42219E+04    0.91178E+01
   0.66026E+00    0.39350E+04    0.42268E+04    0.90900E+01
   0.66026E+00    0.39350E+04    0.42268E+04    0.90606E+01
   0.69706E+00    0.39373E+04    0.42325E+04    0.90294E+01
   0.69706E+00    0.39373E+04    0.42325E+04    0.89968E+01
   0.73159E+00    0.39389E+04    0.42385E+04    0.89626E+01
   0.73159E+00    0.39389E+04    0.42385E+04    0.89272E+01
   0.76410E+00    0.39399E+04    0.42442E+04    0.88905E+01
   0.76410E+00    0.39399E+04    0.42442E+04    0.88530E+01
   0.79485E+00    0.39402E+04    0.42493E+04    0.88143E+01
   0.79485E+00    0.39402E+04    0.42493E+04    0.87751E+01
   0.82404E+00    0.39401E+04    0.42532E+04    0.87352E+01
   0.82404E+00    0.39401E+04    0.42532E+04    0.86950E+01
   0.85183E+00    0.39393E+04    0.42556E+04    0.86543E+01
   0.85183E+00    0.39393E+04    0.42556E+04    0.86136E+01
   0.87833E+00    0.39379E+04    0.42562E+04    0.85729E+01
   0.87833E+00    0.39379E+04    0.42562E+04    0.85326E+01
   0.90364E+00    0.39358E+04    0.42548E+04    0.84924E+01
   0.90364E+00    0.39358E+04    0.42548E+04    0.84529E+01
   0.92776E+00    0.39330E+04    0.42512E+04    0.84139E+01
   0.92776E+00    0.39330E+04    0.42512E+04    0.83760E+01
   0.95070E+00    0.39296E+04    0.42452E+04    0.83390E+01
   0.95070E+00    0.39296E+04    0.42452E+04    0.83031E+01
   0.97240E+00    0.39256E+04    0.42367E+04    0.82685E+01
   0.97240E+00    0.39256E+04    0.42367E+04    0.82354E+01
   0.99090E+00    0.39211E+04    0.42258E+04    0.82039E+01
   0.99090E+00    0.39211E+04    0.42258E+04    0.81741E+01
   0.10001E+01    0.39161E+04    0.42125E+04    0.81462E+01
   0.10001E+01    0.39161E+04    0.42125E+04    0.81203E+01
   0.10048E+01    0.39108E+04    0.41969E+04    0.80967E+01
   0.10048E+01    0.39108E+04    0.41969E+04    0.80755E+01
   0.10071E+01    0.39050E+04    0.41792E+04    0.80569E+01
   0.10071E+01    0.39050E+04    0.41792E+04    0.80407E+01
   0.10082E+01    0.38987E+04    0.41591E+04    0.80273E+01
   0.10082E+01    0.38987E+04    0.41591E+04    0.80166E+01
   0.10088E+01    0.38919E+04    0.41370E+04    0.80088E+01
   0.10088E+01    0.38919E+04    0.41370E+04    0.80037E+01
   0.10091E+01    0.38848E+04    0.41130E+04    0.80015E+01
   0.10091E+01    0.38848E+04    0.41130E+04    0.80021E+01
   0.10092E+01    0.38777E+04    0.40877E+04    0.80055E+01
   0.10092E+01    0.38777E+04    0.40877E+04    0.80115E+01
   0.10093E+01    0.38710E+04    0.40614E+04    0.80204E+01
   0.10093E+01    0.38710E+04    0.40614E+04    0.80317E+01
   0.10093E+01    0.38649E+04    0.40350E+04    0.80455E+01
   0.10093E+01    0.38649E+04    0.40350E+04    0.80616E+01
   0.10094E+01    0.38594E+04    0.40089E+04    0.80801E+01
   0.10094E+01    0.38594E+04    0.40089E+04    0.81005E+01
   0.10094E+01    0.38549E+04    0.39839E+04    0.81230E+01
   0.10094E+01    0.38549E+04    0.39839E+04    0.81471E+01
   0.10094E+01    0.38513E+04    0.39607E+04    0.81729E+01
   0.10094E+01    0.38513E+04    0.39607E+04    0.82001E+01
   0.10094E+01    0.38487E+04    0.39398E+04    0.82286E+01
   0.10094E+01    0.38487E+04    0.39398E+04    0.82581E+01
   0.10062E+01    0.38474E+04    0.39219E+04    0.82885E+01
   0.10062E+01    0.38474E+04    0.39219E+04    0.83196E+01
   0.99949E+00    0.38472E+04    0.39075E+04    0.83511E+01
   0.99949E+00    0.38472E+04    0.39075E+04    0.83832E+01
   0.98897E+00    0.38482E+04    0.38968E+04    0.84154E+01
   0.98897E+00    0.38482E+04    0.38968E+04    0.84478E+01
   0.97495E+00    0.38502E+04    0.38901E+04    0.84800E+01
   0.97495E+00    0.38502E+04    0.38901E+04    0.85121E+01
   0.95778E+00    0.38531E+04    0.38874E+04    0.85437E+01
   0.95778E+00    0.38531E+04    0.38874E+04    0.85750E+01
   0.93790E+00    0.38566E+04    0.38886E+04    0.86056E+01
   0.93790E+00    0.38566E+04    0.38886E+04    0.86356E+01
   0.91581E+00    0.38607E+04    0.38934E+04    0.86646E+01
   0.91581E+00    0.38607E+04    0.38934E+04    0.86929E+01
   0.89202E+00    0.38652E+04    0.39016E+04    0.87201E+01
   0.89202E+00    0.38652E+04    0.39016E+04    0.87467E+01
   0.86703E+00    0.38700E+04    0.39129E+04    0.87723E+01
   0.86703E+00    0.38700E+04    0.39129E+04    0.87970E+01
   0.84137E+00    0.38751E+04    0.39268E+04    0.88203E+01
   0.84137E+00    0.38751E+04    0.39268E+04    0.88424E+01
   0.81542E+00    0.38803E+04    0.39430E+04    0.88629E+01
   0.81542E+00    0.38803E+04    0.39430E+04    0.88820E+01
   0.78965E+00    0.38855E+04    0.39610E+04    0.88993E+01
   0.78965E+00    0.38855E+04    0.39610E+04    0.89152E+01
   0.76461E+00    0.38908E+04    0.39805E+04    0.89292E+01
   0.76461E+00    0.38908E+04    0.39805E+04    0.89417E+01
   0.74070E+00    0.38960E+04    0.40011E+04    0.89520E+01
   0.74070E+00    0.38960E+04    0.40011E+04    0.89607E+01
   0.71822E+00    0.39011E+04    0.40224E+04    0.89673E+01
   0.71822E+00    0.39011E+04    0.40224E+04    0.89723E+01
   0.69752E+00    0.39059E+04    0.40439E+04    0.89752E+01
   0.69752E+00    0.39059E+04    0.40439E+04    0.89763E+01
   0.67890E+00    0.39103E+04    0.40653E+04    0.89753E+01
   0.67890E+00    0.39103E+04    0.40653E+04    0.89725E+01
   0.66256E+00    0.39143E+04    0.40862E+04    0.89677E+01
   0.66256E+00    0.39143E+04    0.40862E+04    0.89614E+01
   0.64874E+00    0.39179E+04    0.41061E+04    0.89532E+01
   0.64874E+00    0.39179E+04    0.41061E+04    0.89434E+01
   0.63759E+00    0.39209E+04    0.41247E+04    0.89317E+01
   0.63759E+00    0.39209E+04    0.41247E+04    0.89187E+01
   0.62918E+00    0.39232E+04    0.41417E+04    0.89042E+01
   0.62918E+00    0.39232E+04    0.41417E+04    0.88883E+01
   0.62361E+00    0.39250E+04    0.41568E+04    0.88711E+01
   0.62361E+00    0.39250E+04    0.41568E+04    0.88527E+01
   0.62089E+00    0.39262E+04    0.41698E+04    0.88332E+01
   0.62089E+00    0.39262E+04    0.41698E+04    0.88128E+01
   0.62099E+00    0.39266E+04    0.41805E+04    0.87915E+01
   0.62099E+00    0.39266E+04    0.41805E+04    0.87694E+01
   0.62387E+00    0.39265E+04    0.41887E+04    0.87467E+01
   0.62387E+00    0.39265E+04    0.41887E+04    0.87236E+01
   0.62939E+00    0.39256E+04    0.41943E+04    0.87001E+01
   0.62939E+00    0.39256E+04    0.41943E+04    0.86764E+01
   0.63742E+00    0.39242E+04    0.41973E+04    0.86526E+01
   0.63742E+00    0.39242E+04    0.41973E+04    0.86288E+01
   0.64777E+00    0.39222E+04    0.41976E+04    0.86051E+01
   0.64777E+00    0.39222E+04    0.41976E+04    0.85817E+01
   0.66020E+00    0.39196E+04    0.41953E+04    0.85588E+01
   0.66020E+00    0.39196E+04    0.41953E+04    0.85363E+01
   0.67447E+00    0.39165E+04    0.41905E+04    0.85145E+01
   0.67447E+00    0.39165E+04    0.41905E+04    0.84933E+01
   0.69026E+00    0.39130E+04    0.41834E+04    0.84731E+01
   0.69026E+00    0.39130E+04    0.41834E+04    0.84537E+01
   0.70726E+00    0.39092E+04    0.41740E+04    0.84354E+01
   0.70726E+00    0.39092E+04    0.41740E+04    0.84182E+01
   0.72512E+00    0.39052E+04    0.41626E+04    0.84022E+01
   0.72512E+00    0.39052E+04    0.41626E+04    0.83873E+01
   0.74348E+00    0.39009E+04    0.41496E+04    0.83739E+01
   0.74348E+00    0.39009E+04    0.41496E+04    0.83617E+01
   0.76197E+00    0.38967E+04    0.41351E+04    0.83511E+01
   0.76197E+00    0.38967E+04    0.41351E+04    0.83418E+01
   0.78022E+00    0.38924E+04    0.41196E+04    0.83340E+01
   0.78022E+00    0.38924E+04    0.41196E+04    0.83276E+01
   0.79787E+00    0.38883E+04    0.41033E+04    0.83228E+01
   0.79787E+00    0.38883E+04    0.41033E+04    0.83194E+01
   0.81458E+00    0.38844E+04    0.40867E+04    0.83176E+01
   0.81458E+00    0.38844E+04    0.40867E+04    0.83171E+01
   0.83003E+00    0.38809E+04    0.40701E+04    0.83182E+01
   0.83003E+00    0.38809E+04    0.40701E+04    0.83206E+01
   0.84392E+00    0.38777E+04    0.40538E+04    0.83245E+01
   0.84392E+00    0.38777E+04    0.40538E+04    0.83296E+01
   0.85605E+00    0.38750E+04    0.40383E+04    0.83360E+01
   0.85605E+00    0.38750E+04    0.40383E+04    0.83436E+01
   0.86619E+00    0.38727E+04    0.40238E+04    0.83525E+01
   0.86619E+00    0.38727E+04    0.40238E+04    0.83624E+01
   0.87422E+00    0.38710E+04    0.40106E+04    0.83734E+01
   0.87422E+00    0.38710E+04    0.40106E+04    0.83853E+01
   0.88003E+00    0.38699E+04    0.39990E+04    0.83981E+01
   0.88003E+00    0.38699E+04    0.39990E+04    0.84117E+01
   0.88358E+00    0.38693E+04    0.39892E+04    0.84261E+01
   0.88358E+00    0.38693E+04    0.39892E+04    0.84410E+01
   0.88490E+00    0.38693E+04    0.39814E+04    0.84565E+01
   0.88490E+00    0.38693E+04    0.39814E+04    0.84724E+01
   0.88403E+00    0.38699E+04    0.39756E+04    0.84888E+01
   0.88403E+00    0.38699E+04    0.39756E+04    0.85055E+01
   0.88109E+00    0.38710E+04    0.39720E+04    0.85224E+01
   0.88109E+00    0.38710E+04    0.39720E+04    0.85393E+01
   0.87623E+00    0.38725E+04    0.39705E+04    0.85563E+01
   0.87623E+00    0.38725E+04    0.39705E+04    0.85733E+01
   0.86960E+00    0.38745E+04    0.39712E+04    0.85902E+01
   0.86960E+00    0.38745E+04    0.39712E+04    0.86068E+01
   0.86145E+00    0.38768E+04    0.39740E+04    0.86232E+01
   0.86145E+00    0.38768E+04    0.39740E+04    0.86392E+01
   0.85197E+00    0.38795E+04    0.39787E+04    0.86548E+01
   0.85197E+00    0.38795E+04    0.39787E+04    0.86699E+01
   0.84144E+00    0.38824E+04    0.39852E+04    0.86844E+01
   0.84144E+00    0.38824E+04    0.39852E+04    0.86984E+01
   0.83011E+00    0.38855E+04    0.39934E+04    0.87116E+01
   0.83011E+00    0.38855E+04    0.39934E+04    0.87241E+01
   0.81823E+00    0.38888E+04    0.40030E+04    0.87358E+01
   0.81823E+00    0.38888E+04    0.40030E+04    0.87468E+01
   0.80607E+00    0.38922E+04    0.40138E+04    0.87569E+01
   0.80607E+00    0.38922E+04    0.40138E+04    0.87661E+01
   0.79390E+00    0.38955E+04    0.40257E+04    0.87743E+01
   0.79390E+00    0.38955E+04    0.40257E+04    0.87816E+01
   0.78194E+00    0.38989E+04    0.40382E+04    0.87879E+01
   0.78194E+00    0.38989E+04    0.40382E+04    0.87933E+01
   0.77043E+00    0.39021E+04    0.40512E+04    0.87977E+01
   0.77043E+00    0.39021E+04    0.40512E+04    0.88010E+01
   0.75959E+00    0.39052E+04    0.40645E+04    0.88033E+01
   0.75959E+00    0.39052E+04    0.40645E+04    0.88047E+01
   0.74959E+00    0.39081E+04    0.40777E+04    0.88051E+01
   0.74959E+00    0.39081E+04    0.40777E+04    0.88045E+01
   0.74063E+00    0.39107E+04    0.40907E+04    0.88029E+01
   0.74063E+00    0.39107E+04    0.40907E+04    0.88004E+01
   0.73282E+00    0.39131E+04    0.41032E+04    0.87970E+01
   0.73282E+00    0.39131E+04    0.41032E+04    0.87928E+01
   0.72629E+00    0.39152E+04    0.41151E+04    0.87876E+01
   0.72629E+00    0.39152E+04    0.41151E+04    0.87817E+01
   0.72114E+00    0.39169E+04    0.41261E+04    0.87750E+01
   0.72114E+00    0.39169E+04    0.41261E+04    0.87676E+01
   0.71741E+00    0.39183E+04    0.41361E+04    0.87595E+01
   0.71741E+00    0.39183E+04    0.41361E+04    0.87509E+01
   0.71516E+00    0.39194E+04    0.41449E+04    0.87416E+01
   0.71516E+00    0.39194E+04    0.41449E+04    0.87319E+01
   0.71437E+00    0.39201E+04    0.41524E+04    0.87217E+01
   0.71437E+00    0.39201E+04    0.41524E+04    0.87112E+01
   0.71502E+00    0.39204E+04    0.41586E+04    0.87003E+01
   0.71502E+00    0.39204E+04    0.41586E+04    0.86892E+01
   0.71710E+00    0.39203E+04    0.41634E+04    0.86779E+01
   0.71710E+00    0.39203E+04    0.41634E+04    0.86664E+01
   0.72049E+00    0.39200E+04    0.41667E+04    0.86550E+01
   0.72049E+00    0.39200E+04    0.41667E+04    0.86435E+01
   0.72513E+00    0.39193E+04    0.41685E+04    0.86320E+01
   0.72513E+00    0.39193E+04    0.41685E+04    0.86207E+01
   0.73088E+00    0.39183E+04    0.41689E+04    0.86096E+01
   0.73088E+00    0.39183E+04    0.41689E+04    0.85987E+01
   0.73762E+00    0.39170E+04    0.41680E+04    0.85881E+01
   0.73762E+00    0.39170E+04    0.41680E+04    0.85779E+01
   0.74520E+00    0.39155E+04    0.41657E+04    0.85680E+01
   0.74520E+00    0.39155E+04    0.41657E+04    0.85586E+01
   0.75344E+00    0.39139E+04    0.41622E+04    0.85497E+01
   0.75344E+00    0.39139E+04    0.41622E+04    0.85413E+01
   0.76217E+00    0.39121E+04    0.41576E+04    0.85336E+01
   0.76217E+00    0.39121E+04    0.41576E+04    0.85263E+01
   0.77121E+00    0.39102E+04    0.41521E+04    0.85198E+01
   0.77121E+00    0.39102E+04    0.41521E+04    0.85138E+01
   0.78038E+00    0.39082E+04    0.41457E+04    0.85086E+01
   0.78038E+00    0.39082E+04    0.41457E+04    0.85040E+01
   0.78947E+00    0.39063E+04    0.41388E+04    0.85001E+01
   0.78947E+00    0.39063E+04    0.41388E+04    0.84969E+01
   0.79834E+00    0.39044E+04    0.41314E+04    0.84945E+01
   0.79834E+00    0.39044E+04    0.41314E+04    0.84928E+01
   0.80678E+00    0.39026E+04    0.41237E+04    0.84918E+01
   0.80678E+00    0.39026E+04    0.41237E+04    0.84915E+01
   0.81467E+00    0.39009E+04    0.41159E+04    0.84919E+01
   0.81467E+00    0.39009E+04    0.41159E+04    0.84929E+01
   0.82185E+00    0.38994E+04    0.41082E+04    0.84947E+01
   0.82185E+00    0.38994E+04    0.41082E+04    0.84970E+01
   0.82819E+00    0.38981E+04    0.41008E+04    0.85001E+01
   0.82819E+00    0.38981E+04    0.41008E+04    0.85036E+01
   0.83362E+00    0.38970E+04    0.40938E+04    0.85078E+01
   0.83362E+00    0.38970E+04    0.40938E+04    0.85124E+01
   0.83803E+00    0.38961E+04    0.40873E+04    0.85176E+01
   0.83803E+00    0.38961E+04    0.40873E+04    0.85233E+01
   0.84140E+00    0.38955E+04    0.40816E+04    0.85294E+01
   0.84140E+00    0.38955E+04    0.40816E+04    0.85357E+01
   0.84368E+00    0.38952E+04    0.40766E+04    0.85425E+01
   0.84368E+00    0.38952E+04    0.40766E+04    0.85496E+01
   0.84487E+00    0.38951E+04    0.40725E+04    0.85570E+01
   0.84487E+00    0.38951E+04    0.40725E+04    0.85646E+01
   0.84501E+00    0.38953E+04    0.40694E+04    0.85723E+01
   0.84501E+00    0.38953E+04    0.40694E+04    0.85802E+01
   0.84411E+00    0.38956E+04    0.40672E+04    0.85881E+01
   0.84411E+00    0.38956E+04    0.40672E+04    0.85962E+01
   0.84225E+00    0.38963E+04    0.40660E+04    0.86042E+01
   0.84225E+00    0.38963E+04    0.40660E+04    0.86122E+01
   0.83950E+00    0.38971E+04    0.40657E+04    0.86201E+01
   0.83950E+00    0.38971E+04    0.40657E+04    0.86280E+01
   0.83596E+00    0.38981E+04    0.40665E+04    0.86357E+01
   0.83596E+00    0.38981E+04    0.40665E+04    0.86432E+01
   0.83174E+00    0.38992E+04    0.40681E+04    0.86504E+01
   0.83174E+00    0.38992E+04    0.40681E+04    0.86575E+01
   0.82695E+00    0.39005E+04    0.40706E+04    0.86642E+01
   0.82695E+00    0.39005E+04    0.40706E+04    0.86707E+01
   0.82170E+00    0.39019E+04    0.40738E+04    0.86768E+01
   0.82170E+00    0.39019E+04    0.40738E+04    0.86826E+01
   0.81614E+00    0.39033E+04    0.40777E+04    0.86880E+01
   0.81614E+00    0.39033E+04    0.40777E+04    0.86930E+01
   0.81037E+00    0.39048E+04    0.40822E+04    0.86975E+01
   0.81037E+00    0.39048E+04    0.40822E+04    0.87017E+01
   0.80453E+00    0.39063E+04    0.40871E+04    0.87054E+01
   0.80453E+00    0.39063E+04    0.40871E+04    0.87086E+01
   0.79874E+00    0.39077E+04    0.40924E+04    0.87114E+01
   0.79874E+00    0.39077E+04    0.40924E+04    0.87137E+01
   0.79311E+00    0.39091E+04    0.40978E+04    0.87155E+01
   0.79311E+00    0.39091E+04    0.40978E+04    0.87169E+01
   0.78774E+00    0.39104E+04    0.41034E+04    0.87177E+01
   0.78774E+00    0.39104E+04    0.41034E+04    0.87182E+01
   0.78275E+00    0.39116E+04    0.41090E+04    0.87181E+01
   0.78275E+00    0.39116E+04    0.41090E+04    0.87176E+01
   0.77819E+00    0.39127E+04    0.41144E+04    0.87166E+01
   0.77819E+00    0.39127E+04    0.41144E+04    0.87153E+01
   0.77417E+00    0.39137E+04    0.41195E+04    0.87135E+01
   0.77417E+00    0.39137E+04    0.41195E+04    0.87113E+01
   0.77072E+00    0.39145E+04    0.41244E+04    0.87087E+01
   0.77072E+00    0.39145E+04    0.41244E+04    0.87058E+01
   0.76791E+00    0.39151E+04    0.41288E+04    0.87025E+01
   0.76791E+00    0.39151E+04    0.41288E+04    0.86989E+01
   0.76575E+00    0.39156E+04    0.41327E+04    0.86950E+01
   0.76575E+00    0.39156E+04    0.41327E+04    0.86908E+01
   0.76427E+00    0.39159E+04    0.41361E+04    0.86864E+01
   0.76427E+00    0.39159E+04    0.41361E+04    0.86818E+01
   0.76348E+00    0.39160E+04    0.41388E+04    0.86770E+01
   0.76348E+00    0.39160E+04    0.41388E+04    0.86720E+01
   0.76336E+00    0.39160E+04    0.41409E+04    0.86669E+01
   0.76336E+00    0.39160E+04    0.41409E+04    0.86617E+01
   0.76389E+00    0.39158E+04    0.41423E+04    0.86564E+01
   0.76389E+00    0.39158E+04    0.41423E+04    0.86511E+01
   0.76503E+00    0.39154E+04    0.41431E+04    0.86458E+01
   0.76503E+00    0.39154E+04    0.41431E+04    0.86405E+01
   0.76675E+00    0.39149E+04    0.41431E+04    0.86352E+01
   0.76675E+00    0.39149E+04    0.41431E+04    0.86300E+01
   0.76897E+00    0.39142E+04    0.41425E+04    0.86249E+01
   0.76897E+00    0.39142E+04    0.41425E+04    0.86198E+01
   0.77164E+00    0.39134E+04    0.41412E+04    0.86150E+01
   0.77164E+00    0.39134E+04    0.41412E+04    0.86103E+01
   0.77469E+00    0.39126E+04    0.41393E+04    0.86058E+01
   0.77469E+00    0.39126E+04    0.41393E+04    0.86015E+01
   0.77804E+00    0.39116E+04    0.41369E+04    0.85974E+01
   0.77804E+00    0.39116E+04    0.41369E+04    0.85936E+01
   0.78160E+00    0.39106E+04    0.41340E+04    0.85900E+01
   0.78160E+00    0.39106E+04    0.41340E+04    0.85867E+01
   0.78529E+00    0.39096E+04    0.41307E+04    0.85837E+01
   0.78529E+00    0.39096E+04    0.41307E+04    0.85810E+01
   0.78903E+00    0.39085E+04    0.41271E+04    0.85786E+01
   0.78903E+00    0.39085E+04    0.41271E+04    0.85764E+01
   0.79274E+00    0.39075E+04    0.41232E+04    0.85746E+01
   0.79274E+00    0.39075E+04    0.41232E+04    0.85732E+01
   0.79633E+00    0.39065E+04    0.41191E+04    0.85720E+01
   0.79633E+00    0.39065E+04    0.41191E+04    0.85712E+01
   0.79974E+00    0.39055E+04    0.41149E+04    0.85707E+01
   0.79974E+00    0.39055E+04    0.41149E+04    0.85705E+01
   0.80289E+00    0.39046E+04    0.41107E+04    0.85706E+01
   0.80289E+00    0.39046E+04    0.41107E+04    0.85710E+01
   0.80573E+00    0.39038E+04    0.41066E+04    0.85717E+01
   0.80573E+00    0.39038E+04    0.41066E+04    0.85727E+01
   0.80820E+00    0.39030E+04    0.41026E+04    0.85740E+01
   0.80820E+00    0.39030E+04    0.41026E+04    0.85755E+01
   0.81026E+00    0.39024E+04    0.40988E+04    0.85773E+01
   0.81026E+00    0.39024E+04    0.40988E+04    0.85793E+01
   0.81189E+00    0.39019E+04    0.40953E+04    0.85816E+01
   0.81189E+00    0.39019E+04    0.40953E+04    0.85840E+01
   0.81305E+00    0.39015E+04    0.40922E+04    0.85867E+01
   0.81305E+00    0.39015E+04    0.40922E+04    0.85895E+01
   0.81373E+00    0.39012E+04    0.40894E+04    0.85924E+01
   0.81373E+00    0.39012E+04    0.40894E+04    0.85955E+01
   0.81395E+00    0.39010E+04    0.40870E+04    0.85987E+01
   0.81395E+00    0.39010E+04    0.40870E+04    0.86020E+01
   0.81370E+00    0.39010E+04    0.40851E+04    0.86054E+01
   0.81370E+00    0.39010E+04    0.40851E+04    0.86088E+01
   0.81301E+00    0.39011E+04    0.40836E+04    0.86122E+01
   0.81301E+00    0.39011E+04    0.40836E+04    0.86157E+01
   0.81190E+00    0.39012E+04    0.40826E+04    0.86192E+01
   0.81190E+00    0.39012E+04    0.40826E+04    0.86227E+01
   0.81041E+00    0.39015E+04    0.40821E+04    0.86261E+01
   0.81041E+00    0.39015E+04    0.40821E+04    0.86295E+01
   0.80858E+00    0.39019E+04    0.40820E+04    0.86328E+01
   0.80858E+00    0.39019E+04    0.40820E+04    0.86360E+01
   0.80646E+00    0.39023E+04    0.40824E+04    0.86391E+01
   0.80646E+00    0.39023E+04    0.40824E+04    0.86421E+01
   0.80409E+00    0.39028E+04    0.40831E+04    0.86449E+01
   0.80409E+00    0.39028E+04    0.40831E+04    0.86477E+01
   0.80154E+00    0.39033E+04    0.40842E+04    0.86502E+01
   0.80154E+00    0.39033E+04    0.40842E+04    0.86526E+01
   0.79887E+00    0.39039E+04    0.40856E+04    0.86548E+01
   0.79887E+00    0.39039E+04    0.40856E+04    0.86569E+01
   0.79611E+00    0.39045E+04    0.40873E+04    0.86587E+01
   0.79611E+00    0.39045E+04    0.40873E+04    0.86604E+01
   0.79335E+00    0.39051E+04    0.40892E+04    0.86618E+01
   0.79335E+00    0.39051E+04    0.40892E+04    0.86630E+01
   0.79062E+00    0.39056E+04    0.40913E+04    0.86640E+01
   0.79062E+00    0.39056E+04    0.40913E+04    0.86648E+01
   0.78798E+00    0.39062E+04    0.40935E+04    0.86654E+01
   0.78798E+00    0.39062E+04    0.40935E+04    0.86657E+01
   0.78548E+00    0.39067E+04    0.40957E+04    0.86658E+01
   0.78548E+00    0.39067E+04    0.40957E+04    0.86658E+01
   0.78316E+00    0.39072E+04    0.40980E+04    0.86655E+01
   0.78316E+00    0.39072E+04    0.40980E+04    0.86650E+01
   0.78106E+00    0.39076E+04    0.41001E+04    0.86643E+01
   0.78106E+00    0.39076E+04    0.41001E+04    0.86634E+01
   0.77921E+00    0.39080E+04    0.41022E+04    0.86623E+01
   0.77921E+00    0.39080E+04    0.41022E+04    0.86611E+01
   0.77765E+00    0.39083E+04    0.41042E+04    0.86596E+01
   0.77765E+00    0.39083E+04    0.41042E+04    0.86580E+01
   0.77638E+00    0.39085E+04    0.41059E+04    0.86563E+01
   0.77638E+00    0.39085E+04    0.41059E+04    0.86544E+01
   0.77543E+00    0.39087E+04    0.41075E+04    0.86524E+01
   0.77543E+00    0.39087E+04    0.41075E+04    0.86503E+01
   0.77480E+00    0.39088E+04    0.41088E+04    0.86480E+01
   0.77480E+00    0.39088E+04    0.41088E+04    0.86457E+01
   0.77449E+00    0.39088E+04    0.41098E+04    0.86433E+01
   0.77449E+00    0.39088E+04    0.41098E+04    0.86408E+01
   0.77449E+00    0.39087E+04    0.41105E+04    0.86383E+01
   0.77449E+00    0.39087E+04    0.41105E+04    0.86357E+01
   0.77479E+00    0.39085E+04    0.41109E+04    0.86331E+01
   0.77479E+00    0.39085E+04    0.41109E+04    0.86305E+01
   0.77538E+00    0.39083E+04    0.41110E+04    0.86279E+01
   0.77538E+00    0.39083E+04    0.41110E+04    0.86253E+01
   0.77624E+00    0.39080E+04    0.41109E+04    0.86228E+01
   0.77624E+00    0.39080E+04    0.41109E+04    0.86202E+01
   0.77732E+00    0.39077E+04    0.41104E+04    0.86177E+01
   0.77732E+00    0.39077E+04    0.41104E+04    0.86153E+01
   0.77861E+00    0.39073E+04    0.41096E+04    0.86130E+01
   0.77861E+00    0.39073E+04    0.41096E+04    0.86107E+01
   0.78007E+00    0.39068E+04    0.41086E+04    0.86090E+01
   0.78007E+00    0.39068E+04    0.41086E+04    0.86084E+01
   0.78165E+00    0.39064E+04    0.41073E+04    0.86097E+01
   0.78165E+00    0.39064E+04    0.41073E+04    0.86131E+01
   0.77758E+00    0.39059E+04    0.41058E+04    0.86181E+01
   0.77758E+00    0.39059E+04    0.41058E+04    0.86240E+01
   0.75237E+00    0.39056E+04    0.41042E+04    0.86302E+01
   0.75237E+00    0.39056E+04    0.41042E+04    0.86369E+01
   0.70866E+00    0.39057E+04    0.41023E+04    0.86447E+01
   0.70866E+00    0.39057E+04    0.41023E+04    0.86539E+01
   0.66181E+00    0.39061E+04    0.41002E+04    0.86652E+01
   0.66181E+00    0.39061E+04    0.41002E+04    0.86784E+01
   0.61508E+00    0.39058E+04    0.40978E+04    0.86938E+01
   0.61508E+00    0.39058E+04    0.40978E+04    0.87108E+01
   0.56956E+00    0.39041E+04    0.40947E+04    0.87298E+01
   0.56956E+00    0.39041E+04    0.40947E+04    0.87504E+01
   0.52540E+00    0.39013E+04    0.40904E+04    0.87732E+01
   0.52540E+00    0.39013E+04    0.40904E+04    0.87974E+01
   0.48298E+00    0.38981E+04    0.40849E+04    0.88236E+01
   0.48298E+00    0.38981E+04    0.40849E+04    0.88512E+01
   0.44237E+00    0.38953E+04    0.40785E+04    0.88806E+01
   0.44237E+00    0.38953E+04    0.40785E+04    0.89109E+01
   0.40350E+00    0.38933E+04    0.40718E+04    0.89428E+01
   0.40350E+00    0.38933E+04    0.40718E+04    0.89754E+01
   0.36632E+00    0.38920E+04    0.40652E+04    0.90092E+01
   0.36632E+00    0.38920E+04    0.40652E+04    0.90435E+01
   0.33079E+00    0.38915E+04    0.40591E+04    0.90786E+01
   0.33079E+00    0.38915E+04    0.40591E+04    0.91140E+01
   0.29683E+00    0.38916E+04    0.40542E+04    0.91499E+01
   0.29683E+00    0.38916E+04    0.40542E+04    0.91858E+01
   0.26440E+00    0.38923E+04    0.40508E+04    0.92219E+01
   0.26440E+00    0.38923E+04    0.40508E+04    0.92578E+01
   0.23348E+00    0.38937E+04    0.40492E+04    0.92936E+01
   0.23348E+00    0.38937E+04    0.40492E+04    0.93288E+01
   0.20407E+00    0.38958E+04    0.40496E+04    0.93638E+01
   0.20407E+00    0.38958E+04    0.40496E+04    0.93981E+01
   0.17620E+00    0.38984E+04    0.40522E+04    0.94318E+01
   0.17620E+00    0.38984E+04    0.40522E+04    0.94645E+01
   0.14992E+00    0.39017E+04    0.40571E+04    0.94965E+01
   0.14992E+00    0.39017E+04    0.40571E+04    0.95273E+01
   0.12531E+00    0.39054E+04    0.40642E+04    0.95572E+01
   0.12531E+00    0.39054E+04    0.40642E+04    0.95858E+01
   0.10247E+00    0.39095E+04    0.40736E+04    0.96132E+01
   0.10247E+00    0.39095E+04    0.40736E+04    0.96392E+01
   0.81513E-01    0.39139E+04    0.40850E+04    0.96639E+01
   0.81513E-01    0.39139E+04    0.40850E+04    0.96870E+01
   0.62549E-01    0.39184E+04    0.40982E+04    0.97087E+01
   0.62549E-01    0.39184E+04    0.40982E+04    0.97288E+01
   0.45703E-01    0.39231E+04    0.41130E+04    0.97472E+01
   0.45703E-01    0.39231E+04    0.41130E+04    0.97640E+01
   0.31069E-01    0.39279E+04    0.41292E+04    0.97790E+01
   0.31069E-01    0.39279E+04    0.41292E+04    0.97924E+01
   0.18750E-01    0.39326E+04    0.41465E+04    0.98040E+01
   0.18750E-01    0.39326E+04    0.41465E+04    0.98137E+01
   0.88331E-02    0.39372E+04    0.41644E+04    0.98217E+01
   0.88331E-02    0.39372E+04    0.41644E+04    0.98278E+01
   0.13605E-02    0.39416E+04    0.41828E+04    0.98322E+01
   0.13605E-02    0.39416E+04    0.41828E+04    0.98348E+01
  -0.29206E-02    0.39458E+04    0.42013E+04    0.98355E+01
  -0.29206E-02    0.39458E+04    0.42013E+04    0.98344E+01
  -0.50608E-02    0.39498E+04    0.42195E+04    0.98316E+01
  -0.50608E-02    0.39498E+04    0.42195E+04    0.98270E+01
  -0.49726E-02    0.39533E+04    0.42372E+04    0.98208E+01
  -0.49726E-02    0.39533E+04    0.42372E+04    0.98129E+01
  -0.24469E-02    0.39566E+04    0.42542E+04    0.98034E+01
  -0.24469E-02    0.39566E+04    0.42542E+04    0.97924E+01
   0.25074E-02    0.39593E+04    0.42702E+04    0.97799E+01
   0.25074E-02    0.39593E+04    0.42702E+04    0.97660E+01
   0.98899E-02    0.39617E+04    0.42849E+04    0.97508E+01
   0.98899E-02    0.39617E+04    0.42849E+04    0.97343E+01
   0.19604E-01    0.39635E+04    0.42981E+04    0.97166E+01
   0.19604E-01    0.39635E+04    0.42981E+04    0.96979E+01
   0.31561E-01    0.39648E+04    0.43096E+04    0.96783E+01
   0.31561E-01    0.39648E+04    0.43096E+04    0.96577E+01
   0.45652E-01    0.39656E+04    0.43194E+04    0.96363E+01
   0.45652E-01    0.39656E+04    0.43194E+04    0.96143E+01
   0.61711E-01    0.39659E+04    0.43274E+04    0.95918E+01
   0.61711E-01    0.39659E+04    0.43274E+04    0.95687E+01
   0.79592E-01    0.39656E+04    0.43333E+04    0.95453E+01
   0.79592E-01    0.39656E+04    0.43333E+04    0.95216E+01
   0.99096E-01    0.39649E+04    0.43373E+04    0.94979E+01
   0.99096E-01    0.39649E+04    0.43373E+04    0.94740E+01
   0.12001E+00    0.39638E+04    0.43392E+04    0.94503E+01
   0.12001E+00    0.39638E+04    0.43392E+04    0.94267E+01
   0.14211E+00    0.39622E+04    0.43392E+04    0.94035E+01
   0.14211E+00    0.39622E+04    0.43392E+04    0.93805E+01
   0.16515E+00    0.39602E+04    0.43373E+04    0.93581E+01
   0.16515E+00    0.39602E+04    0.43373E+04    0.93361E+01
   0.18884E+00    0.39579E+04    0.43337E+04    0.93150E+01
   0.18884E+00    0.39579E+04    0.43337E+04    0.92944E+01
   0.21292E+00    0.39554E+04    0.43283E+04    0.92747E+01
   0.21292E+00    0.39554E+04    0.43283E+04    0.92558E+01
   0.23709E+00    0.39526E+04    0.43215E+04    0.92379E+01
   0.23709E+00    0.39526E+04    0.43215E+04    0.92209E+01
   0.26105E+00    0.39497E+04    0.43134E+04    0.92051E+01
   0.26105E+00    0.39497E+04    0.43134E+04    0.91902E+01
   0.28451E+00    0.39468E+04    0.43042E+04    0.91765E+01
   0.28451E+00    0.39468E+04    0.43042E+04    0.91638E+01
   0.30717E+00    0.39438E+04    0.42941E+04    0.91525E+01
   0.30717E+00    0.39438E+04    0.42941E+04    0.91422E+01
   0.32877E+00    0.39410E+04    0.42834E+04    0.91332E+01
   0.32877E+00    0.39410E+04    0.42834E+04    0.91253E+01
   0.34904E+00    0.39382E+04    0.42723E+04    0.91187E+01
   0.34904E+00    0.39382E+04    0.42723E+04    0.91132E+01
   0.36773E+00    0.39356E+04    0.42610E+04    0.91091E+01
   0.36773E+00    0.39356E+04    0.42610E+04    0.91059E+01
   0.38466E+00    0.39333E+04    0.42499E+04    0.91040E+01
   0.38466E+00    0.39333E+04    0.42499E+04    0.91030E+01
   0.39961E+00    0.39312E+04    0.42391E+04    0.91033E+01
   0.39961E+00    0.39312E+04    0.42391E+04    0.91046E+01
   0.41248E+00    0.39295E+04    0.42288E+04    0.91069E+01
   0.41248E+00    0.39295E+04    0.42288E+04    0.91100E+01
   0.42316E+00    0.39280E+04    0.42193E+04    0.91141E+01
   0.42316E+00    0.39280E+04    0.42193E+04    0.91191E+01
   0.43155E+00    0.39269E+04    0.42107E+04    0.91250E+01
   0.43155E+00    0.39269E+04    0.42107E+04    0.91315E+01
   0.43769E+00    0.39262E+04    0.42031E+04    0.91387E+01
   0.43769E+00    0.39262E+04    0.42031E+04    0.91465E+01
   0.44153E+00    0.39257E+04    0.41966E+04    0.91550E+01
   0.44153E+00    0.39257E+04    0.41966E+04    0.91640E+01
   0.44316E+00    0.39256E+04    0.41913E+04    0.91736E+01
   0.44316E+00    0.39256E+04    0.41913E+04    0.91834E+01
   0.44267E+00    0.39259E+04    0.41874E+04    0.91936E+01
   0.44267E+00    0.39259E+04    0.41874E+04    0.92042E+01
   0.44014E+00    0.39264E+04    0.41847E+04    0.92150E+01
   0.44014E+00    0.39264E+04    0.41847E+04    0.92259E+01
   0.43575E+00    0.39271E+04    0.41832E+04    0.92371E+01
   0.43575E+00    0.39271E+04    0.41832E+04    0.92482E+01
   0.42964E+00    0.39282E+04    0.41830E+04    0.92595E+01
   0.42964E+00    0.39282E+04    0.41830E+04    0.92707E+01
   0.42202E+00    0.39294E+04    0.41840E+04    0.92818E+01
   0.42202E+00    0.39294E+04    0.41840E+04    0.92928E+01
   0.41308E+00    0.39307E+04    0.41861E+04    0.93037E+01
   0.41308E+00    0.39307E+04    0.41861E+04    0.93144E+01
   0.40303E+00    0.39322E+04    0.41892E+04    0.93248E+01
   0.40303E+00    0.39322E+04    0.41892E+04    0.93349E+01
   0.39208E+00    0.39338E+04    0.41932E+04    0.93448E+01
   0.39208E+00    0.39338E+04    0.41932E+04    0.93543E+01
   0.38047E+00    0.39355E+04    0.41979E+04    0.93634E+01
   0.38047E+00    0.39355E+04    0.41979E+04    0.93722E+01
   0.36839E+00    0.39372E+04    0.42033E+04    0.93805E+01
   0.36839E+00    0.39372E+04    0.42033E+04    0.93884E+01
   0.35607E+00    0.39389E+04    0.42092E+04    0.93958E+01
   0.35607E+00    0.39389E+04    0.42092E+04    0.94027E+01
   0.34370E+00    0.39406E+04    0.42154E+04    0.94090E+01
   0.34370E+00    0.39406E+04    0.42154E+04    0.94150E+01
   0.33147E+00    0.39421E+04    0.42219E+04    0.94204E+01
   0.33147E+00    0.39421E+04    0.42219E+04    0.94253E+01
   0.31957E+00    0.39436E+04    0.42284E+04    0.94296E+01
   0.31957E+00    0.39436E+04    0.42284E+04    0.94334E+01
   0.30814E+00    0.39450E+04    0.42349E+04    0.94366E+01
   0.30814E+00    0.39450E+04    0.42349E+04    0.94394E+01
   0.29734E+00    0.39463E+04    0.42413E+04    0.94417E+01
   0.29734E+00    0.39463E+04    0.42413E+04    0.94434E+01
   0.28729E+00    0.39474E+04    0.42473E+04    0.94446E+01
   0.28729E+00    0.39474E+04    0.42473E+04    0.94454E+01
   0.27808E+00    0.39483E+04    0.42530E+04    0.94456E+01
   0.27808E+00    0.39483E+04    0.42530E+04    0.94455E+01
