   0.12032E+03    0.33455E+00    0.75152E+02    0.49167E+02
   0.12027E+03    0.33681E+00    0.72047E+02    0.52079E+02
   0.12043E+03    0.33723E+00    0.73810E+02    0.52614E+02
   0.12052E+03    0.33694E+00    0.77717E+02    0.51755E+02
   0.12070E+03    0.26767E+00    0.81102E+02    0.50572E+02
   0.12067E+03    0.26861E+00    0.82255E+02    0.49733E+02
   0.12062E+03    0.27843E+00    0.81237E+02    0.49538E+02
   0.12052E+03    0.28019E+00    0.79318E+02    0.49806E+02
   0.12048E+03    0.22487E+00    0.77765E+02    0.50157E+02
   0.12045E+03    0.22576E+00    0.76972E+02    0.50360E+02
   0.12044E+03    0.20314E+00    0.76816E+02    0.50382E+02
   0.12043E+03    0.20361E+00    0.76897E+02    0.50296E+02
   0.12042E+03    0.20541E+00    0.76927E+02    0.50194E+02
   0.12041E+03    0.20581E+00    0.76792E+02    0.50135E+02
   0.12039E+03    0.19683E+00    0.76535E+02    0.50121E+02
   0.12038E+03    0.19710E+00    0.76240E+02    0.50143E+02
   0.12037E+03    0.18406E+00    0.76005E+02    0.50171E+02
   0.12036E+03    0.18413E+00    0.75842E+02    0.50194E+02
   0.12036E+03    0.17567E+00    0.75754E+02    0.50209E+02
   0.12036E+03    0.17557E+00    0.75707E+02    0.50221E+02
   0.12036E+03    0.17042E+00    0.75692E+02    0.50236E+02
   0.12035E+03    0.17017E+00    0.75689E+02    0.50259E+02
   0.12035E+03    0.16674E+00    0.75711E+02    0.50290E+02
   0.12035E+03    0.16635E+00    0.75769E+02    0.50327E+02
   0.12034E+03    0.16559E+00    0.75873E+02    0.50367E+02
   0.12034E+03    0.16505E+00    0.76022E+02    0.50407E+02
   0.12034E+03    0.16773E+00    0.76209E+02    0.50449E+02
   0.12034E+03    0.16705E+00    0.76435E+02    0.50491E+02
   0.12034E+03    0.17293E+00    0.76688E+02    0.50537E+02
   0.12034E+03    0.17211E+00    0.76975E+02    0.50582E+02
   0.12034E+03    0.18073E+00    0.77284E+02    0.50632E+02
   0.12034E+03    0.17978E+00    0.77627E+02    0.50678E+02
   0.12034E+03    0.19091E+00    0.77984E+02    0.50728E+02
   0.12034E+03    0.18983E+00    0.78369E+02    0.50773E+02
   0.12034E+03    0.20310E+00    0.78759E+02    0.50823E+02
   0.12034E+03    0.20192E+00    0.79171E+02    0.50866E+02
   0.12034E+03    0.21681E+00    0.79584E+02    0.50914E+02
   0.12034E+03    0.21554E+00    0.80014E+02    0.50952E+02
   0.12034E+03    0.23151E+00    0.80433E+02    0.50996E+02
   0.12035E+03    0.23020E+00    0.80857E+02    0.51031E+02
   0.12035E+03    0.24668E+00    0.81263E+02    0.51071E+02
   0.12036E+03    0.24539E+00    0.81674E+02    0.51102E+02
   0.12036E+03    0.26177E+00    0.82066E+02    0.51136E+02
   0.12036E+03    0.26056E+00    0.82450E+02    0.51160E+02
   0.12037E+03    0.27640E+00    0.82801E+02    0.51190E+02
   0.12037E+03    0.27533E+00    0.83139E+02    0.51213E+02
   0.12038E+03    0.29014E+00    0.83451E+02    0.51238E+02
   0.12038E+03    0.28926E+00    0.83754E+02    0.51254E+02
   0.12039E+03    0.30276E+00    0.84021E+02    0.51273E+02
   0.12040E+03    0.30212E+00    0.84264E+02    0.51287E+02
   0.12040E+03    0.31418E+00    0.84471E+02    0.51305E+02
   0.12041E+03    0.31382E+00    0.84666E+02    0.51317E+02
   0.12041E+03    0.32422E+00    0.84833E+02    0.51328E+02
   0.12042E+03    0.32415E+00    0.84978E+02    0.51334E+02
   0.12042E+03    0.33305E+00    0.85086E+02    0.51342E+02
   0.12043E+03    0.33328E+00    0.85173E+02    0.51349E+02
   0.12043E+03    0.34066E+00    0.85237E+02    0.51354E+02
   0.12044E+03    0.34117E+00    0.85287E+02    0.51356E+02
   0.12044E+03    0.34713E+00    0.85311E+02    0.51353E+02
   0.12044E+03    0.34790E+00    0.85314E+02    0.51353E+02
   0.12044E+03    0.35271E+00    0.85293E+02    0.51348E+02
   0.12045E+03    0.35370E+00    0.85262E+02    0.51345E+02
   0.12045E+03    0.35735E+00    0.85216E+02    0.51334E+02
   0.12045E+03    0.35852E+00    0.85158E+02    0.51326E+02
   0.12045E+03    0.36135E+00    0.85082E+02    0.51310E+02
   0.12045E+03    0.36265E+00    0.84997E+02    0.51299E+02
   0.12045E+03    0.36479E+00    0.84890E+02    0.51281E+02
   0.12045E+03    0.36619E+00    0.84766E+02    0.51274E+02
   0.12045E+03    0.36781E+00    0.84632E+02    0.51259E+02
   0.12045E+03    0.36926E+00    0.84505E+02    0.51249E+02
   0.12045E+03    0.37059E+00    0.84387E+02    0.51224E+02
   0.12045E+03    0.37205E+00    0.84279E+02    0.51201E+02
   0.12045E+03    0.37332E+00    0.84171E+02    0.51165E+02
   0.12045E+03    0.37478E+00    0.84063E+02    0.51137E+02
   0.12045E+03    0.37578E+00    0.83950E+02    0.51098E+02
   0.12045E+03    0.37721E+00    0.83837E+02    0.51068E+02
   0.12044E+03    0.37784E+00    0.83723E+02    0.51028E+02
   0.12044E+03    0.37922E+00    0.83614E+02    0.50997E+02
   0.12044E+03    0.37974E+00    0.83507E+02    0.50955E+02
   0.12044E+03    0.38106E+00    0.83403E+02    0.50921E+02
   0.12043E+03    0.38148E+00    0.83300E+02    0.50877E+02
   0.12043E+03    0.38272E+00    0.83198E+02    0.50843E+02
   0.12043E+03    0.38285E+00    0.83098E+02    0.50800E+02
   0.12042E+03    0.38399E+00    0.82999E+02    0.50766E+02
   0.12042E+03    0.38368E+00    0.82902E+02    0.50723E+02
   0.12042E+03    0.38471E+00    0.82804E+02    0.50689E+02
   0.12041E+03    0.38383E+00    0.82708E+02    0.50648E+02
   0.12041E+03    0.38474E+00    0.82612E+02    0.50616E+02
   0.12041E+03    0.38312E+00    0.82517E+02    0.50576E+02
   0.12041E+03    0.38390E+00    0.82421E+02    0.50545E+02
   0.12040E+03    0.38148E+00    0.82325E+02    0.50511E+02
   0.12040E+03    0.38215E+00    0.82226E+02    0.50482E+02
   0.12040E+03    0.37889E+00    0.82131E+02    0.50452E+02
   0.12040E+03    0.37948E+00    0.82031E+02    0.50424E+02
   0.12040E+03    0.37542E+00    0.81930E+02    0.50396E+02
   0.12040E+03    0.37596E+00    0.81818E+02    0.50369E+02
   0.12040E+03    0.37105E+00    0.81702E+02    0.50346E+02
   0.12039E+03    0.37151E+00    0.81579E+02    0.50324E+02
   0.12040E+03    0.36562E+00    0.81460E+02    0.50304E+02
   0.12039E+03    0.36598E+00    0.81336E+02    0.50286E+02
   0.12039E+03    0.35930E+00    0.81215E+02    0.50270E+02
   0.12039E+03    0.35954E+00    0.81086E+02    0.50258E+02
   0.12039E+03    0.35237E+00    0.80965E+02    0.50250E+02
   0.12039E+03    0.35246E+00    0.80851E+02    0.50243E+02
   0.12039E+03    0.34513E+00    0.80753E+02    0.50238E+02
   0.12038E+03    0.34505E+00    0.80662E+02    0.50235E+02
   0.12038E+03    0.33805E+00    0.80582E+02    0.50235E+02
   0.12038E+03    0.33781E+00    0.80507E+02    0.50239E+02
   0.12038E+03    0.33142E+00    0.80452E+02    0.50246E+02
   0.12038E+03    0.33100E+00    0.80413E+02    0.50255E+02
   0.12037E+03    0.32555E+00    0.80398E+02    0.50266E+02
   0.12037E+03    0.32495E+00    0.80397E+02    0.50279E+02
   0.12037E+03    0.32084E+00    0.80416E+02    0.50295E+02
   0.12037E+03    0.32006E+00    0.80453E+02    0.50313E+02
   0.12036E+03    0.31738E+00    0.80515E+02    0.50334E+02
   0.12036E+03    0.31641E+00    0.80599E+02    0.50355E+02
   0.12036E+03    0.31534E+00    0.80703E+02    0.50379E+02
   0.12036E+03    0.31420E+00    0.80826E+02    0.50404E+02
   0.12036E+03    0.31481E+00    0.80969E+02    0.50432E+02
   0.12036E+03    0.31352E+00    0.81133E+02    0.50459E+02
   0.12036E+03    0.31573E+00    0.81313E+02    0.50488E+02
   0.12036E+03    0.31433E+00    0.81510E+02    0.50515E+02
   0.12036E+03    0.31804E+00    0.81717E+02    0.50546E+02
   0.12036E+03    0.31657E+00    0.81937E+02    0.50573E+02
   0.12036E+03    0.32145E+00    0.82161E+02    0.50604E+02
   0.12036E+03    0.31994E+00    0.82396E+02    0.50630E+02
   0.12036E+03    0.32566E+00    0.82631E+02    0.50660E+02
   0.12036E+03    0.32416E+00    0.82871E+02    0.50684E+02
   0.12036E+03    0.33039E+00    0.83105E+02    0.50713E+02
   0.12036E+03    0.32894E+00    0.83340E+02    0.50735E+02
   0.12037E+03    0.33531E+00    0.83565E+02    0.50763E+02
   0.12037E+03    0.33395E+00    0.83790E+02    0.50783E+02
   0.12037E+03    0.34015E+00    0.84003E+02    0.50807E+02
   0.12038E+03    0.33894E+00    0.84209E+02    0.50824E+02
   0.12038E+03    0.34474E+00    0.84397E+02    0.50846E+02
   0.12038E+03    0.34369E+00    0.84577E+02    0.50862E+02
   0.12039E+03    0.34889E+00    0.84743E+02    0.50882E+02
   0.12039E+03    0.34804E+00    0.84900E+02    0.50893E+02
   0.12040E+03    0.35254E+00    0.85039E+02    0.50909E+02
   0.12040E+03    0.35191E+00    0.85164E+02    0.50919E+02
   0.12040E+03    0.35568E+00    0.85270E+02    0.50934E+02
   0.12041E+03    0.35528E+00    0.85368E+02    0.50942E+02
   0.12041E+03    0.35829E+00    0.85452E+02    0.50952E+02
   0.12042E+03    0.35811E+00    0.85523E+02    0.50956E+02
   0.12042E+03    0.36049E+00    0.85575E+02    0.50963E+02
   0.12042E+03    0.36052E+00    0.85615E+02    0.50967E+02
   0.12042E+03    0.36231E+00    0.85644E+02    0.50971E+02
   0.12043E+03    0.36253E+00    0.85666E+02    0.50971E+02
   0.12043E+03    0.36383E+00    0.85674E+02    0.50970E+02
   0.12043E+03    0.36423E+00    0.85669E+02    0.50968E+02
   0.12043E+03    0.36517E+00    0.85652E+02    0.50966E+02
   0.12043E+03    0.36573E+00    0.85630E+02    0.50961E+02
   0.12044E+03    0.36629E+00    0.85602E+02    0.50955E+02
   0.12044E+03    0.36699E+00    0.85565E+02    0.50947E+02
   0.12044E+03    0.36732E+00    0.85518E+02    0.50937E+02
   0.12044E+03    0.36813E+00    0.85463E+02    0.50928E+02
   0.12044E+03    0.36822E+00    0.85404E+02    0.50916E+02
   0.12044E+03    0.36911E+00    0.85342E+02    0.50904E+02
   0.12044E+03    0.36895E+00    0.85274E+02    0.50889E+02
   0.12044E+03    0.36991E+00    0.85201E+02    0.50875E+02
   0.12043E+03    0.36956E+00    0.85122E+02    0.50858E+02
   0.12043E+03    0.37056E+00    0.85039E+02    0.50843E+02
   0.12043E+03    0.36990E+00    0.84956E+02    0.50824E+02
   0.12043E+03    0.37092E+00    0.84869E+02    0.50807E+02
   0.12043E+03    0.36999E+00    0.84779E+02    0.50786E+02
   0.12043E+03    0.37101E+00    0.84687E+02    0.50768E+02
   0.12043E+03    0.36974E+00    0.84592E+02    0.50746E+02
   0.12042E+03    0.37074E+00    0.84495E+02    0.50729E+02
   0.12042E+03    0.36907E+00    0.84398E+02    0.50706E+02
   0.12042E+03    0.37003E+00    0.84300E+02    0.50688E+02
   0.12042E+03    0.36794E+00    0.84202E+02    0.50665E+02
   0.12042E+03    0.36885E+00    0.84101E+02    0.50646E+02
   0.12041E+03    0.36631E+00    0.83999E+02    0.50624E+02
   0.12041E+03    0.36715E+00    0.83897E+02    0.50607E+02
   0.12041E+03    0.36411E+00    0.83799E+02    0.50585E+02
   0.12041E+03    0.36487E+00    0.83700E+02    0.50568E+02
   0.12041E+03    0.36137E+00    0.83601E+02    0.50547E+02
   0.12041E+03    0.36204E+00    0.83499E+02    0.50532E+02
   0.12040E+03    0.35808E+00    0.83402E+02    0.50514E+02
   0.12040E+03    0.35865E+00    0.83307E+02    0.50499E+02
   0.12040E+03    0.35426E+00    0.83218E+02    0.50481E+02
   0.12040E+03    0.35473E+00    0.83125E+02    0.50468E+02
   0.12040E+03    0.35005E+00    0.83035E+02    0.50454E+02
   0.12040E+03    0.35040E+00    0.82947E+02    0.50444E+02
   0.12040E+03    0.34543E+00    0.82868E+02    0.50432E+02
   0.12039E+03    0.34567E+00    0.82792E+02    0.50423E+02
   0.12039E+03    0.34057E+00    0.82720E+02    0.50412E+02
   0.12039E+03    0.34070E+00    0.82648E+02    0.50406E+02
   0.12039E+03    0.33559E+00    0.82584E+02    0.50400E+02
   0.12039E+03    0.33561E+00    0.82526E+02    0.50396E+02
   0.12039E+03    0.33056E+00    0.82478E+02    0.50391E+02
   0.12039E+03    0.33048E+00    0.82431E+02    0.50389E+02
   0.12039E+03    0.32569E+00    0.82391E+02    0.50388E+02
   0.12038E+03    0.32551E+00    0.82355E+02    0.50389E+02
   0.12038E+03    0.32102E+00    0.82332E+02    0.50391E+02
   0.12038E+03    0.32074E+00    0.82314E+02    0.50393E+02
   0.12038E+03    0.31668E+00    0.82304E+02    0.50397E+02
   0.12038E+03    0.31632E+00    0.82298E+02    0.50402E+02
   0.12038E+03    0.31279E+00    0.82301E+02    0.50409E+02
   0.12038E+03    0.31236E+00    0.82311E+02    0.50415E+02
   0.12038E+03    0.30936E+00    0.82332E+02    0.50424E+02
   0.12038E+03    0.30886E+00    0.82356E+02    0.50432E+02
   0.12038E+03    0.30649E+00    0.82388E+02    0.50442E+02
   0.12038E+03    0.30594E+00    0.82425E+02    0.50452E+02
   0.12038E+03    0.30416E+00    0.82470E+02    0.50465E+02
   0.12038E+03    0.30358E+00    0.82521E+02    0.50475E+02
   0.12038E+03    0.30240E+00    0.82578E+02    0.50489E+02
   0.12038E+03    0.30179E+00    0.82638E+02    0.50500E+02
   0.12038E+03    0.30118E+00    0.82703E+02    0.50515E+02
   0.12038E+03    0.30056E+00    0.82773E+02    0.50527E+02
   0.12038E+03    0.30045E+00    0.82846E+02    0.50542E+02
   0.12038E+03    0.29983E+00    0.82922E+02    0.50554E+02
   0.12038E+03    0.30019E+00    0.83001E+02    0.50569E+02
   0.12038E+03    0.29959E+00    0.83081E+02    0.50581E+02
   0.12038E+03    0.30034E+00    0.83161E+02    0.50596E+02
   0.12039E+03    0.29975E+00    0.83242E+02    0.50608E+02
   0.12039E+03    0.30081E+00    0.83324E+02    0.50623E+02
   0.12039E+03    0.30027E+00    0.83407E+02    0.50633E+02
   0.12039E+03    0.30158E+00    0.83487E+02    0.50647E+02
   0.12039E+03    0.30108E+00    0.83565E+02    0.50657E+02
   0.12039E+03    0.30257E+00    0.83640E+02    0.50671E+02
   0.12039E+03    0.30214E+00    0.83716E+02    0.50680E+02
   0.12039E+03    0.30373E+00    0.83789E+02    0.50692E+02
   0.12040E+03    0.30336E+00    0.83859E+02    0.50699E+02
   0.12040E+03    0.30503E+00    0.83922E+02    0.50710E+02
   0.12040E+03    0.30474E+00    0.83982E+02    0.50717E+02
   0.12040E+03    0.30642E+00    0.84040E+02    0.50727E+02
   0.12040E+03    0.30620E+00    0.84096E+02    0.50732E+02
   0.12040E+03    0.30787E+00    0.84146E+02    0.50738E+02
   0.12040E+03    0.30773E+00    0.84191E+02    0.50742E+02
   0.12041E+03    0.30939E+00    0.84228E+02    0.50749E+02
   0.12041E+03    0.30933E+00    0.84265E+02    0.50752E+02
   0.12041E+03    0.31089E+00    0.84298E+02    0.50755E+02
   0.12041E+03    0.31091E+00    0.84327E+02    0.50756E+02
   0.12041E+03    0.31242E+00    0.84348E+02    0.50758E+02
   0.12041E+03    0.31252E+00    0.84364E+02    0.50758E+02
   0.12041E+03    0.31393E+00    0.84377E+02    0.50759E+02
   0.12041E+03    0.31410E+00    0.84388E+02    0.50757E+02
   0.12041E+03    0.31540E+00    0.84394E+02    0.50755E+02
   0.12041E+03    0.31563E+00    0.84394E+02    0.50752E+02
   0.12041E+03    0.31685E+00    0.84388E+02    0.50749E+02
   0.12041E+03    0.31714E+00    0.84381E+02    0.50746E+02
   0.12042E+03    0.31819E+00    0.84372E+02    0.50741E+02
   0.12042E+03    0.31852E+00    0.84358E+02    0.50736E+02
   0.12042E+03    0.31946E+00    0.84340E+02    0.50729E+02
   0.12042E+03    0.31984E+00    0.84316E+02    0.50724E+02
   0.12042E+03    0.32061E+00    0.84291E+02    0.50717E+02
   0.12042E+03    0.32102E+00    0.84265E+02    0.50710E+02
   0.12041E+03    0.32161E+00    0.84236E+02    0.50702E+02
   0.12041E+03    0.32204E+00    0.84203E+02    0.50694E+02
   0.12041E+03    0.32247E+00    0.84167E+02    0.50685E+02
   0.12041E+03    0.32292E+00    0.84130E+02    0.50678E+02
   0.12041E+03    0.32312E+00    0.84091E+02    0.50668E+02
   0.12041E+03    0.32357E+00    0.84051E+02    0.50660E+02
   0.12041E+03    0.32359E+00    0.84009E+02    0.50650E+02
   0.12041E+03    0.32403E+00    0.83965E+02    0.50642E+02
   0.12041E+03    0.32384E+00    0.83920E+02    0.50631E+02
   0.12041E+03    0.32428E+00    0.83874E+02    0.50624E+02
   0.12041E+03    0.32387E+00    0.83828E+02    0.50613E+02
   0.12041E+03    0.32428E+00    0.83782E+02    0.50605E+02
   0.12041E+03    0.32368E+00    0.83737E+02    0.50595E+02
   0.12041E+03    0.32406E+00    0.83690E+02    0.50587E+02
   0.12041E+03    0.32328E+00    0.83643E+02    0.50578E+02
   0.12040E+03    0.32362E+00    0.83596E+02    0.50571E+02
   0.12040E+03    0.32266E+00    0.83552E+02    0.50562E+02
   0.12040E+03    0.32297E+00    0.83510E+02    0.50555E+02
   0.12040E+03    0.32187E+00    0.83467E+02    0.50546E+02
   0.12040E+03    0.32213E+00    0.83423E+02    0.50541E+02
   0.12040E+03    0.32092E+00    0.83383E+02    0.50534E+02
   0.12040E+03    0.32113E+00    0.83345E+02    0.50529E+02
   0.12040E+03    0.31982E+00    0.83310E+02    0.50522E+02
   0.12040E+03    0.31998E+00    0.83275E+02    0.50517E+02
   0.12040E+03    0.31865E+00    0.83242E+02    0.50512E+02
   0.12040E+03    0.31876E+00    0.83210E+02    0.50509E+02
   0.12040E+03    0.31740E+00    0.83184E+02    0.50505E+02
   0.12040E+03    0.31746E+00    0.83161E+02    0.50502E+02
   0.12040E+03    0.31614E+00    0.83139E+02    0.50499E+02
   0.12039E+03    0.31615E+00    0.83118E+02    0.50498E+02
   0.12039E+03    0.31491E+00    0.83101E+02    0.50496E+02
   0.12039E+03    0.31486E+00    0.83088E+02    0.50496E+02
   0.12039E+03    0.31370E+00    0.83079E+02    0.50495E+02
   0.12039E+03    0.31361E+00    0.83071E+02    0.50495E+02
   0.12039E+03    0.31262E+00    0.83066E+02    0.50495E+02
   0.12039E+03    0.31249E+00    0.83063E+02    0.50497E+02
   0.12039E+03    0.31163E+00    0.83066E+02    0.50499E+02
   0.12039E+03    0.31146E+00    0.83071E+02    0.50500E+02
   0.12039E+03    0.31078E+00    0.83079E+02    0.50502E+02
   0.12039E+03    0.31058E+00    0.83088E+02    0.50505E+02
   0.12039E+03    0.31010E+00    0.83100E+02    0.50509E+02
   0.12039E+03    0.30988E+00    0.83116E+02    0.50512E+02
   0.12039E+03    0.30958E+00    0.83134E+02    0.50516E+02
   0.12039E+03    0.30933E+00    0.83154E+02    0.50520E+02
   0.12039E+03    0.30924E+00    0.83176E+02    0.50524E+02
   0.12039E+03    0.30898E+00    0.83200E+02    0.50529E+02
   0.12039E+03    0.30908E+00    0.83226E+02    0.50534E+02
   0.12039E+03    0.30880E+00    0.83254E+02    0.50538E+02
   0.12039E+03    0.30908E+00    0.83283E+02    0.50544E+02
   0.12039E+03    0.30880E+00    0.83313E+02    0.50548E+02
   0.12039E+03    0.30924E+00    0.83344E+02    0.50554E+02
   0.12039E+03    0.30897E+00    0.83376E+02    0.50559E+02
   0.12039E+03    0.30955E+00    0.83408E+02    0.50565E+02
   0.12039E+03    0.30929E+00    0.83441E+02    0.50569E+02
   0.12039E+03    0.31000E+00    0.83474E+02    0.50575E+02
   0.12039E+03    0.30974E+00    0.83508E+02    0.50579E+02
   0.12039E+03    0.31056E+00    0.83540E+02    0.50585E+02
   0.12040E+03    0.31033E+00    0.83572E+02    0.50589E+02
   0.12040E+03    0.31122E+00    0.83603E+02    0.50594E+02
   0.12040E+03    0.31101E+00    0.83636E+02    0.50598E+02
   0.12040E+03    0.31197E+00    0.83666E+02    0.50603E+02
   0.12040E+03    0.31178E+00    0.83695E+02    0.50606E+02
   0.12040E+03    0.31279E+00    0.83721E+02    0.50611E+02
   0.12040E+03    0.31263E+00    0.83748E+02    0.50614E+02
   0.12040E+03    0.31365E+00    0.83775E+02    0.50617E+02
   0.12040E+03    0.31352E+00    0.83799E+02    0.50620E+02
   0.12040E+03    0.31456E+00    0.83821E+02    0.50623E+02
   0.12040E+03    0.31446E+00    0.83840E+02    0.50625E+02
   0.12040E+03    0.31549E+00    0.83859E+02    0.50628E+02
   0.12040E+03    0.31542E+00    0.83878E+02    0.50629E+02
   0.12040E+03    0.31643E+00    0.83894E+02    0.50631E+02
   0.12040E+03    0.31639E+00    0.83907E+02    0.50632E+02
   0.12040E+03    0.31738E+00    0.83917E+02    0.50634E+02
   0.12040E+03    0.31738E+00    0.83928E+02    0.50634E+02
   0.12040E+03    0.31831E+00    0.83937E+02    0.50635E+02
   0.12040E+03    0.31834E+00    0.83944E+02    0.50634E+02
   0.12040E+03    0.31924E+00    0.83948E+02    0.50634E+02
   0.12040E+03    0.31930E+00    0.83950E+02    0.50634E+02
   0.12041E+03    0.32014E+00    0.83952E+02    0.50634E+02
   0.12041E+03    0.32022E+00    0.83953E+02    0.50633E+02
   0.12041E+03    0.32099E+00    0.83951E+02    0.50632E+02
   0.12041E+03    0.32109E+00    0.83948E+02    0.50630E+02
   0.12041E+03    0.32182E+00    0.83942E+02    0.50629E+02
   0.12041E+03    0.32195E+00    0.83936E+02    0.50628E+02
   0.12041E+03    0.32259E+00    0.83929E+02    0.50626E+02
   0.12041E+03    0.32272E+00    0.83921E+02    0.50623E+02
   0.12041E+03    0.32331E+00    0.83912E+02    0.50621E+02
   0.12041E+03    0.32345E+00    0.83900E+02    0.50619E+02
   0.12041E+03    0.32397E+00    0.83889E+02    0.50617E+02
   0.12041E+03    0.32412E+00    0.83877E+02    0.50615E+02
   0.12040E+03    0.32455E+00    0.83864E+02    0.50612E+02
   0.12040E+03    0.32471E+00    0.83850E+02    0.50609E+02
   0.12040E+03    0.32508E+00    0.83836E+02    0.50606E+02
   0.12040E+03    0.32524E+00    0.83821E+02    0.50604E+02
   0.12040E+03    0.32553E+00    0.83806E+02    0.50601E+02
   0.12040E+03    0.32568E+00    0.83791E+02    0.50599E+02
   0.12040E+03    0.32590E+00    0.83776E+02    0.50596E+02
   0.12040E+03    0.32605E+00    0.83761E+02    0.50594E+02
   0.12040E+03    0.32621E+00    0.83746E+02    0.50591E+02
   0.12040E+03    0.32635E+00    0.83730E+02    0.50589E+02
   0.12040E+03    0.32645E+00    0.83715E+02    0.50586E+02
   0.12040E+03    0.32657E+00    0.83701E+02    0.50584E+02
   0.12040E+03    0.32662E+00    0.83687E+02    0.50581E+02
   0.12040E+03    0.32673E+00    0.83673E+02    0.50580E+02
   0.12040E+03    0.32674E+00    0.83659E+02    0.50577E+02
   0.12040E+03    0.32683E+00    0.83647E+02    0.50576E+02
   0.12040E+03    0.32679E+00    0.83635E+02    0.50574E+02
   0.12040E+03    0.32687E+00    0.83625E+02    0.50573E+02
   0.12040E+03    0.32681E+00    0.83614E+02    0.50571E+02
   0.12040E+03    0.32687E+00    0.83604E+02    0.50570E+02
   0.12040E+03    0.32679E+00    0.83595E+02    0.50568E+02
   0.12040E+03    0.32683E+00    0.83587E+02    0.50568E+02
   0.12040E+03    0.32673E+00    0.83581E+02    0.50566E+02
   0.12040E+03    0.32675E+00    0.83575E+02    0.50566E+02
   0.12040E+03    0.32666E+00    0.83570E+02    0.50565E+02
   0.12040E+03    0.32666E+00    0.83565E+02    0.50565E+02
   0.12040E+03    0.32657E+00    0.83563E+02    0.50565E+02
   0.12040E+03    0.32655E+00    0.83561E+02    0.50565E+02
   0.12040E+03    0.32647E+00    0.83561E+02    0.50564E+02
   0.12040E+03    0.32645E+00    0.83560E+02    0.50565E+02
   0.12040E+03    0.32639E+00    0.83560E+02    0.50565E+02
   0.12040E+03    0.32635E+00    0.83563E+02    0.50566E+02
   0.12040E+03    0.32630E+00    0.83566E+02    0.50566E+02
   0.12040E+03    0.32625E+00    0.83570E+02    0.50567E+02
   0.12040E+03    0.32624E+00    0.83574E+02    0.50568E+02
   0.12040E+03    0.32617E+00    0.83579E+02    0.50569E+02
   0.12040E+03    0.32619E+00    0.83585E+02    0.50570E+02
   0.12040E+03    0.32611E+00    0.83593E+02    0.50571E+02
   0.12040E+03    0.32616E+00    0.83600E+02    0.50572E+02
   0.12040E+03    0.32608E+00    0.83608E+02    0.50573E+02
   0.12040E+03    0.32616E+00    0.83616E+02    0.50575E+02
   0.12040E+03    0.32608E+00    0.83626E+02    0.50576E+02
   0.12040E+03    0.32618E+00    0.83635E+02    0.50577E+02
   0.12040E+03    0.32609E+00    0.83645E+02    0.50579E+02
   0.12040E+03    0.32623E+00    0.83655E+02    0.50580E+02
   0.12040E+03    0.32614E+00    0.83666E+02    0.50582E+02
   0.12040E+03    0.32629E+00    0.83676E+02    0.50583E+02
   0.12040E+03    0.32620E+00    0.83687E+02    0.50585E+02
   0.12040E+03    0.32638E+00    0.83698E+02    0.50586E+02
   0.12040E+03    0.32629E+00    0.83709E+02    0.50587E+02
   0.12040E+03    0.32649E+00    0.83720E+02    0.50589E+02
   0.12040E+03    0.32641E+00    0.83730E+02    0.50590E+02
   0.12040E+03    0.32661E+00    0.83740E+02    0.50592E+02
   0.12040E+03    0.32653E+00    0.83751E+02    0.50593E+02
   0.12040E+03    0.32674E+00    0.83761E+02    0.50594E+02
   0.12040E+03    0.32667E+00    0.83770E+02    0.50595E+02
   0.12040E+03    0.32688E+00    0.83779E+02    0.50596E+02
   0.12040E+03    0.32682E+00    0.83788E+02    0.50597E+02
   0.12040E+03    0.32702E+00    0.83796E+02    0.50599E+02
   0.12040E+03    0.32697E+00    0.83804E+02    0.50599E+02
   0.12040E+03    0.32716E+00    0.83812E+02    0.50600E+02
   0.12040E+03    0.32713E+00    0.83819E+02    0.50601E+02
   0.12040E+03    0.32730E+00    0.83824E+02    0.50601E+02
   0.12040E+03    0.32728E+00    0.83830E+02    0.50602E+02
   0.12040E+03    0.32743E+00    0.83835E+02    0.50602E+02
   0.12040E+03    0.32742E+00    0.83840E+02    0.50602E+02
   0.12040E+03    0.32755E+00    0.83844E+02    0.50602E+02
   0.12040E+03    0.32751E+00    0.83858E+02    0.50599E+02
   0.12040E+03    0.32747E+00    0.83901E+02    0.50587E+02
   0.12040E+03    0.32719E+00    0.83979E+02    0.50562E+02
   0.12040E+03    0.32685E+00    0.84077E+02    0.50527E+02
   0.12040E+03    0.32635E+00    0.84167E+02    0.50491E+02
   0.12040E+03    0.32552E+00    0.84220E+02    0.50465E+02
   0.12039E+03    0.32503E+00    0.84223E+02    0.50452E+02
   0.12039E+03    0.32122E+00    0.84196E+02    0.50456E+02
   0.12039E+03    0.32084E+00    0.84160E+02    0.50460E+02
   0.12040E+03    0.31280E+00    0.84135E+02    0.50467E+02
   0.12040E+03    0.31254E+00    0.84109E+02    0.50461E+02
   0.12040E+03    0.30251E+00    0.84083E+02    0.50458E+02
   0.12040E+03    0.30239E+00    0.84033E+02    0.50448E+02
   0.12041E+03    0.29144E+00    0.83970E+02    0.50447E+02
   0.12040E+03    0.29143E+00    0.83882E+02    0.50441E+02
   0.12041E+03    0.27927E+00    0.83790E+02    0.50445E+02
   0.12041E+03    0.27933E+00    0.83685E+02    0.50442E+02
   0.12041E+03    0.26654E+00    0.83584E+02    0.50447E+02
   0.12041E+03    0.26664E+00    0.83473E+02    0.50444E+02
   0.12041E+03    0.25364E+00    0.83368E+02    0.50448E+02
   0.12041E+03    0.25376E+00    0.83252E+02    0.50447E+02
   0.12041E+03    0.24069E+00    0.83144E+02    0.50453E+02
   0.12041E+03    0.24081E+00    0.83028E+02    0.50454E+02
   0.12041E+03    0.22790E+00    0.82923E+02    0.50461E+02
   0.12040E+03    0.22802E+00    0.82815E+02    0.50464E+02
   0.12041E+03    0.21550E+00    0.82718E+02    0.50472E+02
   0.12040E+03    0.21560E+00    0.82620E+02    0.50475E+02
   0.12040E+03    0.20363E+00    0.82535E+02    0.50485E+02
   0.12040E+03    0.20370E+00    0.82450E+02    0.50490E+02
   0.12040E+03    0.19237E+00    0.82377E+02    0.50500E+02
   0.12040E+03    0.19242E+00    0.82306E+02    0.50507E+02
   0.12040E+03    0.18181E+00    0.82250E+02    0.50518E+02
   0.12040E+03    0.18183E+00    0.82196E+02    0.50526E+02
   0.12040E+03    0.17203E+00    0.82157E+02    0.50538E+02
   0.12039E+03    0.17202E+00    0.82120E+02    0.50547E+02
   0.12039E+03    0.16309E+00    0.82097E+02    0.50560E+02
   0.12039E+03    0.16306E+00    0.82079E+02    0.50570E+02
   0.12039E+03    0.15504E+00    0.82076E+02    0.50584E+02
   0.12039E+03    0.15498E+00    0.82078E+02    0.50595E+02
   0.12039E+03    0.14791E+00    0.82091E+02    0.50609E+02
   0.12039E+03    0.14784E+00    0.82108E+02    0.50621E+02
   0.12039E+03    0.14171E+00    0.82139E+02    0.50636E+02
   0.12039E+03    0.14163E+00    0.82177E+02    0.50648E+02
   0.12039E+03    0.13643E+00    0.82224E+02    0.50663E+02
   0.12039E+03    0.13634E+00    0.82276E+02    0.50675E+02
   0.12039E+03    0.13206E+00    0.82335E+02    0.50690E+02
   0.12039E+03    0.13196E+00    0.82402E+02    0.50703E+02
   0.12039E+03    0.12853E+00    0.82477E+02    0.50716E+02
   0.12039E+03    0.12842E+00    0.82557E+02    0.50728E+02
   0.12039E+03    0.12579E+00    0.82642E+02    0.50741E+02
   0.12039E+03    0.12567E+00    0.82732E+02    0.50755E+02
   0.12039E+03    0.12377E+00    0.82830E+02    0.50768E+02
   0.12039E+03    0.12364E+00    0.82935E+02    0.50780E+02
   0.12039E+03    0.12244E+00    0.83044E+02    0.50791E+02
   0.12039E+03    0.12231E+00    0.83155E+02    0.50803E+02
   0.12039E+03    0.12172E+00    0.83266E+02    0.50813E+02
   0.12039E+03    0.12160E+00    0.83381E+02    0.50824E+02
   0.12039E+03    0.12146E+00    0.83497E+02    0.50833E+02
   0.12039E+03    0.12134E+00    0.83611E+02    0.50841E+02
   0.12039E+03    0.12153E+00    0.83722E+02    0.50849E+02
   0.12039E+03    0.12144E+00    0.83831E+02    0.50856E+02
   0.12039E+03    0.12179E+00    0.83935E+02    0.50863E+02
   0.12040E+03    0.12171E+00    0.84038E+02    0.50868E+02
   0.12040E+03    0.12208E+00    0.84134E+02    0.50873E+02
   0.12040E+03    0.12203E+00    0.84224E+02    0.50877E+02
   0.12040E+03    0.12231E+00    0.84306E+02    0.50880E+02
   0.12040E+03    0.12230E+00    0.84384E+02    0.50883E+02
   0.12040E+03    0.12236E+00    0.84453E+02    0.50884E+02
   0.12041E+03    0.12238E+00    0.84516E+02    0.50884E+02
   0.12041E+03    0.12217E+00    0.84570E+02    0.50884E+02
   0.12041E+03    0.12223E+00    0.84616E+02    0.50883E+02
   0.12041E+03    0.12169E+00    0.84654E+02    0.50881E+02
   0.12041E+03    0.12178E+00    0.84684E+02    0.50879E+02
   0.12041E+03    0.12085E+00    0.84706E+02    0.50875E+02
   0.12041E+03    0.12098E+00    0.84719E+02    0.50870E+02
   0.12042E+03    0.11966E+00    0.84724E+02    0.50865E+02
   0.12042E+03    0.11981E+00    0.84722E+02    0.50859E+02
   0.12042E+03    0.11807E+00    0.84713E+02    0.50852E+02
   0.12042E+03    0.11824E+00    0.84697E+02    0.50846E+02
   0.12042E+03    0.11611E+00    0.84676E+02    0.50837E+02
   0.12042E+03    0.11630E+00    0.84650E+02    0.50829E+02
   0.12042E+03    0.11382E+00    0.84619E+02    0.50819E+02
   0.12042E+03    0.11401E+00    0.84581E+02    0.50811E+02
   0.12042E+03    0.11122E+00    0.84541E+02    0.50799E+02
   0.12042E+03    0.11141E+00    0.84497E+02    0.50790E+02
   0.12042E+03    0.10833E+00    0.84452E+02    0.50777E+02
   0.12042E+03    0.10852E+00    0.84400E+02    0.50767E+02
   0.12042E+03    0.10519E+00    0.84342E+02    0.50755E+02
   0.12041E+03    0.10538E+00    0.84278E+02    0.50747E+02
   0.12041E+03    0.10180E+00    0.84215E+02    0.50735E+02
   0.12041E+03    0.10198E+00    0.84154E+02    0.50726E+02
   0.12041E+03    0.98202E-01    0.84096E+02    0.50712E+02
   0.12041E+03    0.98365E-01    0.84037E+02    0.50701E+02
   0.12041E+03    0.94431E-01    0.83980E+02    0.50685E+02
   0.12041E+03    0.94579E-01    0.83918E+02    0.50673E+02
   0.12041E+03    0.90396E-01    0.83855E+02    0.50658E+02
   0.12041E+03    0.90529E-01    0.83789E+02    0.50647E+02
   0.12041E+03    0.86138E-01    0.83727E+02    0.50634E+02
   0.12041E+03    0.86252E-01    0.83663E+02    0.50623E+02
   0.12040E+03    0.81759E-01    0.83603E+02    0.50609E+02
   0.12040E+03    0.81855E-01    0.83539E+02    0.50599E+02
   0.12040E+03    0.77304E-01    0.83476E+02    0.50587E+02
   0.12040E+03    0.77381E-01    0.83412E+02    0.50578E+02
   0.12040E+03    0.72771E-01    0.83353E+02    0.50567E+02
   0.12040E+03    0.72830E-01    0.83295E+02    0.50559E+02
   0.12040E+03    0.68244E-01    0.83240E+02    0.50549E+02
   0.12040E+03    0.68286E-01    0.83182E+02    0.50542E+02
   0.12040E+03    0.63784E-01    0.83127E+02    0.50534E+02
   0.12040E+03    0.63810E-01    0.83073E+02    0.50530E+02
   0.12040E+03    0.59406E-01    0.83025E+02    0.50524E+02
   0.12039E+03    0.59417E-01    0.82978E+02    0.50520E+02
   0.12039E+03    0.55226E-01    0.82936E+02    0.50516E+02
   0.12039E+03    0.55225E-01    0.82893E+02    0.50514E+02
   0.12039E+03    0.51293E-01    0.82857E+02    0.50512E+02
   0.12039E+03    0.51281E-01    0.82823E+02    0.50511E+02
   0.12039E+03    0.47631E-01    0.82795E+02    0.50510E+02
   0.12039E+03    0.47609E-01    0.82768E+02    0.50511E+02
   0.12039E+03    0.44341E-01    0.82747E+02    0.50513E+02
   0.12039E+03    0.44311E-01    0.82727E+02    0.50515E+02
   0.12039E+03    0.41438E-01    0.82715E+02    0.50518E+02
   0.12039E+03    0.41401E-01    0.82706E+02    0.50522E+02
   0.12039E+03    0.38981E-01    0.82702E+02    0.50526E+02
   0.12039E+03    0.38939E-01    0.82700E+02    0.50531E+02
   0.12039E+03    0.37002E-01    0.82703E+02    0.50538E+02
   0.12039E+03    0.36956E-01    0.82710E+02    0.50544E+02
   0.12039E+03    0.35499E-01    0.82723E+02    0.50551E+02
   0.12039E+03    0.35450E-01    0.82738E+02    0.50558E+02
   0.12039E+03    0.34509E-01    0.82757E+02    0.50566E+02
   0.12039E+03    0.34458E-01    0.82779E+02    0.50574E+02
   0.12039E+03    0.34003E-01    0.82805E+02    0.50584E+02
   0.12039E+03    0.33950E-01    0.82834E+02    0.50592E+02
   0.12039E+03    0.33971E-01    0.82866E+02    0.50602E+02
   0.12039E+03    0.33917E-01    0.82901E+02    0.50611E+02
   0.12039E+03    0.34395E-01    0.82937E+02    0.50622E+02
   0.12039E+03    0.34341E-01    0.82976E+02    0.50631E+02
   0.12039E+03    0.35228E-01    0.83016E+02    0.50642E+02
   0.12039E+03    0.35174E-01    0.83058E+02    0.50651E+02
   0.12039E+03    0.36437E-01    0.83101E+02    0.50662E+02
   0.12039E+03    0.36384E-01    0.83146E+02    0.50670E+02
   0.12039E+03    0.37977E-01    0.83189E+02    0.50681E+02
   0.12039E+03    0.37926E-01    0.83233E+02    0.50690E+02
   0.12039E+03    0.39795E-01    0.83277E+02    0.50701E+02
   0.12039E+03    0.39746E-01    0.83322E+02    0.50708E+02
   0.12039E+03    0.41846E-01    0.83364E+02    0.50718E+02
   0.12040E+03    0.41802E-01    0.83406E+02    0.50725E+02
   0.12040E+03    0.44089E-01    0.83445E+02    0.50735E+02
   0.12040E+03    0.44051E-01    0.83484E+02    0.50742E+02
   0.12040E+03    0.46461E-01    0.83522E+02    0.50750E+02
   0.12040E+03    0.46429E-01    0.83558E+02    0.50755E+02
   0.12040E+03    0.48944E-01    0.83590E+02    0.50763E+02
   0.12040E+03    0.48919E-01    0.83620E+02    0.50768E+02
   0.12040E+03    0.51481E-01    0.83647E+02    0.50774E+02
   0.12040E+03    0.51465E-01    0.83674E+02    0.50778E+02
   0.12040E+03    0.54040E-01    0.83697E+02    0.50782E+02
   0.12040E+03    0.54034E-01    0.83717E+02    0.50785E+02
   0.12040E+03    0.56612E-01    0.83731E+02    0.50789E+02
   0.12041E+03    0.56616E-01    0.83746E+02    0.50792E+02
   0.12041E+03    0.59129E-01    0.83757E+02    0.50794E+02
   0.12041E+03    0.59144E-01    0.83766E+02    0.50794E+02
   0.12041E+03    0.61611E-01    0.83769E+02    0.50795E+02
   0.12041E+03    0.61637E-01    0.83770E+02    0.50796E+02
   0.12041E+03    0.64012E-01    0.83768E+02    0.50796E+02
   0.12041E+03    0.64049E-01    0.83765E+02    0.50795E+02
   0.12041E+03    0.66313E-01    0.83758E+02    0.50793E+02
   0.12041E+03    0.66360E-01    0.83747E+02    0.50791E+02
   0.12041E+03    0.68527E-01    0.83732E+02    0.50789E+02
   0.12041E+03    0.68583E-01    0.83717E+02    0.50787E+02
   0.12041E+03    0.70596E-01    0.83699E+02    0.50783E+02
   0.12041E+03    0.70661E-01    0.83679E+02    0.50779E+02
   0.12041E+03    0.72550E-01    0.83655E+02    0.50775E+02
   0.12041E+03    0.72622E-01    0.83629E+02    0.50771E+02
   0.12041E+03    0.74361E-01    0.83601E+02    0.50766E+02
   0.12041E+03    0.74438E-01    0.83572E+02    0.50761E+02
   0.12041E+03    0.76016E-01    0.83540E+02    0.50755E+02
   0.12041E+03    0.76098E-01    0.83508E+02    0.50750E+02
   0.12041E+03    0.77534E-01    0.83472E+02    0.50744E+02
   0.12041E+03    0.77618E-01    0.83436E+02    0.50739E+02
   0.12041E+03    0.78886E-01    0.83398E+02    0.50732E+02
   0.12041E+03    0.78971E-01    0.83360E+02    0.50726E+02
   0.12041E+03    0.80090E-01    0.83321E+02    0.50719E+02
   0.12041E+03    0.80174E-01    0.83281E+02    0.50713E+02
   0.12041E+03    0.81148E-01    0.83240E+02    0.50706E+02
   0.12041E+03    0.81229E-01    0.83199E+02    0.50701E+02
   0.12041E+03    0.82060E-01    0.83158E+02    0.50694E+02
   0.12041E+03    0.82137E-01    0.83117E+02    0.50689E+02
   0.12040E+03    0.82842E-01    0.83076E+02    0.50682E+02
   0.12040E+03    0.82913E-01    0.83035E+02    0.50677E+02
   0.12040E+03    0.83511E-01    0.82993E+02    0.50670E+02
   0.12040E+03    0.83575E-01    0.82953E+02    0.50666E+02
   0.12040E+03    0.84073E-01    0.82914E+02    0.50660E+02
   0.12040E+03    0.84129E-01    0.82877E+02    0.50656E+02
   0.12040E+03    0.84562E-01    0.82840E+02    0.50650E+02
   0.12040E+03    0.84609E-01    0.82803E+02    0.50647E+02
   0.12040E+03    0.84995E-01    0.82767E+02    0.50643E+02
   0.12040E+03    0.85033E-01    0.82735E+02    0.50640E+02
   0.12040E+03    0.85388E-01    0.82704E+02    0.50636E+02
   0.12040E+03    0.85415E-01    0.82674E+02    0.50633E+02
   0.12040E+03    0.85792E-01    0.82645E+02    0.50631E+02
   0.12040E+03    0.85809E-01    0.82619E+02    0.50629E+02
   0.12040E+03    0.86207E-01    0.82595E+02    0.50627E+02
   0.12040E+03    0.86213E-01    0.82574E+02    0.50626E+02
   0.12040E+03    0.86676E-01    0.82555E+02    0.50625E+02
   0.12040E+03    0.86672E-01    0.82537E+02    0.50625E+02
   0.12040E+03    0.87225E-01    0.82521E+02    0.50625E+02
   0.12040E+03    0.87211E-01    0.82509E+02    0.50626E+02
   0.12039E+03    0.87860E-01    0.82500E+02    0.50627E+02
   0.12039E+03    0.87836E-01    0.82492E+02    0.50628E+02
   0.12039E+03    0.88630E-01    0.82486E+02    0.50630E+02
   0.12039E+03    0.88597E-01    0.82484E+02    0.50632E+02
   0.12039E+03    0.89523E-01    0.82483E+02    0.50635E+02
   0.12039E+03    0.89482E-01    0.82487E+02    0.50637E+02
   0.12039E+03    0.90566E-01    0.82491E+02    0.50640E+02
   0.12039E+03    0.90517E-01    0.82498E+02    0.50644E+02
   0.12039E+03    0.91768E-01    0.82506E+02    0.50648E+02
   0.12039E+03    0.91712E-01    0.82518E+02    0.50651E+02
   0.12039E+03    0.93115E-01    0.82532E+02    0.50656E+02
   0.12039E+03    0.93054E-01    0.82548E+02    0.50660E+02
   0.12039E+03    0.94626E-01    0.82564E+02    0.50665E+02
   0.12039E+03    0.94561E-01    0.82583E+02    0.50669E+02
   0.12039E+03    0.96278E-01    0.82603E+02    0.50675E+02
   0.12039E+03    0.96209E-01    0.82626E+02    0.50679E+02
   0.12039E+03    0.98063E-01    0.82649E+02    0.50685E+02
   0.12039E+03    0.97993E-01    0.82674E+02    0.50689E+02
   0.12039E+03    0.99972E-01    0.82699E+02    0.50695E+02
   0.12039E+03    0.99902E-01    0.82725E+02    0.50700E+02
   0.12039E+03    0.10198E+00    0.82751E+02    0.50706E+02
   0.12040E+03    0.10191E+00    0.82780E+02    0.50710E+02
   0.12040E+03    0.10407E+00    0.82807E+02    0.50716E+02
   0.12040E+03    0.10400E+00    0.82836E+02    0.50720E+02
   0.12040E+03    0.10622E+00    0.82863E+02    0.50726E+02
   0.12040E+03    0.10616E+00    0.82891E+02    0.50730E+02
   0.12040E+03    0.10841E+00    0.82917E+02    0.50735E+02
   0.12040E+03    0.10835E+00    0.82946E+02    0.50739E+02
   0.12040E+03    0.11061E+00    0.82972E+02    0.50744E+02
   0.12040E+03    0.11056E+00    0.82998E+02    0.50747E+02
   0.12040E+03    0.11282E+00    0.83021E+02    0.50752E+02
   0.12040E+03    0.11277E+00    0.83046E+02    0.50755E+02
   0.12040E+03    0.11499E+00    0.83069E+02    0.50759E+02
   0.12040E+03    0.11495E+00    0.83092E+02    0.50761E+02
   0.12040E+03    0.11712E+00    0.83112E+02    0.50764E+02
   0.12040E+03    0.11709E+00    0.83131E+02    0.50767E+02
   0.12040E+03    0.11918E+00    0.83148E+02    0.50770E+02
   0.12040E+03    0.11916E+00    0.83166E+02    0.50771E+02
   0.12040E+03    0.12116E+00    0.83181E+02    0.50773E+02
   0.12040E+03    0.12115E+00    0.83194E+02    0.50774E+02
   0.12040E+03    0.12305E+00    0.83205E+02    0.50776E+02
   0.12040E+03    0.12306E+00    0.83215E+02    0.50777E+02
   0.12040E+03    0.12483E+00    0.83224E+02    0.50777E+02
   0.12040E+03    0.12484E+00    0.83233E+02    0.50777E+02
   0.12040E+03    0.12650E+00    0.83237E+02    0.50777E+02
   0.12040E+03    0.12652E+00    0.83241E+02    0.50777E+02
   0.12040E+03    0.12804E+00    0.83243E+02    0.50777E+02
   0.12040E+03    0.12807E+00    0.83245E+02    0.50776E+02
   0.12040E+03    0.12944E+00    0.83245E+02    0.50775E+02
   0.12040E+03    0.12948E+00    0.83243E+02    0.50774E+02
   0.12040E+03    0.13071E+00    0.83239E+02    0.50773E+02
   0.12040E+03    0.13076E+00    0.83234E+02    0.50771E+02
   0.12040E+03    0.13183E+00    0.83229E+02    0.50769E+02
   0.12040E+03    0.13188E+00    0.83222E+02    0.50767E+02
   0.12040E+03    0.13281E+00    0.83214E+02    0.50765E+02
   0.12040E+03    0.13287E+00    0.83204E+02    0.50763E+02
   0.12040E+03    0.13365E+00    0.83194E+02    0.50760E+02
   0.12040E+03    0.13370E+00    0.83183E+02    0.50758E+02
   0.12040E+03    0.13433E+00    0.83171E+02    0.50755E+02
   0.12040E+03    0.13439E+00    0.83159E+02    0.50753E+02
   0.12040E+03    0.13489E+00    0.83146E+02    0.50750E+02
   0.12040E+03    0.13494E+00    0.83132E+02    0.50747E+02
   0.12040E+03    0.13530E+00    0.83117E+02    0.50744E+02
   0.12040E+03    0.13536E+00    0.83103E+02    0.50742E+02
   0.12040E+03    0.13558E+00    0.83088E+02    0.50739E+02
   0.12040E+03    0.13563E+00    0.83073E+02    0.50736E+02
   0.12040E+03    0.13574E+00    0.83058E+02    0.50733E+02
   0.12040E+03    0.13579E+00    0.83043E+02    0.50731E+02
   0.12040E+03    0.13578E+00    0.83028E+02    0.50728E+02
   0.12040E+03    0.13583E+00    0.83013E+02    0.50726E+02
   0.12040E+03    0.13573E+00    0.82999E+02    0.50723E+02
   0.12040E+03    0.13577E+00    0.82984E+02    0.50721E+02
   0.12040E+03    0.13558E+00    0.82970E+02    0.50718E+02
   0.12040E+03    0.13561E+00    0.82956E+02    0.50716E+02
   0.12040E+03    0.13534E+00    0.82944E+02    0.50714E+02
   0.12040E+03    0.13537E+00    0.82932E+02    0.50712E+02
   0.12040E+03    0.13505E+00    0.82920E+02    0.50710E+02
   0.12040E+03    0.13507E+00    0.82909E+02    0.50709E+02
   0.12040E+03    0.13470E+00    0.82898E+02    0.50708E+02
   0.12040E+03    0.13471E+00    0.82889E+02    0.50707E+02
   0.12040E+03    0.13430E+00    0.82882E+02    0.50705E+02
   0.12040E+03    0.13431E+00    0.82874E+02    0.50705E+02
   0.12040E+03    0.13389E+00    0.82867E+02    0.50704E+02
   0.12040E+03    0.13389E+00    0.82861E+02    0.50704E+02
   0.12040E+03    0.13346E+00    0.82857E+02    0.50703E+02
   0.12040E+03    0.13345E+00    0.82854E+02    0.50703E+02
   0.12040E+03    0.13302E+00    0.82852E+02    0.50703E+02
   0.12040E+03    0.13301E+00    0.82850E+02    0.50704E+02
   0.12040E+03    0.13260E+00    0.82850E+02    0.50704E+02
   0.12040E+03    0.13258E+00    0.82851E+02    0.50705E+02
   0.12040E+03    0.13219E+00    0.82853E+02    0.50706E+02
   0.12040E+03    0.13216E+00    0.82856E+02    0.50706E+02
   0.12040E+03    0.13181E+00    0.82860E+02    0.50708E+02
   0.12040E+03    0.13178E+00    0.82864E+02    0.50709E+02
   0.12040E+03    0.13146E+00    0.82870E+02    0.50710E+02
   0.12040E+03    0.13143E+00    0.82878E+02    0.50712E+02
   0.12040E+03    0.13115E+00    0.82885E+02    0.50714E+02
   0.12040E+03    0.13111E+00    0.82894E+02    0.50715E+02
   0.12040E+03    0.13088E+00    0.82903E+02    0.50717E+02
   0.12040E+03    0.13084E+00    0.82913E+02    0.50719E+02
   0.12040E+03    0.13065E+00    0.82924E+02    0.50721E+02
   0.12040E+03    0.13061E+00    0.82935E+02    0.50723E+02
   0.12040E+03    0.13046E+00    0.82947E+02    0.50726E+02
   0.12040E+03    0.13042E+00    0.82960E+02    0.50728E+02
   0.12040E+03    0.13031E+00    0.82972E+02    0.50730E+02
   0.12040E+03    0.13027E+00    0.82986E+02    0.50732E+02
   0.12040E+03    0.13019E+00    0.82999E+02    0.50735E+02
   0.12040E+03    0.13015E+00    0.83013E+02    0.50737E+02
   0.12040E+03    0.13010E+00    0.83027E+02    0.50740E+02
   0.12040E+03    0.13006E+00    0.83041E+02    0.50742E+02
   0.12040E+03    0.13004E+00    0.83055E+02    0.50744E+02
   0.12040E+03    0.13000E+00    0.83069E+02    0.50746E+02
   0.12040E+03    0.12999E+00    0.83082E+02    0.50749E+02
   0.12040E+03    0.12995E+00    0.83096E+02    0.50750E+02
   0.12040E+03    0.12995E+00    0.83109E+02    0.50753E+02
   0.12040E+03    0.12992E+00    0.83122E+02    0.50754E+02
   0.12040E+03    0.12992E+00    0.83135E+02    0.50757E+02
   0.12040E+03    0.12989E+00    0.83147E+02    0.50758E+02
   0.12040E+03    0.12988E+00    0.83159E+02    0.50760E+02
   0.12040E+03    0.12985E+00    0.83170E+02    0.50761E+02
   0.12040E+03    0.12983E+00    0.83181E+02    0.50763E+02
   0.12040E+03    0.12981E+00    0.83191E+02    0.50764E+02
   0.12040E+03    0.12976E+00    0.83200E+02    0.50766E+02
   0.12040E+03    0.12974E+00    0.83209E+02    0.50767E+02
   0.12040E+03    0.12967E+00    0.83217E+02    0.50768E+02
   0.12040E+03    0.12966E+00    0.83224E+02    0.50769E+02
   0.12040E+03    0.12954E+00    0.83231E+02    0.50770E+02
   0.12040E+03    0.12954E+00    0.83237E+02    0.50770E+02
   0.12040E+03    0.12938E+00    0.83242E+02    0.50770E+02
   0.12040E+03    0.12939E+00    0.83246E+02    0.50771E+02
   0.12040E+03    0.12919E+00    0.83249E+02    0.50771E+02
   0.12040E+03    0.12920E+00    0.83252E+02    0.50771E+02
   0.12040E+03    0.12895E+00    0.83254E+02    0.50771E+02
   0.12040E+03    0.12896E+00    0.83256E+02    0.50771E+02
   0.12040E+03    0.12866E+00    0.83256E+02    0.50771E+02
   0.12040E+03    0.12868E+00    0.83255E+02    0.50771E+02
   0.12040E+03    0.12833E+00    0.83254E+02    0.50770E+02
   0.12040E+03    0.12835E+00    0.83253E+02    0.50770E+02
   0.12040E+03    0.12794E+00    0.83250E+02    0.50769E+02
   0.12040E+03    0.12796E+00    0.83247E+02    0.50768E+02
   0.12040E+03    0.12751E+00    0.83243E+02    0.50767E+02
   0.12040E+03    0.12753E+00    0.83239E+02    0.50767E+02
   0.12040E+03    0.12703E+00    0.83234E+02    0.50766E+02
   0.12040E+03    0.12705E+00    0.83229E+02    0.50765E+02
   0.12040E+03    0.12650E+00    0.83223E+02    0.50763E+02
   0.12040E+03    0.12652E+00    0.83217E+02    0.50762E+02
   0.12040E+03    0.12592E+00    0.83210E+02    0.50761E+02
   0.12040E+03    0.12595E+00    0.83203E+02    0.50760E+02
   0.12040E+03    0.12530E+00    0.83196E+02    0.50759E+02
   0.12040E+03    0.12533E+00    0.83188E+02    0.50758E+02
   0.12040E+03    0.12464E+00    0.83180E+02    0.50756E+02
   0.12040E+03    0.12467E+00    0.83172E+02    0.50755E+02
   0.12040E+03    0.12395E+00    0.83164E+02    0.50754E+02
   0.12040E+03    0.12397E+00    0.83155E+02    0.50753E+02
   0.12040E+03    0.12322E+00    0.83147E+02    0.50751E+02
   0.12040E+03    0.12324E+00    0.83138E+02    0.50750E+02
   0.12040E+03    0.12247E+00    0.83130E+02    0.50749E+02
   0.12040E+03    0.12249E+00    0.83121E+02    0.50748E+02
   0.12040E+03    0.12170E+00    0.83113E+02    0.50747E+02
   0.12040E+03    0.12172E+00    0.83105E+02    0.50746E+02
   0.12040E+03    0.12091E+00    0.83097E+02    0.50745E+02
   0.12040E+03    0.12093E+00    0.83089E+02    0.50744E+02
   0.12040E+03    0.12012E+00    0.83082E+02    0.50743E+02
   0.12040E+03    0.12013E+00    0.83074E+02    0.50742E+02
   0.12040E+03    0.11933E+00    0.83068E+02    0.50742E+02
   0.12040E+03    0.11933E+00    0.83061E+02    0.50741E+02
   0.12040E+03    0.11854E+00    0.83055E+02    0.50740E+02
   0.12040E+03    0.11854E+00    0.83049E+02    0.50740E+02
   0.12040E+03    0.11776E+00    0.83043E+02    0.50740E+02
   0.12040E+03    0.11776E+00    0.83038E+02    0.50740E+02
   0.12040E+03    0.11700E+00    0.83034E+02    0.50739E+02
   0.12040E+03    0.11700E+00    0.83030E+02    0.50739E+02
   0.12040E+03    0.11627E+00    0.83026E+02    0.50739E+02
   0.12040E+03    0.11626E+00    0.83022E+02    0.50739E+02
   0.12040E+03    0.11556E+00    0.83020E+02    0.50739E+02
   0.12040E+03    0.11555E+00    0.83017E+02    0.50740E+02
   0.12040E+03    0.11488E+00    0.83016E+02    0.50740E+02
   0.12040E+03    0.11488E+00    0.83014E+02    0.50740E+02
   0.12040E+03    0.11425E+00    0.83013E+02    0.50741E+02
   0.12040E+03    0.11424E+00    0.83013E+02    0.50741E+02
   0.12040E+03    0.11365E+00    0.83013E+02    0.50742E+02
   0.12040E+03    0.11364E+00    0.83013E+02    0.50743E+02
   0.12040E+03    0.11310E+00    0.83014E+02    0.50744E+02
   0.12040E+03    0.11308E+00    0.83015E+02    0.50744E+02
   0.12040E+03    0.11259E+00    0.83017E+02    0.50745E+02
   0.12040E+03    0.11257E+00    0.83019E+02    0.50746E+02
   0.12040E+03    0.11212E+00    0.83022E+02    0.50747E+02
   0.12040E+03    0.11211E+00    0.83024E+02    0.50748E+02
   0.12040E+03    0.11171E+00    0.83027E+02    0.50749E+02
   0.12040E+03    0.11169E+00    0.83030E+02    0.50750E+02
   0.12040E+03    0.11133E+00    0.83033E+02    0.50752E+02
   0.12040E+03    0.11133E+00    0.83027E+02    0.50757E+02
   0.12040E+03    0.11107E+00    0.82995E+02    0.50770E+02
   0.12040E+03    0.11115E+00    0.82931E+02    0.50794E+02
   0.12040E+03    0.11102E+00    0.82848E+02    0.50827E+02
   0.12040E+03    0.11119E+00    0.82770E+02    0.50862E+02
   0.12040E+03    0.11147E+00    0.82723E+02    0.50888E+02
   0.12040E+03    0.11165E+00    0.82714E+02    0.50901E+02
   0.12040E+03    0.11463E+00    0.82728E+02    0.50899E+02
   0.12040E+03    0.11480E+00    0.82745E+02    0.50899E+02
   0.12040E+03    0.12143E+00    0.82749E+02    0.50894E+02
   0.12040E+03    0.12158E+00    0.82750E+02    0.50902E+02
   0.12039E+03    0.12963E+00    0.82747E+02    0.50906E+02
   0.12039E+03    0.12975E+00    0.82759E+02    0.50918E+02
   0.12039E+03    0.13821E+00    0.82777E+02    0.50920E+02
   0.12039E+03    0.13831E+00    0.82811E+02    0.50928E+02
   0.12039E+03    0.14745E+00    0.82845E+02    0.50927E+02
   0.12039E+03    0.14753E+00    0.82887E+02    0.50933E+02
   0.12039E+03    0.15693E+00    0.82923E+02    0.50931E+02
   0.12039E+03    0.15699E+00    0.82964E+02    0.50936E+02
   0.12039E+03    0.16632E+00    0.82998E+02    0.50934E+02
   0.12040E+03    0.16637E+00    0.83039E+02    0.50938E+02
   0.12039E+03    0.17556E+00    0.83073E+02    0.50933E+02
   0.12040E+03    0.17560E+00    0.83110E+02    0.50935E+02
   0.12040E+03    0.18456E+00    0.83139E+02    0.50930E+02
   0.12040E+03    0.18461E+00    0.83170E+02    0.50930E+02
   0.12040E+03    0.19324E+00    0.83193E+02    0.50923E+02
   0.12040E+03    0.19328E+00    0.83218E+02    0.50922E+02
   0.12040E+03    0.20156E+00    0.83235E+02    0.50914E+02
   0.12041E+03    0.20161E+00    0.83254E+02    0.50911E+02
   0.12041E+03    0.20959E+00    0.83264E+02    0.50902E+02
   0.12041E+03    0.20963E+00    0.83276E+02    0.50898E+02
   0.12041E+03    0.21732E+00    0.83281E+02    0.50888E+02
   0.12041E+03    0.21737E+00    0.83287E+02    0.50882E+02
   0.12041E+03    0.22480E+00    0.83286E+02    0.50871E+02
   0.12041E+03    0.22486E+00    0.83286E+02    0.50864E+02
   0.12041E+03    0.23205E+00    0.83280E+02    0.50852E+02
   0.12041E+03    0.23211E+00    0.83275E+02    0.50844E+02
   0.12041E+03    0.23908E+00    0.83264E+02    0.50831E+02
   0.12041E+03    0.23914E+00    0.83254E+02    0.50823E+02
   0.12041E+03    0.24590E+00    0.83239E+02    0.50809E+02
   0.12041E+03    0.24596E+00    0.83225E+02    0.50800E+02
   0.12041E+03    0.25250E+00    0.83205E+02    0.50786E+02
   0.12041E+03    0.25255E+00    0.83187E+02    0.50776E+02
   0.12041E+03    0.25885E+00    0.83164E+02    0.50762E+02
   0.12041E+03    0.25891E+00    0.83142E+02    0.50752E+02
   0.12041E+03    0.26495E+00    0.83115E+02    0.50738E+02
   0.12041E+03    0.26500E+00    0.83089E+02    0.50728E+02
   0.12041E+03    0.27076E+00    0.83059E+02    0.50714E+02
   0.12041E+03    0.27080E+00    0.83031E+02    0.50704E+02
   0.12041E+03    0.27623E+00    0.82999E+02    0.50691E+02
   0.12041E+03    0.27627E+00    0.82967E+02    0.50680E+02
   0.12041E+03    0.28137E+00    0.82930E+02    0.50668E+02
   0.12041E+03    0.28139E+00    0.82895E+02    0.50659E+02
   0.12040E+03    0.28611E+00    0.82858E+02    0.50647E+02
   0.12040E+03    0.28612E+00    0.82822E+02    0.50638E+02
   0.12040E+03    0.29047E+00    0.82782E+02    0.50627E+02
   0.12040E+03    0.29047E+00    0.82742E+02    0.50619E+02
   0.12040E+03    0.29444E+00    0.82700E+02    0.50610E+02
   0.12040E+03    0.29442E+00    0.82661E+02    0.50602E+02
   0.12040E+03    0.29801E+00    0.82620E+02    0.50594E+02
   0.12040E+03    0.29797E+00    0.82579E+02    0.50587E+02
   0.12040E+03    0.30123E+00    0.82536E+02    0.50581E+02
   0.12040E+03    0.30117E+00    0.82495E+02    0.50576E+02
   0.12040E+03    0.30410E+00    0.82455E+02    0.50571E+02
   0.12040E+03    0.30401E+00    0.82417E+02    0.50566E+02
   0.12040E+03    0.30667E+00    0.82377E+02    0.50563E+02
   0.12039E+03    0.30656E+00    0.82338E+02    0.50560E+02
   0.12039E+03    0.30899E+00    0.82301E+02    0.50558E+02
   0.12039E+03    0.30885E+00    0.82267E+02    0.50556E+02
   0.12039E+03    0.31110E+00    0.82235E+02    0.50556E+02
   0.12039E+03    0.31093E+00    0.82205E+02    0.50555E+02
   0.12039E+03    0.31309E+00    0.82175E+02    0.50556E+02
   0.12039E+03    0.31289E+00    0.82149E+02    0.50557E+02
   0.12039E+03    0.31497E+00    0.82125E+02    0.50560E+02
   0.12039E+03    0.31474E+00    0.82106E+02    0.50561E+02
   0.12039E+03    0.31682E+00    0.82088E+02    0.50566E+02
   0.12039E+03    0.31656E+00    0.82073E+02    0.50568E+02
   0.12039E+03    0.31868E+00    0.82060E+02    0.50574E+02
   0.12039E+03    0.31841E+00    0.82052E+02    0.50578E+02
   0.12039E+03    0.32058E+00    0.82046E+02    0.50584E+02
   0.12039E+03    0.32029E+00    0.82045E+02    0.50589E+02
   0.12039E+03    0.32259E+00    0.82045E+02    0.50596E+02
   0.12039E+03    0.32228E+00    0.82050E+02    0.50602E+02
   0.12039E+03    0.32470E+00    0.82056E+02    0.50610E+02
   0.12039E+03    0.32437E+00    0.82067E+02    0.50616E+02
   0.12039E+03    0.32694E+00    0.82080E+02    0.50625E+02
   0.12039E+03    0.32661E+00    0.82098E+02    0.50632E+02
   0.12039E+03    0.32933E+00    0.82116E+02    0.50641E+02
   0.12039E+03    0.32900E+00    0.82138E+02    0.50648E+02
   0.12039E+03    0.33188E+00    0.82161E+02    0.50658E+02
   0.12039E+03    0.33155E+00    0.82189E+02    0.50665E+02
   0.12039E+03    0.33457E+00    0.82218E+02    0.50675E+02
   0.12039E+03    0.33425E+00    0.82250E+02    0.50681E+02
   0.12039E+03    0.33742E+00    0.82282E+02    0.50691E+02
   0.12039E+03    0.33711E+00    0.82316E+02    0.50698E+02
   0.12039E+03    0.34040E+00    0.82351E+02    0.50708E+02
   0.12039E+03    0.34011E+00    0.82390E+02    0.50714E+02
   0.12040E+03    0.34350E+00    0.82428E+02    0.50723E+02
   0.12040E+03    0.34323E+00    0.82467E+02    0.50729E+02
   0.12040E+03    0.34671E+00    0.82504E+02    0.50738E+02
   0.12040E+03    0.34648E+00    0.82545E+02    0.50744E+02
   0.12040E+03    0.34999E+00    0.82586E+02    0.50752E+02
   0.12040E+03    0.34978E+00    0.82628E+02    0.50756E+02
   0.12040E+03    0.35335E+00    0.82666E+02    0.50763E+02
   0.12040E+03    0.35318E+00    0.82705E+02    0.50768E+02
   0.12040E+03    0.35674E+00    0.82743E+02    0.50775E+02
   0.12040E+03    0.35661E+00    0.82784E+02    0.50778E+02
   0.12040E+03    0.36014E+00    0.82822E+02    0.50783E+02
   0.12040E+03    0.36005E+00    0.82859E+02    0.50786E+02
   0.12040E+03    0.36356E+00    0.82891E+02    0.50791E+02
   0.12040E+03    0.36351E+00    0.82927E+02    0.50794E+02
   0.12040E+03    0.36692E+00    0.82961E+02    0.50797E+02
   0.12040E+03    0.36691E+00    0.82995E+02    0.50798E+02
   0.12040E+03    0.37024E+00    0.83024E+02    0.50800E+02
   0.12041E+03    0.37027E+00    0.83051E+02    0.50802E+02
   0.12041E+03    0.37348E+00    0.83078E+02    0.50804E+02
   0.12041E+03    0.37355E+00    0.83106E+02    0.50803E+02
   0.12041E+03    0.37659E+00    0.83130E+02    0.50803E+02
   0.12041E+03    0.37670E+00    0.83153E+02    0.50803E+02
   0.12041E+03    0.37961E+00    0.83171E+02    0.50803E+02
   0.12041E+03    0.37976E+00    0.83190E+02    0.50802E+02
   0.12041E+03    0.38244E+00    0.83208E+02    0.50801E+02
   0.12041E+03    0.38262E+00    0.83225E+02    0.50799E+02
   0.12041E+03    0.38512E+00    0.83239E+02    0.50797E+02
   0.12041E+03    0.38532E+00    0.83251E+02    0.50795E+02
   0.12041E+03    0.38760E+00    0.83261E+02    0.50793E+02
   0.12041E+03    0.38782E+00    0.83271E+02    0.50790E+02
   0.12041E+03    0.38985E+00    0.83280E+02    0.50787E+02
   0.12041E+03    0.39009E+00    0.83287E+02    0.50784E+02
   0.12041E+03    0.39189E+00    0.83292E+02    0.50780E+02
   0.12041E+03    0.39214E+00    0.83296E+02    0.50777E+02
   0.12041E+03    0.39368E+00    0.83299E+02    0.50773E+02
   0.12041E+03    0.39393E+00    0.83302E+02    0.50769E+02
   0.12041E+03    0.39521E+00    0.83303E+02    0.50765E+02
   0.12041E+03    0.39546E+00    0.83304E+02    0.50761E+02
   0.12041E+03    0.39648E+00    0.83303E+02    0.50756E+02
   0.12041E+03    0.39673E+00    0.83302E+02    0.50752E+02
   0.12040E+03    0.39747E+00    0.83300E+02    0.50747E+02
   0.12040E+03    0.39772E+00    0.83299E+02    0.50744E+02
   0.12040E+03    0.39820E+00    0.83298E+02    0.50738E+02
   0.12040E+03    0.39843E+00    0.83295E+02    0.50734E+02
   0.12040E+03    0.39868E+00    0.83292E+02    0.50729E+02
   0.12040E+03    0.39889E+00    0.83288E+02    0.50725E+02
   0.12040E+03    0.39888E+00    0.83286E+02    0.50720E+02
   0.12040E+03    0.39907E+00    0.83285E+02    0.50716E+02
   0.12040E+03    0.39883E+00    0.83282E+02    0.50711E+02
   0.12040E+03    0.39900E+00    0.83279E+02    0.50707E+02
   0.12040E+03    0.39855E+00    0.83276E+02    0.50703E+02
   0.12040E+03    0.39869E+00    0.83275E+02    0.50699E+02
   0.12040E+03    0.39803E+00    0.83276E+02    0.50694E+02
   0.12040E+03    0.39815E+00    0.83275E+02    0.50691E+02
   0.12040E+03    0.39732E+00    0.83274E+02    0.50686E+02
   0.12040E+03    0.39741E+00    0.83274E+02    0.50684E+02
   0.12040E+03    0.39640E+00    0.83276E+02    0.50680E+02
   0.12040E+03    0.39645E+00    0.83279E+02    0.50677E+02
   0.12040E+03    0.39531E+00    0.83281E+02    0.50673E+02
   0.12040E+03    0.39533E+00    0.83283E+02    0.50671E+02
   0.12040E+03    0.39406E+00    0.83287E+02    0.50668E+02
   0.12040E+03    0.39406E+00    0.83292E+02    0.50666E+02
