   0.32958E+02    0.13823E+02    0.23978E+02    0.12565E+01
   0.32958E+02    0.13823E+02    0.23978E+02    0.12565E+01
   0.31458E+02    0.13223E+02    0.22478E+02    0.65654E+00
   0.31458E+02    0.13223E+02    0.22478E+02    0.65654E+00
   0.32536E+02    0.13326E+02    0.23508E+02    0.75928E+00
   0.32536E+02    0.13326E+02    0.23508E+02    0.75928E+00
   0.32146E+02    0.12872E+02    0.23466E+02    0.51831E+00
   0.32146E+02    0.12872E+02    0.23466E+02    0.51831E+00
   0.32200E+02    0.12727E+02    0.23506E+02    0.40925E+00
   0.32200E+02    0.12727E+02    0.23506E+02    0.40925E+00
   0.33023E+02    0.12798E+02    0.24086E+02    0.43902E+00
   0.33023E+02    0.12798E+02    0.24086E+02    0.43902E+00
   0.33604E+02    0.12775E+02    0.24527E+02    0.44861E+00
   0.33604E+02    0.12775E+02    0.24527E+02    0.44861E+00
   0.33883E+02    0.12722E+02    0.24708E+02    0.42831E+00
   0.33883E+02    0.12722E+02    0.24708E+02    0.42831E+00
   0.34107E+02    0.12711E+02    0.24831E+02    0.42008E+00
   0.34107E+02    0.12711E+02    0.24831E+02    0.42008E+00
   0.34283E+02    0.12729E+02    0.24927E+02    0.42500E+00
   0.34283E+02    0.12729E+02    0.24927E+02    0.42500E+00
   0.34342E+02    0.12762E+02    0.24939E+02    0.43637E+00
   0.34342E+02    0.12762E+02    0.24939E+02    0.43637E+00
   0.34288E+02    0.12817E+02    0.24846E+02    0.45623E+00
   0.34288E+02    0.12817E+02    0.24846E+02    0.45623E+00
   0.34139E+02    0.12898E+02    0.24650E+02    0.48832E+00
   0.34139E+02    0.12898E+02    0.24650E+02    0.48832E+00
   0.33899E+02    0.13004E+02    0.24345E+02    0.53256E+00
   0.33899E+02    0.13004E+02    0.24345E+02    0.53256E+00
   0.33568E+02    0.13130E+02    0.23921E+02    0.58743E+00
   0.33568E+02    0.13130E+02    0.23921E+02    0.58743E+00
   0.33160E+02    0.13272E+02    0.23376E+02    0.65300E+00
   0.33160E+02    0.13272E+02    0.23376E+02    0.65300E+00
   0.32688E+02    0.13428E+02    0.22712E+02    0.72938E+00
   0.32688E+02    0.13428E+02    0.22712E+02    0.72938E+00
   0.32170E+02    0.13592E+02    0.21930E+02    0.81604E+00
   0.32170E+02    0.13592E+02    0.21930E+02    0.81604E+00
   0.31623E+02    0.13759E+02    0.21038E+02    0.91195E+00
   0.31623E+02    0.13759E+02    0.21038E+02    0.91195E+00
   0.31071E+02    0.13923E+02    0.20046E+02    0.10154E+01
   0.31071E+02    0.13923E+02    0.20046E+02    0.10154E+01
   0.30537E+02    0.14079E+02    0.18968E+02    0.11234E+01
   0.30537E+02    0.14079E+02    0.18968E+02    0.11234E+01
   0.30051E+02    0.14222E+02    0.17824E+02    0.12329E+01
   0.30051E+02    0.14222E+02    0.17824E+02    0.12329E+01
   0.29638E+02    0.14347E+02    0.16636E+02    0.13396E+01
   0.29638E+02    0.14347E+02    0.16636E+02    0.13396E+01
   0.29322E+02    0.14452E+02    0.15427E+02    0.14389E+01
   0.29322E+02    0.14452E+02    0.15427E+02    0.14389E+01
   0.29127E+02    0.14537E+02    0.14224E+02    0.15277E+01
   0.29127E+02    0.14537E+02    0.14224E+02    0.15277E+01
   0.29064E+02    0.14598E+02    0.13048E+02    0.16013E+01
   0.29064E+02    0.14598E+02    0.13048E+02    0.16013E+01
   0.29146E+02    0.14639E+02    0.11922E+02    0.16584E+01
   0.29146E+02    0.14639E+02    0.11922E+02    0.16584E+01
   0.29372E+02    0.14661E+02    0.10867E+02    0.16972E+01
   0.29372E+02    0.14661E+02    0.10867E+02    0.16972E+01
   0.29736E+02    0.14666E+02    0.98956E+01    0.17170E+01
   0.29736E+02    0.14666E+02    0.98956E+01    0.17170E+01
   0.30230E+02    0.14658E+02    0.90241E+01    0.17196E+01
   0.30230E+02    0.14658E+02    0.90241E+01    0.17196E+01
   0.30834E+02    0.14637E+02    0.82598E+01    0.17051E+01
   0.30834E+02    0.14637E+02    0.82598E+01    0.17051E+01
   0.31532E+02    0.14608E+02    0.76093E+01    0.16763E+01
   0.31532E+02    0.14608E+02    0.76093E+01    0.16763E+01
   0.32301E+02    0.14573E+02    0.70763E+01    0.16350E+01
   0.32301E+02    0.14573E+02    0.70763E+01    0.16350E+01
   0.33118E+02    0.14535E+02    0.66598E+01    0.15830E+01
   0.33118E+02    0.14535E+02    0.66598E+01    0.15830E+01
   0.33963E+02    0.14496E+02    0.63591E+01    0.15234E+01
   0.33963E+02    0.14496E+02    0.63591E+01    0.15234E+01
   0.34818E+02    0.14458E+02    0.61730E+01    0.14591E+01
   0.34818E+02    0.14458E+02    0.61730E+01    0.14591E+01
   0.35660E+02    0.14420E+02    0.60983E+01    0.13903E+01
   0.35660E+02    0.14420E+02    0.60983E+01    0.13903E+01
   0.36463E+02    0.14381E+02    0.61280E+01    0.13172E+01
   0.36463E+02    0.14381E+02    0.61280E+01    0.13172E+01
   0.37219E+02    0.14344E+02    0.62600E+01    0.12430E+01
   0.37219E+02    0.14344E+02    0.62600E+01    0.12430E+01
   0.37919E+02    0.14308E+02    0.64926E+01    0.11699E+01
   0.37919E+02    0.14308E+02    0.64926E+01    0.11699E+01
   0.38548E+02    0.14273E+02    0.68214E+01    0.10989E+01
   0.38548E+02    0.14273E+02    0.68214E+01    0.10989E+01
   0.39097E+02    0.14237E+02    0.72406E+01    0.10311E+01
   0.39097E+02    0.14237E+02    0.72406E+01    0.10311E+01
   0.39557E+02    0.14199E+02    0.77445E+01    0.96755E+00
   0.39557E+02    0.14199E+02    0.77445E+01    0.96755E+00
   0.39924E+02    0.14158E+02    0.83259E+01    0.90867E+00
   0.39924E+02    0.14158E+02    0.83259E+01    0.90867E+00
   0.40193E+02    0.14113E+02    0.89762E+01    0.85499E+00
   0.40193E+02    0.14113E+02    0.89762E+01    0.85499E+00
   0.40363E+02    0.14064E+02    0.96852E+01    0.80678E+00
   0.40363E+02    0.14064E+02    0.96852E+01    0.80678E+00
   0.40434E+02    0.14012E+02    0.10441E+02    0.76426E+00
   0.40434E+02    0.14012E+02    0.10441E+02    0.76426E+00
   0.40420E+02    0.13957E+02    0.11228E+02    0.72689E+00
   0.40420E+02    0.13957E+02    0.11228E+02    0.72689E+00
   0.40343E+02    0.13897E+02    0.12025E+02    0.69342E+00
   0.40343E+02    0.13897E+02    0.12025E+02    0.69342E+00
   0.40227E+02    0.13834E+02    0.12810E+02    0.66420E+00
   0.40227E+02    0.13834E+02    0.12810E+02    0.66420E+00
   0.40079E+02    0.13772E+02    0.13567E+02    0.64002E+00
   0.40079E+02    0.13772E+02    0.13567E+02    0.64002E+00
   0.39899E+02    0.13714E+02    0.14279E+02    0.62134E+00
   0.39899E+02    0.13714E+02    0.14279E+02    0.62134E+00
   0.39686E+02    0.13662E+02    0.14934E+02    0.60932E+00
   0.39686E+02    0.13662E+02    0.14934E+02    0.60932E+00
   0.39436E+02    0.13620E+02    0.15520E+02    0.60417E+00
   0.39436E+02    0.13620E+02    0.15520E+02    0.60417E+00
   0.39141E+02    0.13590E+02    0.16027E+02    0.60608E+00
   0.39141E+02    0.13590E+02    0.16027E+02    0.60608E+00
   0.38801E+02    0.13574E+02    0.16450E+02    0.61605E+00
   0.38801E+02    0.13574E+02    0.16450E+02    0.61605E+00
   0.38411E+02    0.13572E+02    0.16783E+02    0.63402E+00
   0.38411E+02    0.13572E+02    0.16783E+02    0.63402E+00
   0.37965E+02    0.13585E+02    0.17024E+02    0.66037E+00
   0.37965E+02    0.13585E+02    0.17024E+02    0.66037E+00
   0.37463E+02    0.13614E+02    0.17173E+02    0.69565E+00
   0.37463E+02    0.13614E+02    0.17173E+02    0.69565E+00
   0.36901E+02    0.13655E+02    0.17230E+02    0.73985E+00
   0.36901E+02    0.13655E+02    0.17230E+02    0.73985E+00
   0.36283E+02    0.13709E+02    0.17199E+02    0.79307E+00
   0.36283E+02    0.13709E+02    0.17199E+02    0.79307E+00
   0.35618E+02    0.13771E+02    0.17084E+02    0.85435E+00
   0.35618E+02    0.13771E+02    0.17084E+02    0.85435E+00
   0.34920E+02    0.13838E+02    0.16890E+02    0.92248E+00
   0.34920E+02    0.13838E+02    0.16890E+02    0.92248E+00
   0.34208E+02    0.13906E+02    0.16623E+02    0.99598E+00
   0.34208E+02    0.13906E+02    0.16623E+02    0.99598E+00
   0.33502E+02    0.13972E+02    0.16292E+02    0.10728E+01
   0.33502E+02    0.13972E+02    0.16292E+02    0.10728E+01
   0.32823E+02    0.14032E+02    0.15906E+02    0.11505E+01
   0.32823E+02    0.14032E+02    0.15906E+02    0.11505E+01
   0.32192E+02    0.14084E+02    0.15478E+02    0.12267E+01
   0.32192E+02    0.14084E+02    0.15478E+02    0.12267E+01
   0.31629E+02    0.14127E+02    0.15018E+02    0.12983E+01
   0.31629E+02    0.14127E+02    0.15018E+02    0.12983E+01
   0.31150E+02    0.14159E+02    0.14540E+02    0.13628E+01
   0.31150E+02    0.14159E+02    0.14540E+02    0.13628E+01
   0.30771E+02    0.14181E+02    0.14055E+02    0.14180E+01
   0.30771E+02    0.14181E+02    0.14055E+02    0.14180E+01
   0.30498E+02    0.14192E+02    0.13573E+02    0.14616E+01
   0.30498E+02    0.14192E+02    0.13573E+02    0.14616E+01
   0.30340E+02    0.14195E+02    0.13107E+02    0.14931E+01
   0.30340E+02    0.14195E+02    0.13107E+02    0.14931E+01
   0.30295E+02    0.14191E+02    0.12664E+02    0.15117E+01
   0.30295E+02    0.14191E+02    0.12664E+02    0.15117E+01
   0.30359E+02    0.14180E+02    0.12253E+02    0.15177E+01
   0.30359E+02    0.14180E+02    0.12253E+02    0.15177E+01
   0.30527E+02    0.14165E+02    0.11881E+02    0.15123E+01
   0.30527E+02    0.14165E+02    0.11881E+02    0.15123E+01
   0.30786E+02    0.14146E+02    0.11552E+02    0.14961E+01
   0.30786E+02    0.14146E+02    0.11552E+02    0.14961E+01
   0.31126E+02    0.14125E+02    0.11273E+02    0.14712E+01
   0.31126E+02    0.14125E+02    0.11273E+02    0.14712E+01
   0.31533E+02    0.14102E+02    0.11048E+02    0.14388E+01
   0.31533E+02    0.14102E+02    0.11048E+02    0.14388E+01
   0.31990E+02    0.14077E+02    0.10879E+02    0.14002E+01
   0.31990E+02    0.14077E+02    0.10879E+02    0.14002E+01
   0.32486E+02    0.14051E+02    0.10768E+02    0.13574E+01
   0.32486E+02    0.14051E+02    0.10768E+02    0.13574E+01
   0.33004E+02    0.14024E+02    0.10717E+02    0.13111E+01
   0.33004E+02    0.14024E+02    0.10717E+02    0.13111E+01
   0.33531E+02    0.13996E+02    0.10727E+02    0.12630E+01
   0.33531E+02    0.13996E+02    0.10727E+02    0.12630E+01
   0.34054E+02    0.13966E+02    0.10797E+02    0.12140E+01
   0.34054E+02    0.13966E+02    0.10797E+02    0.12140E+01
   0.34560E+02    0.13935E+02    0.10924E+02    0.11649E+01
   0.34560E+02    0.13935E+02    0.10924E+02    0.11649E+01
   0.35039E+02    0.13902E+02    0.11108E+02    0.11168E+01
   0.35039E+02    0.13902E+02    0.11108E+02    0.11168E+01
   0.35482E+02    0.13867E+02    0.11344E+02    0.10704E+01
   0.35482E+02    0.13867E+02    0.11344E+02    0.10704E+01
   0.35880E+02    0.13831E+02    0.11628E+02    0.10261E+01
   0.35880E+02    0.13831E+02    0.11628E+02    0.10261E+01
   0.36227E+02    0.13794E+02    0.11954E+02    0.98476E+00
   0.36227E+02    0.13794E+02    0.11954E+02    0.98476E+00
   0.36519E+02    0.13756E+02    0.12317E+02    0.94674E+00
   0.36519E+02    0.13756E+02    0.12317E+02    0.94674E+00
   0.36750E+02    0.13717E+02    0.12710E+02    0.91219E+00
   0.36750E+02    0.13717E+02    0.12710E+02    0.91219E+00
   0.36921E+02    0.13678E+02    0.13125E+02    0.88186E+00
   0.36921E+02    0.13678E+02    0.13125E+02    0.88186E+00
   0.37028E+02    0.13640E+02    0.13556E+02    0.85559E+00
   0.37028E+02    0.13640E+02    0.13556E+02    0.85559E+00
   0.37074E+02    0.13605E+02    0.13992E+02    0.83374E+00
   0.37074E+02    0.13605E+02    0.13992E+02    0.83374E+00
   0.37059E+02    0.13572E+02    0.14429E+02    0.81660E+00
   0.37059E+02    0.13572E+02    0.14429E+02    0.81660E+00
   0.36984E+02    0.13542E+02    0.14856E+02    0.80389E+00
   0.36984E+02    0.13542E+02    0.14856E+02    0.80389E+00
   0.36856E+02    0.13517E+02    0.15268E+02    0.79613E+00
   0.36856E+02    0.13517E+02    0.15268E+02    0.79613E+00
   0.36675E+02    0.13497E+02    0.15657E+02    0.79299E+00
   0.36675E+02    0.13497E+02    0.15657E+02    0.79299E+00
   0.36447E+02    0.13482E+02    0.16017E+02    0.79449E+00
   0.36447E+02    0.13482E+02    0.16017E+02    0.79449E+00
   0.36177E+02    0.13473E+02    0.16344E+02    0.80076E+00
   0.36177E+02    0.13473E+02    0.16344E+02    0.80076E+00
   0.35868E+02    0.13470E+02    0.16632E+02    0.81131E+00
   0.35868E+02    0.13470E+02    0.16632E+02    0.81131E+00
   0.35529E+02    0.13473E+02    0.16878E+02    0.82628E+00
   0.35529E+02    0.13473E+02    0.16878E+02    0.82628E+00
   0.35165E+02    0.13481E+02    0.17079E+02    0.84518E+00
   0.35165E+02    0.13481E+02    0.17079E+02    0.84518E+00
   0.34781E+02    0.13494E+02    0.17233E+02    0.86767E+00
   0.34781E+02    0.13494E+02    0.17233E+02    0.86767E+00
   0.34386E+02    0.13512E+02    0.17340E+02    0.89347E+00
   0.34386E+02    0.13512E+02    0.17340E+02    0.89347E+00
   0.33987E+02    0.13533E+02    0.17399E+02    0.92186E+00
   0.33987E+02    0.13533E+02    0.17399E+02    0.92186E+00
   0.33590E+02    0.13557E+02    0.17411E+02    0.95237E+00
   0.33590E+02    0.13557E+02    0.17411E+02    0.95237E+00
   0.33205E+02    0.13584E+02    0.17379E+02    0.98427E+00
   0.33205E+02    0.13584E+02    0.17379E+02    0.98427E+00
   0.32837E+02    0.13611E+02    0.17303E+02    0.10168E+01
   0.32837E+02    0.13611E+02    0.17303E+02    0.10168E+01
   0.32495E+02    0.13639E+02    0.17189E+02    0.10491E+01
   0.32495E+02    0.13639E+02    0.17189E+02    0.10491E+01
   0.32185E+02    0.13666E+02    0.17039E+02    0.10806E+01
   0.32185E+02    0.13666E+02    0.17039E+02    0.10806E+01
   0.31913E+02    0.13693E+02    0.16858E+02    0.11101E+01
   0.31913E+02    0.13693E+02    0.16858E+02    0.11101E+01
   0.31685E+02    0.13718E+02    0.16652E+02    0.11373E+01
   0.31685E+02    0.13718E+02    0.16652E+02    0.11373E+01
   0.31505E+02    0.13741E+02    0.16425E+02    0.11614E+01
   0.31505E+02    0.13741E+02    0.16425E+02    0.11614E+01
   0.31375E+02    0.13762E+02    0.16182E+02    0.11816E+01
   0.31375E+02    0.13762E+02    0.16182E+02    0.11816E+01
   0.31298E+02    0.13781E+02    0.15929E+02    0.11980E+01
   0.31298E+02    0.13781E+02    0.15929E+02    0.11980E+01
   0.31273E+02    0.13798E+02    0.15671E+02    0.12098E+01
   0.31273E+02    0.13798E+02    0.15671E+02    0.12098E+01
   0.31300E+02    0.13813E+02    0.15414E+02    0.12173E+01
   0.31300E+02    0.13813E+02    0.15414E+02    0.12173E+01
   0.31377E+02    0.13825E+02    0.15163E+02    0.12204E+01
   0.31377E+02    0.13825E+02    0.15163E+02    0.12204E+01
   0.31500E+02    0.13835E+02    0.14921E+02    0.12191E+01
   0.31500E+02    0.13835E+02    0.14921E+02    0.12191E+01
   0.31666E+02    0.13843E+02    0.14693E+02    0.12141E+01
   0.31666E+02    0.13843E+02    0.14693E+02    0.12141E+01
   0.31867E+02    0.13848E+02    0.14484E+02    0.12052E+01
   0.31867E+02    0.13848E+02    0.14484E+02    0.12052E+01
   0.32101E+02    0.13852E+02    0.14295E+02    0.11932E+01
   0.32101E+02    0.13852E+02    0.14295E+02    0.11932E+01
   0.32360E+02    0.13854E+02    0.14131E+02    0.11785E+01
   0.32360E+02    0.13854E+02    0.14131E+02    0.11785E+01
   0.32636E+02    0.13854E+02    0.13993E+02    0.11614E+01
   0.32636E+02    0.13854E+02    0.13993E+02    0.11614E+01
   0.32926E+02    0.13852E+02    0.13883E+02    0.11427E+01
   0.32926E+02    0.13852E+02    0.13883E+02    0.11427E+01
   0.33221E+02    0.13848E+02    0.13801E+02    0.11226E+01
   0.33221E+02    0.13848E+02    0.13801E+02    0.11226E+01
   0.33516E+02    0.13843E+02    0.13749E+02    0.11017E+01
   0.33516E+02    0.13843E+02    0.13749E+02    0.11017E+01
   0.33804E+02    0.13836E+02    0.13725E+02    0.10805E+01
   0.33804E+02    0.13836E+02    0.13725E+02    0.10805E+01
   0.34081E+02    0.13828E+02    0.13729E+02    0.10593E+01
   0.34081E+02    0.13828E+02    0.13729E+02    0.10593E+01
   0.34340E+02    0.13819E+02    0.13759E+02    0.10386E+01
   0.34340E+02    0.13819E+02    0.13759E+02    0.10386E+01
   0.34579E+02    0.13809E+02    0.13815E+02    0.10187E+01
   0.34579E+02    0.13809E+02    0.13815E+02    0.10187E+01
   0.34792E+02    0.13799E+02    0.13892E+02    0.99993E+00
   0.34792E+02    0.13799E+02    0.13892E+02    0.99993E+00
   0.34978E+02    0.13788E+02    0.13989E+02    0.98258E+00
   0.34978E+02    0.13788E+02    0.13989E+02    0.98258E+00
   0.35133E+02    0.13777E+02    0.14103E+02    0.96693E+00
   0.35133E+02    0.13777E+02    0.14103E+02    0.96693E+00
   0.35257E+02    0.13766E+02    0.14230E+02    0.95303E+00
   0.35257E+02    0.13766E+02    0.14230E+02    0.95303E+00
   0.35348E+02    0.13757E+02    0.14367E+02    0.94131E+00
   0.35348E+02    0.13757E+02    0.14367E+02    0.94131E+00
   0.35406E+02    0.13748E+02    0.14511E+02    0.93164E+00
   0.35406E+02    0.13748E+02    0.14511E+02    0.93164E+00
   0.35432E+02    0.13740E+02    0.14659E+02    0.92421E+00
   0.35432E+02    0.13740E+02    0.14659E+02    0.92421E+00
   0.35426E+02    0.13734E+02    0.14807E+02    0.91917E+00
   0.35426E+02    0.13734E+02    0.14807E+02    0.91917E+00
   0.35390E+02    0.13729E+02    0.14951E+02    0.91628E+00
   0.35390E+02    0.13729E+02    0.14951E+02    0.91628E+00
   0.35326E+02    0.13726E+02    0.15090E+02    0.91582E+00
   0.35326E+02    0.13726E+02    0.15090E+02    0.91582E+00
   0.35236E+02    0.13725E+02    0.15220E+02    0.91751E+00
   0.35236E+02    0.13725E+02    0.15220E+02    0.91751E+00
   0.35122E+02    0.13726E+02    0.15339E+02    0.92129E+00
   0.35122E+02    0.13726E+02    0.15339E+02    0.92129E+00
   0.34989E+02    0.13729E+02    0.15446E+02    0.92715E+00
   0.34989E+02    0.13729E+02    0.15446E+02    0.92715E+00
   0.34838E+02    0.13734E+02    0.15538E+02    0.93473E+00
   0.34838E+02    0.13734E+02    0.15538E+02    0.93473E+00
   0.34675E+02    0.13740E+02    0.15615E+02    0.94402E+00
   0.34675E+02    0.13740E+02    0.15615E+02    0.94402E+00
   0.34501E+02    0.13748E+02    0.15675E+02    0.95467E+00
   0.34501E+02    0.13748E+02    0.15675E+02    0.95467E+00
   0.34322E+02    0.13757E+02    0.15718E+02    0.96644E+00
   0.34322E+02    0.13757E+02    0.15718E+02    0.96644E+00
   0.34140E+02    0.13767E+02    0.15744E+02    0.97911E+00
   0.34140E+02    0.13767E+02    0.15744E+02    0.97911E+00
   0.33959E+02    0.13777E+02    0.15753E+02    0.99232E+00
   0.33959E+02    0.13777E+02    0.15753E+02    0.99232E+00
   0.33784E+02    0.13788E+02    0.15746E+02    0.10058E+01
   0.33784E+02    0.13788E+02    0.15746E+02    0.10058E+01
   0.33617E+02    0.13800E+02    0.15724E+02    0.10193E+01
   0.33617E+02    0.13800E+02    0.15724E+02    0.10193E+01
   0.33461E+02    0.13811E+02    0.15688E+02    0.10324E+01
   0.33461E+02    0.13811E+02    0.15688E+02    0.10324E+01
   0.33319E+02    0.13822E+02    0.15640E+02    0.10449E+01
   0.33319E+02    0.13822E+02    0.15640E+02    0.10449E+01
   0.33194E+02    0.13833E+02    0.15581E+02    0.10565E+01
   0.33194E+02    0.13833E+02    0.15581E+02    0.10565E+01
   0.33087E+02    0.13842E+02    0.15512E+02    0.10670E+01
   0.33087E+02    0.13842E+02    0.15512E+02    0.10670E+01
   0.33001E+02    0.13852E+02    0.15436E+02    0.10763E+01
   0.33001E+02    0.13852E+02    0.15436E+02    0.10763E+01
   0.32934E+02    0.13860E+02    0.15355E+02    0.10841E+01
   0.32934E+02    0.13860E+02    0.15355E+02    0.10841E+01
   0.32889E+02    0.13868E+02    0.15270E+02    0.10903E+01
   0.32889E+02    0.13868E+02    0.15270E+02    0.10903E+01
   0.32866E+02    0.13874E+02    0.15183E+02    0.10951E+01
   0.32866E+02    0.13874E+02    0.15183E+02    0.10951E+01
   0.32863E+02    0.13880E+02    0.15097E+02    0.10981E+01
   0.32863E+02    0.13880E+02    0.15097E+02    0.10981E+01
   0.32879E+02    0.13884E+02    0.15012E+02    0.10996E+01
   0.32879E+02    0.13884E+02    0.15012E+02    0.10996E+01
   0.32914E+02    0.13888E+02    0.14930E+02    0.10996E+01
   0.32914E+02    0.13888E+02    0.14930E+02    0.10996E+01
   0.32966E+02    0.13890E+02    0.14853E+02    0.10981E+01
   0.32966E+02    0.13890E+02    0.14853E+02    0.10981E+01
   0.33032E+02    0.13892E+02    0.14781E+02    0.10955E+01
   0.33032E+02    0.13892E+02    0.14781E+02    0.10955E+01
   0.33111E+02    0.13893E+02    0.14716E+02    0.10916E+01
   0.33111E+02    0.13893E+02    0.14716E+02    0.10916E+01
   0.33200E+02    0.13893E+02    0.14659E+02    0.10868E+01
   0.33200E+02    0.13893E+02    0.14659E+02    0.10868E+01
   0.33297E+02    0.13893E+02    0.14611E+02    0.10812E+01
   0.33297E+02    0.13893E+02    0.14611E+02    0.10812E+01
   0.33398E+02    0.13892E+02    0.14570E+02    0.10749E+01
   0.33398E+02    0.13892E+02    0.14570E+02    0.10749E+01
   0.33503E+02    0.13890E+02    0.14539E+02    0.10683E+01
   0.33503E+02    0.13890E+02    0.14539E+02    0.10683E+01
   0.33608E+02    0.13887E+02    0.14516E+02    0.10614E+01
   0.33608E+02    0.13887E+02    0.14516E+02    0.10614E+01
   0.33712E+02    0.13885E+02    0.14502E+02    0.10544E+01
   0.33712E+02    0.13885E+02    0.14502E+02    0.10544E+01
   0.33811E+02    0.13882E+02    0.14496E+02    0.10475E+01
   0.33811E+02    0.13882E+02    0.14496E+02    0.10475E+01
   0.33905E+02    0.13878E+02    0.14498E+02    0.10407E+01
   0.33905E+02    0.13878E+02    0.14498E+02    0.10407E+01
   0.33992E+02    0.13875E+02    0.14507E+02    0.10344E+01
   0.33992E+02    0.13875E+02    0.14507E+02    0.10344E+01
   0.34070E+02    0.13871E+02    0.14522E+02    0.10285E+01
   0.34070E+02    0.13871E+02    0.14522E+02    0.10285E+01
   0.34138E+02    0.13867E+02    0.14542E+02    0.10232E+01
   0.34138E+02    0.13867E+02    0.14542E+02    0.10232E+01
   0.34196E+02    0.13864E+02    0.14567E+02    0.10185E+01
   0.34196E+02    0.13864E+02    0.14567E+02    0.10185E+01
   0.34242E+02    0.13860E+02    0.14596E+02    0.10146E+01
   0.34242E+02    0.13860E+02    0.14596E+02    0.10146E+01
   0.34277E+02    0.13857E+02    0.14626E+02    0.10114E+01
   0.34277E+02    0.13857E+02    0.14626E+02    0.10114E+01
   0.34301E+02    0.13854E+02    0.14659E+02    0.10091E+01
   0.34301E+02    0.13854E+02    0.14659E+02    0.10091E+01
   0.34313E+02    0.13852E+02    0.14692E+02    0.10075E+01
   0.34313E+02    0.13852E+02    0.14692E+02    0.10075E+01
   0.34315E+02    0.13850E+02    0.14725E+02    0.10067E+01
   0.34315E+02    0.13850E+02    0.14725E+02    0.10067E+01
   0.34306E+02    0.13848E+02    0.14757E+02    0.10068E+01
   0.34306E+02    0.13848E+02    0.14757E+02    0.10068E+01
   0.34288E+02    0.13847E+02    0.14787E+02    0.10075E+01
   0.34288E+02    0.13847E+02    0.14787E+02    0.10075E+01
   0.34261E+02    0.13846E+02    0.14814E+02    0.10090E+01
   0.34261E+02    0.13846E+02    0.14814E+02    0.10090E+01
   0.34227E+02    0.13846E+02    0.14838E+02    0.10111E+01
   0.34227E+02    0.13846E+02    0.14838E+02    0.10111E+01
   0.34187E+02    0.13845E+02    0.14859E+02    0.10138E+01
   0.34187E+02    0.13845E+02    0.14859E+02    0.10138E+01
   0.34141E+02    0.13846E+02    0.14876E+02    0.10169E+01
   0.34141E+02    0.13846E+02    0.14876E+02    0.10169E+01
   0.34092E+02    0.13846E+02    0.14889E+02    0.10204E+01
   0.34092E+02    0.13846E+02    0.14889E+02    0.10204E+01
   0.34041E+02    0.13847E+02    0.14898E+02    0.10242E+01
   0.34041E+02    0.13847E+02    0.14898E+02    0.10242E+01
   0.33988E+02    0.13848E+02    0.14903E+02    0.10283E+01
   0.33988E+02    0.13848E+02    0.14903E+02    0.10283E+01
   0.33935E+02    0.13849E+02    0.14904E+02    0.10323E+01
   0.33935E+02    0.13849E+02    0.14904E+02    0.10323E+01
   0.33884E+02    0.13850E+02    0.14901E+02    0.10365E+01
   0.33884E+02    0.13850E+02    0.14901E+02    0.10365E+01
   0.33834E+02    0.13851E+02    0.14895E+02    0.10405E+01
   0.33834E+02    0.13851E+02    0.14895E+02    0.10405E+01
   0.33788E+02    0.13852E+02    0.14886E+02    0.10443E+01
   0.33788E+02    0.13852E+02    0.14886E+02    0.10443E+01
   0.33747E+02    0.13853E+02    0.14874E+02    0.10479E+01
   0.33747E+02    0.13853E+02    0.14874E+02    0.10479E+01
   0.33710E+02    0.13853E+02    0.14859E+02    0.10511E+01
   0.33710E+02    0.13853E+02    0.14859E+02    0.10511E+01
   0.33678E+02    0.13854E+02    0.14843E+02    0.10540E+01
   0.33678E+02    0.13854E+02    0.14843E+02    0.10540E+01
   0.33652E+02    0.13854E+02    0.14826E+02    0.10564E+01
   0.33652E+02    0.13854E+02    0.14826E+02    0.10564E+01
   0.33632E+02    0.13854E+02    0.14808E+02    0.10583E+01
   0.33632E+02    0.13854E+02    0.14808E+02    0.10583E+01
   0.33619E+02    0.13854E+02    0.14790E+02    0.10598E+01
   0.33619E+02    0.13854E+02    0.14790E+02    0.10598E+01
   0.33611E+02    0.13853E+02    0.14773E+02    0.10608E+01
   0.33611E+02    0.13853E+02    0.14773E+02    0.10608E+01
   0.33610E+02    0.13852E+02    0.14756E+02    0.10612E+01
   0.33610E+02    0.13852E+02    0.14756E+02    0.10612E+01
   0.33591E+02    0.13848E+02    0.14763E+02    0.10613E+01
   0.33591E+02    0.13848E+02    0.14763E+02    0.10613E+01
   0.33375E+02    0.13816E+02    0.14971E+02    0.10615E+01
   0.33375E+02    0.13816E+02    0.14971E+02    0.10615E+01
   0.32865E+02    0.13747E+02    0.15498E+02    0.10647E+01
   0.32865E+02    0.13747E+02    0.15498E+02    0.10647E+01
   0.32239E+02    0.13662E+02    0.16197E+02    0.10721E+01
   0.32239E+02    0.13662E+02    0.16197E+02    0.10721E+01
   0.31650E+02    0.13572E+02    0.16907E+02    0.10774E+01
   0.31650E+02    0.13572E+02    0.16907E+02    0.10774E+01
   0.31129E+02    0.13475E+02    0.17584E+02    0.10751E+01
   0.31129E+02    0.13475E+02    0.17584E+02    0.10751E+01
   0.30696E+02    0.13377E+02    0.18218E+02    0.10674E+01
   0.30696E+02    0.13377E+02    0.18218E+02    0.10674E+01
   0.30354E+02    0.13283E+02    0.18806E+02    0.10573E+01
   0.30354E+02    0.13283E+02    0.18806E+02    0.10573E+01
   0.30090E+02    0.13193E+02    0.19341E+02    0.10461E+01
   0.30090E+02    0.13193E+02    0.19341E+02    0.10461E+01
   0.29893E+02    0.13109E+02    0.19815E+02    0.10347E+01
   0.29893E+02    0.13109E+02    0.19815E+02    0.10347E+01
   0.29750E+02    0.13034E+02    0.20225E+02    0.10245E+01
   0.29750E+02    0.13034E+02    0.20225E+02    0.10245E+01
   0.29655E+02    0.12968E+02    0.20568E+02    0.10160E+01
   0.29655E+02    0.12968E+02    0.20568E+02    0.10160E+01
   0.29597E+02    0.12912E+02    0.20842E+02    0.10096E+01
   0.29597E+02    0.12912E+02    0.20842E+02    0.10096E+01
   0.29569E+02    0.12865E+02    0.21045E+02    0.10054E+01
   0.29569E+02    0.12865E+02    0.21045E+02    0.10054E+01
   0.29567E+02    0.12829E+02    0.21177E+02    0.10037E+01
   0.29567E+02    0.12829E+02    0.21177E+02    0.10037E+01
   0.29586E+02    0.12802E+02    0.21237E+02    0.10047E+01
   0.29586E+02    0.12802E+02    0.21237E+02    0.10047E+01
   0.29621E+02    0.12785E+02    0.21226E+02    0.10085E+01
   0.29621E+02    0.12785E+02    0.21226E+02    0.10085E+01
   0.29672E+02    0.12778E+02    0.21144E+02    0.10151E+01
   0.29672E+02    0.12778E+02    0.21144E+02    0.10151E+01
   0.29735E+02    0.12780E+02    0.20994E+02    0.10245E+01
   0.29735E+02    0.12780E+02    0.20994E+02    0.10245E+01
   0.29811E+02    0.12790E+02    0.20776E+02    0.10364E+01
   0.29811E+02    0.12790E+02    0.20776E+02    0.10364E+01
   0.29899E+02    0.12808E+02    0.20494E+02    0.10508E+01
   0.29899E+02    0.12808E+02    0.20494E+02    0.10508E+01
   0.29999E+02    0.12832E+02    0.20151E+02    0.10671E+01
   0.29999E+02    0.12832E+02    0.20151E+02    0.10671E+01
   0.30113E+02    0.12863E+02    0.19751E+02    0.10853E+01
   0.30113E+02    0.12863E+02    0.19751E+02    0.10853E+01
   0.30240E+02    0.12898E+02    0.19301E+02    0.11052E+01
   0.30240E+02    0.12898E+02    0.19301E+02    0.11052E+01
   0.30372E+02    0.12938E+02    0.18809E+02    0.11270E+01
   0.30372E+02    0.12938E+02    0.18809E+02    0.11270E+01
   0.30504E+02    0.12982E+02    0.18286E+02    0.11508E+01
   0.30504E+02    0.12982E+02    0.18286E+02    0.11508E+01
   0.30633E+02    0.13027E+02    0.17739E+02    0.11755E+01
   0.30633E+02    0.13027E+02    0.17739E+02    0.11755E+01
   0.30762E+02    0.13072E+02    0.17179E+02    0.12004E+01
   0.30762E+02    0.13072E+02    0.17179E+02    0.12004E+01
   0.30895E+02    0.13117E+02    0.16615E+02    0.12242E+01
   0.30895E+02    0.13117E+02    0.16615E+02    0.12242E+01
   0.31036E+02    0.13159E+02    0.16057E+02    0.12459E+01
   0.31036E+02    0.13159E+02    0.16057E+02    0.12459E+01
   0.31191E+02    0.13197E+02    0.15512E+02    0.12649E+01
   0.31191E+02    0.13197E+02    0.15512E+02    0.12649E+01
   0.31362E+02    0.13231E+02    0.14990E+02    0.12799E+01
   0.31362E+02    0.13231E+02    0.14990E+02    0.12799E+01
   0.31553E+02    0.13261E+02    0.14498E+02    0.12906E+01
   0.31553E+02    0.13261E+02    0.14498E+02    0.12906E+01
   0.31769E+02    0.13286E+02    0.14042E+02    0.12965E+01
   0.31769E+02    0.13286E+02    0.14042E+02    0.12965E+01
   0.32011E+02    0.13305E+02    0.13626E+02    0.12970E+01
   0.32011E+02    0.13305E+02    0.13626E+02    0.12970E+01
   0.32281E+02    0.13320E+02    0.13255E+02    0.12922E+01
   0.32281E+02    0.13320E+02    0.13255E+02    0.12922E+01
   0.32578E+02    0.13329E+02    0.12930E+02    0.12820E+01
   0.32578E+02    0.13329E+02    0.12930E+02    0.12820E+01
   0.32901E+02    0.13335E+02    0.12654E+02    0.12672E+01
   0.32901E+02    0.13335E+02    0.12654E+02    0.12672E+01
   0.33242E+02    0.13337E+02    0.12429E+02    0.12484E+01
   0.33242E+02    0.13337E+02    0.12429E+02    0.12484E+01
   0.33593E+02    0.13336E+02    0.12254E+02    0.12266E+01
   0.33593E+02    0.13336E+02    0.12254E+02    0.12266E+01
   0.33947E+02    0.13333E+02    0.12130E+02    0.12024E+01
   0.33947E+02    0.13333E+02    0.12130E+02    0.12024E+01
   0.34295E+02    0.13328E+02    0.12057E+02    0.11765E+01
   0.34295E+02    0.13328E+02    0.12057E+02    0.11765E+01
   0.34631E+02    0.13321E+02    0.12032E+02    0.11496E+01
   0.34631E+02    0.13321E+02    0.12032E+02    0.11496E+01
   0.34948E+02    0.13313E+02    0.12055E+02    0.11222E+01
   0.34948E+02    0.13313E+02    0.12055E+02    0.11222E+01
   0.35241E+02    0.13304E+02    0.12123E+02    0.10953E+01
   0.35241E+02    0.13304E+02    0.12123E+02    0.10953E+01
   0.35504E+02    0.13293E+02    0.12232E+02    0.10685E+01
   0.35504E+02    0.13293E+02    0.12232E+02    0.10685E+01
   0.35732E+02    0.13282E+02    0.12379E+02    0.10421E+01
   0.35732E+02    0.13282E+02    0.12379E+02    0.10421E+01
   0.35924E+02    0.13271E+02    0.12560E+02    0.10171E+01
   0.35924E+02    0.13271E+02    0.12560E+02    0.10171E+01
   0.36079E+02    0.13260E+02    0.12771E+02    0.99384E+00
   0.36079E+02    0.13260E+02    0.12771E+02    0.99384E+00
   0.36194E+02    0.13249E+02    0.13008E+02    0.97242E+00
   0.36194E+02    0.13249E+02    0.13008E+02    0.97242E+00
   0.36268E+02    0.13239E+02    0.13263E+02    0.95330E+00
   0.36268E+02    0.13239E+02    0.13263E+02    0.95330E+00
   0.36302E+02    0.13231E+02    0.13533E+02    0.93682E+00
   0.36302E+02    0.13231E+02    0.13533E+02    0.93682E+00
   0.36297E+02    0.13224E+02    0.13811E+02    0.92288E+00
   0.36297E+02    0.13224E+02    0.13811E+02    0.92288E+00
   0.36253E+02    0.13220E+02    0.14091E+02    0.91190E+00
   0.36253E+02    0.13220E+02    0.14091E+02    0.91190E+00
   0.36173E+02    0.13218E+02    0.14368E+02    0.90404E+00
   0.36173E+02    0.13218E+02    0.14368E+02    0.90404E+00
   0.36058E+02    0.13218E+02    0.14637E+02    0.89907E+00
   0.36058E+02    0.13218E+02    0.14637E+02    0.89907E+00
   0.35912E+02    0.13223E+02    0.14891E+02    0.89728E+00
   0.35912E+02    0.13223E+02    0.14891E+02    0.89728E+00
   0.35737E+02    0.13230E+02    0.15128E+02    0.89849E+00
   0.35737E+02    0.13230E+02    0.15128E+02    0.89849E+00
   0.35537E+02    0.13241E+02    0.15342E+02    0.90267E+00
   0.35537E+02    0.13241E+02    0.15342E+02    0.90267E+00
   0.35316E+02    0.13256E+02    0.15530E+02    0.90980E+00
   0.35316E+02    0.13256E+02    0.15530E+02    0.90980E+00
   0.35078E+02    0.13274E+02    0.15689E+02    0.91956E+00
   0.35078E+02    0.13274E+02    0.15689E+02    0.91956E+00
   0.34827E+02    0.13295E+02    0.15817E+02    0.93191E+00
   0.34827E+02    0.13295E+02    0.15817E+02    0.93191E+00
   0.34568E+02    0.13320E+02    0.15912E+02    0.94650E+00
   0.34568E+02    0.13320E+02    0.15912E+02    0.94650E+00
   0.34305E+02    0.13348E+02    0.15974E+02    0.96303E+00
   0.34305E+02    0.13348E+02    0.15974E+02    0.96303E+00
   0.34042E+02    0.13378E+02    0.16001E+02    0.98122E+00
   0.34042E+02    0.13378E+02    0.16001E+02    0.98122E+00
   0.33785E+02    0.13410E+02    0.15995E+02    0.10006E+01
   0.33785E+02    0.13410E+02    0.15995E+02    0.10006E+01
   0.33538E+02    0.13444E+02    0.15957E+02    0.10208E+01
   0.33538E+02    0.13444E+02    0.15957E+02    0.10208E+01
   0.33306E+02    0.13479E+02    0.15888E+02    0.10414E+01
   0.33306E+02    0.13479E+02    0.15888E+02    0.10414E+01
   0.33091E+02    0.13515E+02    0.15791E+02    0.10618E+01
   0.33091E+02    0.13515E+02    0.15791E+02    0.10618E+01
   0.32899E+02    0.13551E+02    0.15668E+02    0.10817E+01
   0.32899E+02    0.13551E+02    0.15668E+02    0.10817E+01
   0.32732E+02    0.13587E+02    0.15524E+02    0.11005E+01
   0.32732E+02    0.13587E+02    0.15524E+02    0.11005E+01
   0.32593E+02    0.13621E+02    0.15361E+02    0.11178E+01
   0.32593E+02    0.13621E+02    0.15361E+02    0.11178E+01
   0.32485E+02    0.13655E+02    0.15183E+02    0.11334E+01
   0.32485E+02    0.13655E+02    0.15183E+02    0.11334E+01
   0.32409E+02    0.13687E+02    0.14994E+02    0.11467E+01
   0.32409E+02    0.13687E+02    0.14994E+02    0.11467E+01
   0.32365E+02    0.13718E+02    0.14799E+02    0.11576E+01
   0.32365E+02    0.13718E+02    0.14799E+02    0.11576E+01
   0.32354E+02    0.13747E+02    0.14601E+02    0.11659E+01
   0.32354E+02    0.13747E+02    0.14601E+02    0.11659E+01
   0.32374E+02    0.13774E+02    0.14405E+02    0.11713E+01
   0.32374E+02    0.13774E+02    0.14405E+02    0.11713E+01
   0.32425E+02    0.13799E+02    0.14214E+02    0.11740E+01
   0.32425E+02    0.13799E+02    0.14214E+02    0.11740E+01
   0.32505E+02    0.13821E+02    0.14033E+02    0.11739E+01
   0.32505E+02    0.13821E+02    0.14033E+02    0.11739E+01
   0.32610E+02    0.13841E+02    0.13863E+02    0.11711E+01
   0.32610E+02    0.13841E+02    0.13863E+02    0.11711E+01
   0.32739E+02    0.13859E+02    0.13709E+02    0.11659E+01
   0.32739E+02    0.13859E+02    0.13709E+02    0.11659E+01
   0.32886E+02    0.13875E+02    0.13573E+02    0.11582E+01
   0.32886E+02    0.13875E+02    0.13573E+02    0.11582E+01
   0.33050E+02    0.13888E+02    0.13456E+02    0.11485E+01
   0.33050E+02    0.13888E+02    0.13456E+02    0.11485E+01
   0.33225E+02    0.13900E+02    0.13361E+02    0.11370E+01
   0.33225E+02    0.13900E+02    0.13361E+02    0.11370E+01
   0.33407E+02    0.13909E+02    0.13289E+02    0.11240E+01
   0.33407E+02    0.13909E+02    0.13289E+02    0.11240E+01
   0.33593E+02    0.13917E+02    0.13240E+02    0.11100E+01
   0.33593E+02    0.13917E+02    0.13240E+02    0.11100E+01
   0.33779E+02    0.13922E+02    0.13214E+02    0.10950E+01
   0.33779E+02    0.13922E+02    0.13214E+02    0.10950E+01
   0.33960E+02    0.13926E+02    0.13211E+02    0.10795E+01
   0.33960E+02    0.13926E+02    0.13211E+02    0.10795E+01
   0.34134E+02    0.13928E+02    0.13230E+02    0.10639E+01
   0.34134E+02    0.13928E+02    0.13230E+02    0.10639E+01
   0.34297E+02    0.13929E+02    0.13270E+02    0.10483E+01
   0.34297E+02    0.13929E+02    0.13270E+02    0.10483E+01
   0.34446E+02    0.13929E+02    0.13330E+02    0.10330E+01
   0.34446E+02    0.13929E+02    0.13330E+02    0.10330E+01
   0.34580E+02    0.13928E+02    0.13407E+02    0.10185E+01
   0.34580E+02    0.13928E+02    0.13407E+02    0.10185E+01
   0.34694E+02    0.13926E+02    0.13499E+02    0.10048E+01
   0.34694E+02    0.13926E+02    0.13499E+02    0.10048E+01
   0.34790E+02    0.13924E+02    0.13605E+02    0.99213E+00
   0.34790E+02    0.13924E+02    0.13605E+02    0.99213E+00
   0.34864E+02    0.13922E+02    0.13720E+02    0.98079E+00
   0.34864E+02    0.13922E+02    0.13720E+02    0.98079E+00
   0.34917E+02    0.13919E+02    0.13843E+02    0.97080E+00
   0.34917E+02    0.13919E+02    0.13843E+02    0.97080E+00
   0.34948E+02    0.13917E+02    0.13971E+02    0.96244E+00
   0.34948E+02    0.13917E+02    0.13971E+02    0.96244E+00
   0.34958E+02    0.13916E+02    0.14100E+02    0.95567E+00
   0.34958E+02    0.13916E+02    0.14100E+02    0.95567E+00
   0.34946E+02    0.13915E+02    0.14228E+02    0.95061E+00
   0.34946E+02    0.13915E+02    0.14228E+02    0.95061E+00
   0.34915E+02    0.13915E+02    0.14352E+02    0.94736E+00
   0.34915E+02    0.13915E+02    0.14352E+02    0.94736E+00
   0.34864E+02    0.13916E+02    0.14470E+02    0.94578E+00
   0.34864E+02    0.13916E+02    0.14470E+02    0.94578E+00
   0.34797E+02    0.13918E+02    0.14580E+02    0.94604E+00
   0.34797E+02    0.13918E+02    0.14580E+02    0.94604E+00
   0.34714E+02    0.13921E+02    0.14678E+02    0.94795E+00
   0.34714E+02    0.13921E+02    0.14678E+02    0.94795E+00
   0.34618E+02    0.13926E+02    0.14765E+02    0.95146E+00
   0.34618E+02    0.13926E+02    0.14765E+02    0.95146E+00
   0.34510E+02    0.13932E+02    0.14837E+02    0.95655E+00
   0.34510E+02    0.13932E+02    0.14837E+02    0.95655E+00
   0.34394E+02    0.13939E+02    0.14894E+02    0.96297E+00
   0.34394E+02    0.13939E+02    0.14894E+02    0.96297E+00
   0.34271E+02    0.13947E+02    0.14935E+02    0.97067E+00
   0.34271E+02    0.13947E+02    0.14935E+02    0.97067E+00
   0.34145E+02    0.13956E+02    0.14960E+02    0.97942E+00
   0.34145E+02    0.13956E+02    0.14960E+02    0.97942E+00
   0.34017E+02    0.13966E+02    0.14968E+02    0.98903E+00
   0.34017E+02    0.13966E+02    0.14968E+02    0.98903E+00
   0.33891E+02    0.13977E+02    0.14960E+02    0.99931E+00
   0.33891E+02    0.13977E+02    0.14960E+02    0.99931E+00
   0.33768E+02    0.13988E+02    0.14936E+02    0.10100E+01
   0.33768E+02    0.13988E+02    0.14936E+02    0.10100E+01
   0.33652E+02    0.13998E+02    0.14897E+02    0.10209E+01
   0.33652E+02    0.13998E+02    0.14897E+02    0.10209E+01
   0.33543E+02    0.14009E+02    0.14844E+02    0.10318E+01
   0.33543E+02    0.14009E+02    0.14844E+02    0.10318E+01
   0.33446E+02    0.14020E+02    0.14779E+02    0.10424E+01
   0.33446E+02    0.14020E+02    0.14779E+02    0.10424E+01
   0.33360E+02    0.14030E+02    0.14704E+02    0.10526E+01
   0.33360E+02    0.14030E+02    0.14704E+02    0.10526E+01
   0.33287E+02    0.14039E+02    0.14619E+02    0.10621E+01
   0.33287E+02    0.14039E+02    0.14619E+02    0.10621E+01
   0.33229E+02    0.14048E+02    0.14527E+02    0.10707E+01
   0.33229E+02    0.14048E+02    0.14527E+02    0.10707E+01
   0.33187E+02    0.14056E+02    0.14429E+02    0.10783E+01
   0.33187E+02    0.14056E+02    0.14429E+02    0.10783E+01
   0.33160E+02    0.14062E+02    0.14329E+02    0.10848E+01
   0.33160E+02    0.14062E+02    0.14329E+02    0.10848E+01
   0.33149E+02    0.14067E+02    0.14227E+02    0.10900E+01
   0.33149E+02    0.14067E+02    0.14227E+02    0.10900E+01
   0.33154E+02    0.14071E+02    0.14126E+02    0.10940E+01
   0.33154E+02    0.14071E+02    0.14126E+02    0.10940E+01
   0.33174E+02    0.14073E+02    0.14028E+02    0.10966E+01
   0.33174E+02    0.14073E+02    0.14028E+02    0.10966E+01
   0.33208E+02    0.14075E+02    0.13934E+02    0.10979E+01
   0.33208E+02    0.14075E+02    0.13934E+02    0.10979E+01
   0.33255E+02    0.14074E+02    0.13845E+02    0.10979E+01
   0.33255E+02    0.14074E+02    0.13845E+02    0.10979E+01
   0.33314E+02    0.14073E+02    0.13764E+02    0.10966E+01
   0.33314E+02    0.14073E+02    0.13764E+02    0.10966E+01
   0.33383E+02    0.14070E+02    0.13692E+02    0.10943E+01
   0.33383E+02    0.14070E+02    0.13692E+02    0.10943E+01
   0.33460E+02    0.14066E+02    0.13628E+02    0.10908E+01
   0.33460E+02    0.14066E+02    0.13628E+02    0.10908E+01
   0.33543E+02    0.14061E+02    0.13575E+02    0.10865E+01
   0.33543E+02    0.14061E+02    0.13575E+02    0.10865E+01
   0.33631E+02    0.14054E+02    0.13533E+02    0.10814E+01
   0.33631E+02    0.14054E+02    0.13533E+02    0.10814E+01
   0.33722E+02    0.14047E+02    0.13501E+02    0.10756E+01
   0.33722E+02    0.14047E+02    0.13501E+02    0.10756E+01
   0.33813E+02    0.14039E+02    0.13480E+02    0.10695E+01
   0.33813E+02    0.14039E+02    0.13480E+02    0.10695E+01
   0.33903E+02    0.14030E+02    0.13471E+02    0.10629E+01
   0.33903E+02    0.14030E+02    0.13471E+02    0.10629E+01
   0.33989E+02    0.14020E+02    0.13471E+02    0.10562E+01
   0.33989E+02    0.14020E+02    0.13471E+02    0.10562E+01
   0.34072E+02    0.14010E+02    0.13482E+02    0.10496E+01
   0.34072E+02    0.14010E+02    0.13482E+02    0.10496E+01
   0.34148E+02    0.13999E+02    0.13501E+02    0.10430E+01
   0.34148E+02    0.13999E+02    0.13501E+02    0.10430E+01
   0.34217E+02    0.13989E+02    0.13529E+02    0.10367E+01
   0.34217E+02    0.13989E+02    0.13529E+02    0.10367E+01
   0.34278E+02    0.13978E+02    0.13564E+02    0.10308E+01
   0.34278E+02    0.13978E+02    0.13564E+02    0.10308E+01
   0.34329E+02    0.13967E+02    0.13605E+02    0.10254E+01
   0.34329E+02    0.13967E+02    0.13605E+02    0.10254E+01
   0.34371E+02    0.13956E+02    0.13651E+02    0.10205E+01
   0.34371E+02    0.13956E+02    0.13651E+02    0.10205E+01
   0.34402E+02    0.13945E+02    0.13700E+02    0.10164E+01
   0.34402E+02    0.13945E+02    0.13700E+02    0.10164E+01
   0.34423E+02    0.13935E+02    0.13752E+02    0.10129E+01
   0.34423E+02    0.13935E+02    0.13752E+02    0.10129E+01
   0.34434E+02    0.13925E+02    0.13804E+02    0.10103E+01
   0.34434E+02    0.13925E+02    0.13804E+02    0.10103E+01
   0.34434E+02    0.13916E+02    0.13856E+02    0.10085E+01
   0.34434E+02    0.13916E+02    0.13856E+02    0.10085E+01
   0.34425E+02    0.13907E+02    0.13907E+02    0.10075E+01
   0.34425E+02    0.13907E+02    0.13907E+02    0.10075E+01
   0.34406E+02    0.13899E+02    0.13955E+02    0.10074E+01
   0.34406E+02    0.13899E+02    0.13955E+02    0.10074E+01
   0.34379E+02    0.13892E+02    0.13999E+02    0.10081E+01
   0.34379E+02    0.13892E+02    0.13999E+02    0.10081E+01
   0.34345E+02    0.13885E+02    0.14039E+02    0.10096E+01
   0.34345E+02    0.13885E+02    0.14039E+02    0.10096E+01
   0.34304E+02    0.13880E+02    0.14073E+02    0.10118E+01
   0.34304E+02    0.13880E+02    0.14073E+02    0.10118E+01
   0.34257E+02    0.13874E+02    0.14101E+02    0.10147E+01
   0.34257E+02    0.13874E+02    0.14101E+02    0.10147E+01
   0.34206E+02    0.13870E+02    0.14123E+02    0.10183E+01
   0.34206E+02    0.13870E+02    0.14123E+02    0.10183E+01
   0.34152E+02    0.13866E+02    0.14137E+02    0.10223E+01
   0.34152E+02    0.13866E+02    0.14137E+02    0.10223E+01
   0.34096E+02    0.13863E+02    0.14145E+02    0.10268E+01
   0.34096E+02    0.13863E+02    0.14145E+02    0.10268E+01
   0.34040E+02    0.13860E+02    0.14146E+02    0.10317E+01
   0.34040E+02    0.13860E+02    0.14146E+02    0.10317E+01
   0.33984E+02    0.13858E+02    0.14140E+02    0.10367E+01
   0.33984E+02    0.13858E+02    0.14140E+02    0.10367E+01
   0.33930E+02    0.13856E+02    0.14127E+02    0.10420E+01
   0.33930E+02    0.13856E+02    0.14127E+02    0.10420E+01
   0.33878E+02    0.13854E+02    0.14108E+02    0.10472E+01
   0.33878E+02    0.13854E+02    0.14108E+02    0.10472E+01
   0.33830E+02    0.13853E+02    0.14083E+02    0.10524E+01
   0.33830E+02    0.13853E+02    0.14083E+02    0.10524E+01
   0.33787E+02    0.13852E+02    0.14053E+02    0.10574E+01
   0.33787E+02    0.13852E+02    0.14053E+02    0.10574E+01
   0.33749E+02    0.13850E+02    0.14019E+02    0.10622E+01
   0.33749E+02    0.13850E+02    0.14019E+02    0.10622E+01
   0.33718E+02    0.13849E+02    0.13981E+02    0.10666E+01
   0.33718E+02    0.13849E+02    0.13981E+02    0.10666E+01
   0.33693E+02    0.13848E+02    0.13940E+02    0.10705E+01
   0.33693E+02    0.13848E+02    0.13940E+02    0.10705E+01
   0.33674E+02    0.13846E+02    0.13898E+02    0.10740E+01
   0.33674E+02    0.13846E+02    0.13898E+02    0.10740E+01
   0.33663E+02    0.13844E+02    0.13854E+02    0.10769E+01
   0.33663E+02    0.13844E+02    0.13854E+02    0.10769E+01
   0.33659E+02    0.13842E+02    0.13811E+02    0.10793E+01
   0.33659E+02    0.13842E+02    0.13811E+02    0.10793E+01
   0.33661E+02    0.13840E+02    0.13768E+02    0.10810E+01
   0.33661E+02    0.13840E+02    0.13768E+02    0.10810E+01
   0.33670E+02    0.13837E+02    0.13726E+02    0.10821E+01
   0.33670E+02    0.13837E+02    0.13726E+02    0.10821E+01
   0.33686E+02    0.13834E+02    0.13687E+02    0.10826E+01
   0.33686E+02    0.13834E+02    0.13687E+02    0.10826E+01
   0.33707E+02    0.13831E+02    0.13651E+02    0.10825E+01
   0.33707E+02    0.13831E+02    0.13651E+02    0.10825E+01
   0.33733E+02    0.13827E+02    0.13618E+02    0.10818E+01
   0.33733E+02    0.13827E+02    0.13618E+02    0.10818E+01
   0.33763E+02    0.13823E+02    0.13589E+02    0.10806E+01
   0.33763E+02    0.13823E+02    0.13589E+02    0.10806E+01
   0.33797E+02    0.13819E+02    0.13565E+02    0.10790E+01
   0.33797E+02    0.13819E+02    0.13565E+02    0.10790E+01
   0.33834E+02    0.13814E+02    0.13545E+02    0.10769E+01
   0.33834E+02    0.13814E+02    0.13545E+02    0.10769E+01
   0.33872E+02    0.13809E+02    0.13531E+02    0.10744E+01
   0.33872E+02    0.13809E+02    0.13531E+02    0.10744E+01
   0.33912E+02    0.13805E+02    0.13521E+02    0.10716E+01
   0.33912E+02    0.13805E+02    0.13521E+02    0.10716E+01
   0.33951E+02    0.13800E+02    0.13516E+02    0.10686E+01
   0.33951E+02    0.13800E+02    0.13516E+02    0.10686E+01
   0.33990E+02    0.13795E+02    0.13516E+02    0.10655E+01
   0.33990E+02    0.13795E+02    0.13516E+02    0.10655E+01
   0.34028E+02    0.13789E+02    0.13521E+02    0.10623E+01
   0.34028E+02    0.13789E+02    0.13521E+02    0.10623E+01
   0.34063E+02    0.13784E+02    0.13530E+02    0.10590E+01
   0.34063E+02    0.13784E+02    0.13530E+02    0.10590E+01
   0.34096E+02    0.13779E+02    0.13543E+02    0.10558E+01
   0.34096E+02    0.13779E+02    0.13543E+02    0.10558E+01
   0.34125E+02    0.13775E+02    0.13560E+02    0.10528E+01
   0.34125E+02    0.13775E+02    0.13560E+02    0.10528E+01
   0.34150E+02    0.13770E+02    0.13580E+02    0.10499E+01
   0.34150E+02    0.13770E+02    0.13580E+02    0.10499E+01
   0.34172E+02    0.13765E+02    0.13602E+02    0.10472E+01
   0.34172E+02    0.13765E+02    0.13602E+02    0.10472E+01
   0.34188E+02    0.13761E+02    0.13627E+02    0.10449E+01
   0.34188E+02    0.13761E+02    0.13627E+02    0.10449E+01
   0.34200E+02    0.13757E+02    0.13652E+02    0.10428E+01
   0.34200E+02    0.13757E+02    0.13652E+02    0.10428E+01
   0.34208E+02    0.13754E+02    0.13679E+02    0.10411E+01
   0.34208E+02    0.13754E+02    0.13679E+02    0.10411E+01
   0.34210E+02    0.13751E+02    0.13705E+02    0.10397E+01
   0.34210E+02    0.13751E+02    0.13705E+02    0.10397E+01
   0.34208E+02    0.13748E+02    0.13731E+02    0.10388E+01
   0.34208E+02    0.13748E+02    0.13731E+02    0.10388E+01
   0.34202E+02    0.13746E+02    0.13757E+02    0.10382E+01
   0.34202E+02    0.13746E+02    0.13757E+02    0.10382E+01
   0.34192E+02    0.13744E+02    0.13780E+02    0.10380E+01
   0.34192E+02    0.13744E+02    0.13780E+02    0.10380E+01
   0.34177E+02    0.13743E+02    0.13802E+02    0.10382E+01
   0.34177E+02    0.13743E+02    0.13802E+02    0.10382E+01
   0.34160E+02    0.13742E+02    0.13821E+02    0.10388E+01
   0.34160E+02    0.13742E+02    0.13821E+02    0.10388E+01
   0.34139E+02    0.13742E+02    0.13838E+02    0.10397E+01
   0.34139E+02    0.13742E+02    0.13838E+02    0.10397E+01
   0.34116E+02    0.13742E+02    0.13851E+02    0.10409E+01
   0.34116E+02    0.13742E+02    0.13851E+02    0.10409E+01
   0.34091E+02    0.13742E+02    0.13862E+02    0.10424E+01
   0.34091E+02    0.13742E+02    0.13862E+02    0.10424E+01
   0.34065E+02    0.13743E+02    0.13869E+02    0.10441E+01
   0.34065E+02    0.13743E+02    0.13869E+02    0.10441E+01
   0.34039E+02    0.13744E+02    0.13872E+02    0.10461E+01
   0.34039E+02    0.13744E+02    0.13872E+02    0.10461E+01
   0.34012E+02    0.13746E+02    0.13873E+02    0.10482E+01
   0.34012E+02    0.13746E+02    0.13873E+02    0.10482E+01
   0.33985E+02    0.13748E+02    0.13869E+02    0.10504E+01
   0.33985E+02    0.13748E+02    0.13869E+02    0.10504E+01
   0.33981E+02    0.13753E+02    0.13843E+02    0.10526E+01
   0.33981E+02    0.13753E+02    0.13843E+02    0.10526E+01
   0.34164E+02    0.13781E+02    0.13630E+02    0.10553E+01
   0.34164E+02    0.13781E+02    0.13630E+02    0.10553E+01
   0.34626E+02    0.13841E+02    0.13124E+02    0.10571E+01
   0.34626E+02    0.13841E+02    0.13124E+02    0.10571E+01
   0.35208E+02    0.13909E+02    0.12463E+02    0.10561E+01
   0.35208E+02    0.13909E+02    0.12463E+02    0.10561E+01
   0.35772E+02    0.13978E+02    0.11796E+02    0.10568E+01
   0.35772E+02    0.13978E+02    0.11796E+02    0.10568E+01
   0.36288E+02    0.14049E+02    0.11160E+02    0.10635E+01
   0.36288E+02    0.14049E+02    0.11160E+02    0.10635E+01
   0.36737E+02    0.14119E+02    0.10568E+02    0.10740E+01
   0.36737E+02    0.14119E+02    0.10568E+02    0.10740E+01
   0.37114E+02    0.14184E+02    0.10024E+02    0.10854E+01
   0.37114E+02    0.14184E+02    0.10024E+02    0.10854E+01
   0.37427E+02    0.14245E+02    0.95347E+01    0.10966E+01
   0.37427E+02    0.14245E+02    0.95347E+01    0.10966E+01
   0.37684E+02    0.14300E+02    0.91073E+01    0.11065E+01
   0.37684E+02    0.14300E+02    0.91073E+01    0.11065E+01
   0.37889E+02    0.14350E+02    0.87459E+01    0.11140E+01
   0.37889E+02    0.14350E+02    0.87459E+01    0.11140E+01
   0.38049E+02    0.14393E+02    0.84525E+01    0.11186E+01
   0.38049E+02    0.14393E+02    0.84525E+01    0.11186E+01
   0.38170E+02    0.14432E+02    0.82281E+01    0.11202E+01
   0.38170E+02    0.14432E+02    0.82281E+01    0.11202E+01
   0.38257E+02    0.14466E+02    0.80724E+01    0.11187E+01
   0.38257E+02    0.14466E+02    0.80724E+01    0.11187E+01
   0.38312E+02    0.14496E+02    0.79839E+01    0.11140E+01
   0.38312E+02    0.14496E+02    0.79839E+01    0.11140E+01
   0.38339E+02    0.14522E+02    0.79608E+01    0.11063E+01
   0.38339E+02    0.14522E+02    0.79608E+01    0.11063E+01
   0.38341E+02    0.14545E+02    0.80007E+01    0.10959E+01
   0.38341E+02    0.14545E+02    0.80007E+01    0.10959E+01
   0.38318E+02    0.14565E+02    0.81006E+01    0.10831E+01
   0.38318E+02    0.14565E+02    0.81006E+01    0.10831E+01
   0.38273E+02    0.14581E+02    0.82571E+01    0.10684E+01
   0.38273E+02    0.14581E+02    0.82571E+01    0.10684E+01
   0.38206E+02    0.14595E+02    0.84666E+01    0.10522E+01
   0.38206E+02    0.14595E+02    0.84666E+01    0.10522E+01
   0.38117E+02    0.14606E+02    0.87249E+01    0.10352E+01
   0.38117E+02    0.14606E+02    0.87249E+01    0.10352E+01
   0.38007E+02    0.14613E+02    0.90278E+01    0.10176E+01
   0.38007E+02    0.14613E+02    0.90278E+01    0.10176E+01
   0.37875E+02    0.14618E+02    0.93705E+01    0.99996E+00
   0.37875E+02    0.14618E+02    0.93705E+01    0.99996E+00
   0.37724E+02    0.14619E+02    0.97483E+01    0.98266E+00
   0.37724E+02    0.14619E+02    0.97483E+01    0.98266E+00
   0.37553E+02    0.14617E+02    0.10156E+02    0.96596E+00
   0.37553E+02    0.14617E+02    0.10156E+02    0.96596E+00
   0.37362E+02    0.14612E+02    0.10588E+02    0.95020E+00
   0.37362E+02    0.14612E+02    0.10588E+02    0.95020E+00
   0.37154E+02    0.14605E+02    0.11039E+02    0.93569E+00
   0.37154E+02    0.14605E+02    0.11039E+02    0.93569E+00
   0.36928E+02    0.14594E+02    0.11503E+02    0.92252E+00
   0.36928E+02    0.14594E+02    0.11503E+02    0.92252E+00
   0.36686E+02    0.14582E+02    0.11974E+02    0.91108E+00
   0.36686E+02    0.14582E+02    0.11974E+02    0.91108E+00
   0.36430E+02    0.14567E+02    0.12447E+02    0.90138E+00
   0.36430E+02    0.14567E+02    0.12447E+02    0.90138E+00
   0.36161E+02    0.14551E+02    0.12916E+02    0.89353E+00
   0.36161E+02    0.14551E+02    0.12916E+02    0.89353E+00
   0.35883E+02    0.14534E+02    0.13375E+02    0.88775E+00
   0.35883E+02    0.14534E+02    0.13375E+02    0.88775E+00
   0.35594E+02    0.14517E+02    0.13819E+02    0.88399E+00
   0.35594E+02    0.14517E+02    0.13819E+02    0.88399E+00
   0.35299E+02    0.14500E+02    0.14244E+02    0.88251E+00
   0.35299E+02    0.14500E+02    0.14244E+02    0.88251E+00
   0.34998E+02    0.14484E+02    0.14646E+02    0.88314E+00
   0.34998E+02    0.14484E+02    0.14646E+02    0.88314E+00
   0.34694E+02    0.14469E+02    0.15019E+02    0.88591E+00
   0.34694E+02    0.14469E+02    0.15019E+02    0.88591E+00
   0.34389E+02    0.14455E+02    0.15362E+02    0.89083E+00
   0.34389E+02    0.14455E+02    0.15362E+02    0.89083E+00
   0.34085E+02    0.14442E+02    0.15671E+02    0.89767E+00
   0.34085E+02    0.14442E+02    0.15671E+02    0.89767E+00
   0.33786E+02    0.14432E+02    0.15945E+02    0.90644E+00
   0.33786E+02    0.14432E+02    0.15945E+02    0.90644E+00
   0.33493E+02    0.14423E+02    0.16181E+02    0.91689E+00
   0.33493E+02    0.14423E+02    0.16181E+02    0.91689E+00
   0.33209E+02    0.14417E+02    0.16378E+02    0.92885E+00
   0.33209E+02    0.14417E+02    0.16378E+02    0.92885E+00
   0.32938E+02    0.14412E+02    0.16536E+02    0.94212E+00
   0.32938E+02    0.14412E+02    0.16536E+02    0.94212E+00
   0.32681E+02    0.14408E+02    0.16656E+02    0.95644E+00
   0.32681E+02    0.14408E+02    0.16656E+02    0.95644E+00
   0.32441E+02    0.14407E+02    0.16737E+02    0.97149E+00
   0.32441E+02    0.14407E+02    0.16737E+02    0.97149E+00
   0.32222E+02    0.14406E+02    0.16780E+02    0.98705E+00
   0.32222E+02    0.14406E+02    0.16780E+02    0.98705E+00
   0.32025E+02    0.14407E+02    0.16788E+02    0.10028E+01
   0.32025E+02    0.14407E+02    0.16788E+02    0.10028E+01
   0.31852E+02    0.14408E+02    0.16762E+02    0.10183E+01
   0.31852E+02    0.14408E+02    0.16762E+02    0.10183E+01
   0.31706E+02    0.14410E+02    0.16705E+02    0.10335E+01
   0.31706E+02    0.14410E+02    0.16705E+02    0.10335E+01
   0.31588E+02    0.14412E+02    0.16618E+02    0.10478E+01
   0.31588E+02    0.14412E+02    0.16618E+02    0.10478E+01
   0.31500E+02    0.14414E+02    0.16506E+02    0.10613E+01
   0.31500E+02    0.14414E+02    0.16506E+02    0.10613E+01
   0.31442E+02    0.14415E+02    0.16371E+02    0.10735E+01
   0.31442E+02    0.14415E+02    0.16371E+02    0.10735E+01
   0.31415E+02    0.14416E+02    0.16216E+02    0.10842E+01
   0.31415E+02    0.14416E+02    0.16216E+02    0.10842E+01
   0.31419E+02    0.14417E+02    0.16046E+02    0.10935E+01
   0.31419E+02    0.14417E+02    0.16046E+02    0.10935E+01
   0.31452E+02    0.14415E+02    0.15862E+02    0.11010E+01
   0.31452E+02    0.14415E+02    0.15862E+02    0.11010E+01
   0.31514E+02    0.14413E+02    0.15670E+02    0.11068E+01
   0.31514E+02    0.14413E+02    0.15670E+02    0.11068E+01
   0.31604E+02    0.14410E+02    0.15473E+02    0.11109E+01
   0.31604E+02    0.14410E+02    0.15473E+02    0.11109E+01
   0.31719E+02    0.14405E+02    0.15272E+02    0.11131E+01
   0.31719E+02    0.14405E+02    0.15272E+02    0.11131E+01
   0.31857E+02    0.14399E+02    0.15073E+02    0.11138E+01
   0.31857E+02    0.14399E+02    0.15073E+02    0.11138E+01
   0.32015E+02    0.14390E+02    0.14877E+02    0.11128E+01
   0.32015E+02    0.14390E+02    0.14877E+02    0.11128E+01
   0.32191E+02    0.14381E+02    0.14688E+02    0.11104E+01
   0.32191E+02    0.14381E+02    0.14688E+02    0.11104E+01
   0.32381E+02    0.14369E+02    0.14507E+02    0.11067E+01
   0.32381E+02    0.14369E+02    0.14507E+02    0.11067E+01
   0.32581E+02    0.14356E+02    0.14337E+02    0.11018E+01
   0.32581E+02    0.14356E+02    0.14337E+02    0.11018E+01
   0.32789E+02    0.14341E+02    0.14180E+02    0.10960E+01
   0.32789E+02    0.14341E+02    0.14180E+02    0.10960E+01
   0.33000E+02    0.14325E+02    0.14036E+02    0.10893E+01
   0.33000E+02    0.14325E+02    0.14036E+02    0.10893E+01
   0.33213E+02    0.14307E+02    0.13908E+02    0.10820E+01
   0.33213E+02    0.14307E+02    0.13908E+02    0.10820E+01
   0.33422E+02    0.14288E+02    0.13796E+02    0.10743E+01
   0.33422E+02    0.14288E+02    0.13796E+02    0.10743E+01
   0.33627E+02    0.14267E+02    0.13701E+02    0.10663E+01
   0.33627E+02    0.14267E+02    0.13701E+02    0.10663E+01
   0.33823E+02    0.14246E+02    0.13622E+02    0.10582E+01
   0.33823E+02    0.14246E+02    0.13622E+02    0.10582E+01
   0.34008E+02    0.14223E+02    0.13559E+02    0.10502E+01
   0.34008E+02    0.14223E+02    0.13559E+02    0.10502E+01
   0.34180E+02    0.14200E+02    0.13513E+02    0.10424E+01
   0.34180E+02    0.14200E+02    0.13513E+02    0.10424E+01
   0.34338E+02    0.14176E+02    0.13482E+02    0.10349E+01
   0.34338E+02    0.14176E+02    0.13482E+02    0.10349E+01
   0.34479E+02    0.14152E+02    0.13466E+02    0.10280E+01
   0.34479E+02    0.14152E+02    0.13466E+02    0.10280E+01
   0.34602E+02    0.14127E+02    0.13463E+02    0.10216E+01
   0.34602E+02    0.14127E+02    0.13463E+02    0.10216E+01
   0.34708E+02    0.14103E+02    0.13473E+02    0.10160E+01
   0.34708E+02    0.14103E+02    0.13473E+02    0.10160E+01
   0.34794E+02    0.14078E+02    0.13495E+02    0.10111E+01
   0.34794E+02    0.14078E+02    0.13495E+02    0.10111E+01
   0.34862E+02    0.14054E+02    0.13525E+02    0.10070E+01
   0.34862E+02    0.14054E+02    0.13525E+02    0.10070E+01
   0.34910E+02    0.14030E+02    0.13565E+02    0.10039E+01
   0.34910E+02    0.14030E+02    0.13565E+02    0.10039E+01
   0.34940E+02    0.14007E+02    0.13611E+02    0.10015E+01
   0.34940E+02    0.14007E+02    0.13611E+02    0.10015E+01
