   0.17866E-01    0.83570E+00    0.98577E-01    0.53724E+02
   0.17866E-01    0.83570E+00    0.98577E-01    0.53724E+02
   0.17866E-01    0.83570E+00    0.98577E-01    0.53724E+02
   0.17866E-01    0.83570E+00    0.98577E-01    0.53724E+02
   0.17866E-01    0.83570E+00    0.98577E-01    0.53724E+02
  -0.42134E-01    0.77570E+00    0.38577E-01    0.50724E+02
  -0.42134E-01    0.77570E+00    0.38577E-01    0.50724E+02
  -0.42134E-01    0.77570E+00    0.38577E-01    0.50724E+02
  -0.42134E-01    0.77570E+00    0.38577E-01    0.50724E+02
  -0.42134E-01    0.77570E+00    0.38577E-01    0.50724E+02
  -0.41057E-01    0.84488E+00    0.45659E-01    0.50876E+02
  -0.41057E-01    0.84488E+00    0.45659E-01    0.50876E+02
  -0.41057E-01    0.84488E+00    0.45659E-01    0.50876E+02
  -0.41057E-01    0.84488E+00    0.45659E-01    0.50876E+02
  -0.41057E-01    0.84488E+00    0.45659E-01    0.50876E+02
  -0.44448E-01    0.71415E+00    0.34455E-01    0.50466E+02
  -0.44448E-01    0.71415E+00    0.34455E-01    0.50466E+02
  -0.44448E-01    0.71415E+00    0.34455E-01    0.50466E+02
  -0.44448E-01    0.71415E+00    0.34455E-01    0.50466E+02
  -0.44448E-01    0.71415E+00    0.34455E-01    0.50466E+02
  -0.44417E-01    0.70767E+00    0.37543E-01    0.50340E+02
  -0.44417E-01    0.70767E+00    0.37543E-01    0.50340E+02
  -0.44417E-01    0.70767E+00    0.37543E-01    0.50340E+02
  -0.44417E-01    0.70767E+00    0.37543E-01    0.50340E+02
  -0.44417E-01    0.70767E+00    0.37543E-01    0.50340E+02
  -0.43541E-01    0.73323E+00    0.42289E-01    0.50399E+02
  -0.43541E-01    0.73323E+00    0.42289E-01    0.50399E+02
  -0.43541E-01    0.73323E+00    0.42289E-01    0.50399E+02
  -0.43541E-01    0.73323E+00    0.42289E-01    0.50399E+02
  -0.43541E-01    0.73323E+00    0.42289E-01    0.50399E+02
  -0.41635E-01    0.79695E+00    0.48498E-01    0.50577E+02
  -0.41635E-01    0.79695E+00    0.48498E-01    0.50577E+02
  -0.41635E-01    0.79695E+00    0.48498E-01    0.50577E+02
  -0.41635E-01    0.79695E+00    0.48498E-01    0.50577E+02
  -0.41635E-01    0.79695E+00    0.48498E-01    0.50577E+02
  -0.38509E-01    0.90100E+00    0.55722E-01    0.50841E+02
  -0.38509E-01    0.90100E+00    0.55722E-01    0.50841E+02
  -0.38509E-01    0.90100E+00    0.55722E-01    0.50841E+02
  -0.38509E-01    0.90100E+00    0.55722E-01    0.50841E+02
  -0.38509E-01    0.90100E+00    0.55722E-01    0.50841E+02
  -0.34458E-01    0.10298E+01    0.61920E-01    0.51168E+02
  -0.34458E-01    0.10298E+01    0.61920E-01    0.51168E+02
  -0.34458E-01    0.10298E+01    0.61920E-01    0.51168E+02
  -0.34458E-01    0.10298E+01    0.61920E-01    0.51168E+02
  -0.34458E-01    0.10298E+01    0.61920E-01    0.51168E+02
  -0.30079E-01    0.11598E+01    0.65399E-01    0.51542E+02
  -0.30079E-01    0.11598E+01    0.65399E-01    0.51542E+02
  -0.30079E-01    0.11598E+01    0.65399E-01    0.51542E+02
  -0.30079E-01    0.11598E+01    0.65399E-01    0.51542E+02
  -0.30079E-01    0.11598E+01    0.65399E-01    0.51542E+02
  -0.26373E-01    0.12619E+01    0.65179E-01    0.51956E+02
  -0.26373E-01    0.12619E+01    0.65179E-01    0.51956E+02
  -0.26373E-01    0.12619E+01    0.65179E-01    0.51956E+02
  -0.26373E-01    0.12619E+01    0.65179E-01    0.51956E+02
  -0.26373E-01    0.12619E+01    0.65179E-01    0.51956E+02
  -0.24360E-01    0.13135E+01    0.61497E-01    0.52390E+02
  -0.24360E-01    0.13135E+01    0.61497E-01    0.52390E+02
  -0.24360E-01    0.13135E+01    0.61497E-01    0.52390E+02
  -0.24360E-01    0.13135E+01    0.61497E-01    0.52390E+02
  -0.24360E-01    0.13135E+01    0.61497E-01    0.52390E+02
  -0.24496E-01    0.13067E+01    0.55491E-01    0.52800E+02
  -0.24496E-01    0.13067E+01    0.55491E-01    0.52800E+02
  -0.24496E-01    0.13067E+01    0.55491E-01    0.52800E+02
  -0.24496E-01    0.13067E+01    0.55491E-01    0.52800E+02
  -0.24496E-01    0.13067E+01    0.55491E-01    0.52800E+02
  -0.26525E-01    0.12481E+01    0.48493E-01    0.53131E+02
  -0.26525E-01    0.12481E+01    0.48493E-01    0.53131E+02
  -0.26525E-01    0.12481E+01    0.48493E-01    0.53131E+02
  -0.26525E-01    0.12481E+01    0.48493E-01    0.53131E+02
  -0.26525E-01    0.12481E+01    0.48493E-01    0.53131E+02
  -0.29775E-01    0.11522E+01    0.41504E-01    0.53330E+02
  -0.29775E-01    0.11522E+01    0.41504E-01    0.53330E+02
  -0.29775E-01    0.11522E+01    0.41504E-01    0.53330E+02
  -0.29775E-01    0.11522E+01    0.41504E-01    0.53330E+02
  -0.29775E-01    0.11522E+01    0.41504E-01    0.53330E+02
  -0.33264E-01    0.10462E+01    0.36085E-01    0.53379E+02
  -0.33264E-01    0.10462E+01    0.36085E-01    0.53379E+02
  -0.33264E-01    0.10462E+01    0.36085E-01    0.53379E+02
  -0.33264E-01    0.10462E+01    0.36085E-01    0.53379E+02
  -0.33264E-01    0.10462E+01    0.36085E-01    0.53379E+02
  -0.36358E-01    0.95022E+00    0.33181E-01    0.53287E+02
  -0.36358E-01    0.95022E+00    0.33181E-01    0.53287E+02
  -0.36358E-01    0.95022E+00    0.33181E-01    0.53287E+02
  -0.36358E-01    0.95022E+00    0.33181E-01    0.53287E+02
  -0.36358E-01    0.95022E+00    0.33181E-01    0.53287E+02
  -0.39260E-01    0.85073E+00    0.30767E-01    0.53071E+02
  -0.39260E-01    0.85073E+00    0.30767E-01    0.53071E+02
  -0.39260E-01    0.85073E+00    0.30767E-01    0.53071E+02
  -0.39260E-01    0.85073E+00    0.30767E-01    0.53071E+02
  -0.39260E-01    0.85073E+00    0.30767E-01    0.53071E+02
  -0.41824E-01    0.75243E+00    0.28321E-01    0.52790E+02
  -0.41824E-01    0.75243E+00    0.28321E-01    0.52790E+02
  -0.41824E-01    0.75243E+00    0.28321E-01    0.52790E+02
  -0.41824E-01    0.75243E+00    0.28321E-01    0.52790E+02
  -0.41824E-01    0.75243E+00    0.28321E-01    0.52790E+02
  -0.43873E-01    0.66536E+00    0.25995E-01    0.52520E+02
  -0.43873E-01    0.66536E+00    0.25995E-01    0.52520E+02
  -0.43873E-01    0.66536E+00    0.25995E-01    0.52520E+02
  -0.43873E-01    0.66536E+00    0.25995E-01    0.52520E+02
  -0.43873E-01    0.66536E+00    0.25995E-01    0.52520E+02
  -0.45329E-01    0.59793E+00    0.24194E-01    0.52331E+02
  -0.45329E-01    0.59793E+00    0.24194E-01    0.52331E+02
  -0.45329E-01    0.59793E+00    0.24194E-01    0.52331E+02
  -0.45329E-01    0.59793E+00    0.24194E-01    0.52331E+02
  -0.45329E-01    0.59793E+00    0.24194E-01    0.52331E+02
  -0.46208E-01    0.55396E+00    0.23328E-01    0.52255E+02
  -0.46208E-01    0.55396E+00    0.23328E-01    0.52255E+02
  -0.46208E-01    0.55396E+00    0.23328E-01    0.52255E+02
  -0.46208E-01    0.55396E+00    0.23328E-01    0.52255E+02
  -0.46208E-01    0.55396E+00    0.23328E-01    0.52255E+02
  -0.46473E-01    0.53510E+00    0.23773E-01    0.52294E+02
  -0.46473E-01    0.53510E+00    0.23773E-01    0.52294E+02
  -0.46473E-01    0.53510E+00    0.23773E-01    0.52294E+02
  -0.46473E-01    0.53510E+00    0.23773E-01    0.52294E+02
  -0.46473E-01    0.53510E+00    0.23773E-01    0.52294E+02
  -0.46072E-01    0.54197E+00    0.25627E-01    0.52432E+02
  -0.46072E-01    0.54197E+00    0.25627E-01    0.52432E+02
  -0.46072E-01    0.54197E+00    0.25627E-01    0.52432E+02
  -0.46072E-01    0.54197E+00    0.25627E-01    0.52432E+02
  -0.46072E-01    0.54197E+00    0.25627E-01    0.52432E+02
  -0.44950E-01    0.57477E+00    0.28758E-01    0.52649E+02
  -0.44950E-01    0.57477E+00    0.28758E-01    0.52649E+02
  -0.44950E-01    0.57477E+00    0.28758E-01    0.52649E+02
  -0.44950E-01    0.57477E+00    0.28758E-01    0.52649E+02
  -0.44950E-01    0.57477E+00    0.28758E-01    0.52649E+02
  -0.43098E-01    0.63137E+00    0.32643E-01    0.52922E+02
  -0.43098E-01    0.63137E+00    0.32643E-01    0.52922E+02
  -0.43098E-01    0.63137E+00    0.32643E-01    0.52922E+02
  -0.43098E-01    0.63137E+00    0.32643E-01    0.52922E+02
  -0.43098E-01    0.63137E+00    0.32643E-01    0.52922E+02
  -0.40618E-01    0.70664E+00    0.36577E-01    0.53231E+02
  -0.40618E-01    0.70664E+00    0.36577E-01    0.53231E+02
  -0.40618E-01    0.70664E+00    0.36577E-01    0.53231E+02
  -0.40618E-01    0.70664E+00    0.36577E-01    0.53231E+02
  -0.40618E-01    0.70664E+00    0.36577E-01    0.53231E+02
  -0.37806E-01    0.79171E+00    0.39939E-01    0.53562E+02
  -0.37806E-01    0.79171E+00    0.39939E-01    0.53562E+02
  -0.37806E-01    0.79171E+00    0.39939E-01    0.53562E+02
  -0.37806E-01    0.79171E+00    0.39939E-01    0.53562E+02
  -0.37806E-01    0.79171E+00    0.39939E-01    0.53562E+02
  -0.35130E-01    0.87487E+00    0.42360E-01    0.53898E+02
  -0.35130E-01    0.87487E+00    0.42360E-01    0.53898E+02
  -0.35130E-01    0.87487E+00    0.42360E-01    0.53898E+02
  -0.35130E-01    0.87487E+00    0.42360E-01    0.53898E+02
  -0.35130E-01    0.87487E+00    0.42360E-01    0.53898E+02
  -0.33130E-01    0.94350E+00    0.43710E-01    0.54208E+02
  -0.33130E-01    0.94350E+00    0.43710E-01    0.54208E+02
  -0.33130E-01    0.94350E+00    0.43710E-01    0.54208E+02
  -0.33130E-01    0.94350E+00    0.43710E-01    0.54208E+02
  -0.33130E-01    0.94350E+00    0.43710E-01    0.54208E+02
  -0.32211E-01    0.98631E+00    0.43961E-01    0.54457E+02
  -0.32211E-01    0.98631E+00    0.43961E-01    0.54457E+02
  -0.32211E-01    0.98631E+00    0.43961E-01    0.54457E+02
  -0.32211E-01    0.98631E+00    0.43961E-01    0.54457E+02
  -0.32211E-01    0.98631E+00    0.43961E-01    0.54457E+02
  -0.32493E-01    0.99591E+00    0.43098E-01    0.54604E+02
  -0.32493E-01    0.99591E+00    0.43098E-01    0.54604E+02
  -0.32493E-01    0.99591E+00    0.43098E-01    0.54604E+02
  -0.32493E-01    0.99591E+00    0.43098E-01    0.54604E+02
  -0.32493E-01    0.99591E+00    0.43098E-01    0.54604E+02
  -0.33800E-01    0.97116E+00    0.41160E-01    0.54627E+02
  -0.33800E-01    0.97116E+00    0.41160E-01    0.54627E+02
  -0.33800E-01    0.97116E+00    0.41160E-01    0.54627E+02
  -0.33800E-01    0.97116E+00    0.41160E-01    0.54627E+02
  -0.33800E-01    0.97116E+00    0.41160E-01    0.54627E+02
  -0.35771E-01    0.91805E+00    0.38344E-01    0.54529E+02
  -0.35771E-01    0.91805E+00    0.38344E-01    0.54529E+02
  -0.35771E-01    0.91805E+00    0.38344E-01    0.54529E+02
  -0.35771E-01    0.91805E+00    0.38344E-01    0.54529E+02
  -0.35771E-01    0.91805E+00    0.38344E-01    0.54529E+02
  -0.38000E-01    0.84777E+00    0.35039E-01    0.54338E+02
  -0.38000E-01    0.84777E+00    0.35039E-01    0.54338E+02
  -0.38000E-01    0.84777E+00    0.35039E-01    0.54338E+02
  -0.38000E-01    0.84777E+00    0.35039E-01    0.54338E+02
  -0.38000E-01    0.84777E+00    0.35039E-01    0.54338E+02
  -0.40136E-01    0.77298E+00    0.31733E-01    0.54097E+02
  -0.40136E-01    0.77298E+00    0.31733E-01    0.54097E+02
  -0.40136E-01    0.77298E+00    0.31733E-01    0.54097E+02
  -0.40136E-01    0.77298E+00    0.31733E-01    0.54097E+02
  -0.40136E-01    0.77298E+00    0.31733E-01    0.54097E+02
  -0.41940E-01    0.70453E+00    0.28893E-01    0.53857E+02
  -0.41940E-01    0.70453E+00    0.28893E-01    0.53857E+02
  -0.41940E-01    0.70453E+00    0.28893E-01    0.53857E+02
  -0.41940E-01    0.70453E+00    0.28893E-01    0.53857E+02
  -0.41940E-01    0.70453E+00    0.28893E-01    0.53857E+02
  -0.43280E-01    0.64980E+00    0.26873E-01    0.53659E+02
  -0.43280E-01    0.64980E+00    0.26873E-01    0.53659E+02
  -0.43280E-01    0.64980E+00    0.26873E-01    0.53659E+02
  -0.43280E-01    0.64980E+00    0.26873E-01    0.53659E+02
  -0.43280E-01    0.64980E+00    0.26873E-01    0.53659E+02
  -0.44105E-01    0.61283E+00    0.25885E-01    0.53529E+02
  -0.44105E-01    0.61283E+00    0.25885E-01    0.53529E+02
  -0.44105E-01    0.61283E+00    0.25885E-01    0.53529E+02
  -0.44105E-01    0.61283E+00    0.25885E-01    0.53529E+02
  -0.44105E-01    0.61283E+00    0.25885E-01    0.53529E+02
  -0.44407E-01    0.59511E+00    0.26012E-01    0.53479E+02
  -0.44407E-01    0.59511E+00    0.26012E-01    0.53479E+02
  -0.44407E-01    0.59511E+00    0.26012E-01    0.53479E+02
  -0.44407E-01    0.59511E+00    0.26012E-01    0.53479E+02
  -0.44407E-01    0.59511E+00    0.26012E-01    0.53479E+02
  -0.44201E-01    0.59660E+00    0.27230E-01    0.53504E+02
  -0.44201E-01    0.59660E+00    0.27230E-01    0.53504E+02
  -0.44201E-01    0.59660E+00    0.27230E-01    0.53504E+02
  -0.44201E-01    0.59660E+00    0.27230E-01    0.53504E+02
  -0.44201E-01    0.59660E+00    0.27230E-01    0.53504E+02
  -0.43514E-01    0.61622E+00    0.29425E-01    0.53590E+02
  -0.43514E-01    0.61622E+00    0.29425E-01    0.53590E+02
  -0.43514E-01    0.61622E+00    0.29425E-01    0.53590E+02
  -0.43514E-01    0.61622E+00    0.29425E-01    0.53590E+02
  -0.43514E-01    0.61622E+00    0.29425E-01    0.53590E+02
  -0.42394E-01    0.65203E+00    0.32409E-01    0.53720E+02
  -0.42394E-01    0.65203E+00    0.32409E-01    0.53720E+02
  -0.42394E-01    0.65203E+00    0.32409E-01    0.53720E+02
  -0.42394E-01    0.65203E+00    0.32409E-01    0.53720E+02
  -0.42394E-01    0.65203E+00    0.32409E-01    0.53720E+02
  -0.40924E-01    0.70102E+00    0.35931E-01    0.53875E+02
  -0.40924E-01    0.70102E+00    0.35931E-01    0.53875E+02
  -0.40924E-01    0.70102E+00    0.35931E-01    0.53875E+02
  -0.40924E-01    0.70102E+00    0.35931E-01    0.53875E+02
  -0.40924E-01    0.70102E+00    0.35931E-01    0.53875E+02
  -0.39241E-01    0.75877E+00    0.39692E-01    0.54038E+02
  -0.39241E-01    0.75877E+00    0.39692E-01    0.54038E+02
  -0.39241E-01    0.75877E+00    0.39692E-01    0.54038E+02
  -0.39241E-01    0.75877E+00    0.39692E-01    0.54038E+02
  -0.39241E-01    0.75877E+00    0.39692E-01    0.54038E+02
  -0.37538E-01    0.81937E+00    0.43365E-01    0.54191E+02
  -0.37538E-01    0.81937E+00    0.43365E-01    0.54191E+02
  -0.37538E-01    0.81937E+00    0.43365E-01    0.54191E+02
  -0.37538E-01    0.81937E+00    0.43365E-01    0.54191E+02
  -0.37538E-01    0.81937E+00    0.43365E-01    0.54191E+02
  -0.36040E-01    0.87570E+00    0.46605E-01    0.54318E+02
  -0.36040E-01    0.87570E+00    0.46605E-01    0.54318E+02
  -0.36040E-01    0.87570E+00    0.46605E-01    0.54318E+02
  -0.36040E-01    0.87570E+00    0.46605E-01    0.54318E+02
  -0.36040E-01    0.87570E+00    0.46605E-01    0.54318E+02
  -0.34966E-01    0.92040E+00    0.49084E-01    0.54407E+02
  -0.34966E-01    0.92040E+00    0.49084E-01    0.54407E+02
  -0.34966E-01    0.92040E+00    0.49084E-01    0.54407E+02
  -0.34966E-01    0.92040E+00    0.49084E-01    0.54407E+02
  -0.34966E-01    0.92040E+00    0.49084E-01    0.54407E+02
  -0.34461E-01    0.94735E+00    0.50534E-01    0.54447E+02
  -0.34461E-01    0.94735E+00    0.50534E-01    0.54447E+02
  -0.34461E-01    0.94735E+00    0.50534E-01    0.54447E+02
  -0.34461E-01    0.94735E+00    0.50534E-01    0.54447E+02
  -0.34461E-01    0.94735E+00    0.50534E-01    0.54447E+02
  -0.34565E-01    0.95333E+00    0.50818E-01    0.54434E+02
  -0.34565E-01    0.95333E+00    0.50818E-01    0.54434E+02
  -0.34565E-01    0.95333E+00    0.50818E-01    0.54434E+02
  -0.34565E-01    0.95333E+00    0.50818E-01    0.54434E+02
  -0.34565E-01    0.95333E+00    0.50818E-01    0.54434E+02
  -0.35198E-01    0.93907E+00    0.49994E-01    0.54373E+02
  -0.35198E-01    0.93907E+00    0.49994E-01    0.54373E+02
  -0.35198E-01    0.93907E+00    0.49994E-01    0.54373E+02
  -0.35198E-01    0.93907E+00    0.49994E-01    0.54373E+02
  -0.35198E-01    0.93907E+00    0.49994E-01    0.54373E+02
  -0.36193E-01    0.90905E+00    0.48321E-01    0.54273E+02
  -0.36193E-01    0.90905E+00    0.48321E-01    0.54273E+02
  -0.36193E-01    0.90905E+00    0.48321E-01    0.54273E+02
  -0.36193E-01    0.90905E+00    0.48321E-01    0.54273E+02
  -0.36193E-01    0.90905E+00    0.48321E-01    0.54273E+02
  -0.37347E-01    0.87004E+00    0.46194E-01    0.54153E+02
  -0.37347E-01    0.87004E+00    0.46194E-01    0.54153E+02
  -0.37347E-01    0.87004E+00    0.46194E-01    0.54153E+02
  -0.37347E-01    0.87004E+00    0.46194E-01    0.54153E+02
  -0.37347E-01    0.87004E+00    0.46194E-01    0.54153E+02
  -0.38470E-01    0.82921E+00    0.44038E-01    0.54028E+02
  -0.38470E-01    0.82921E+00    0.44038E-01    0.54028E+02
  -0.38470E-01    0.82921E+00    0.44038E-01    0.54028E+02
  -0.38470E-01    0.82921E+00    0.44038E-01    0.54028E+02
  -0.38470E-01    0.82921E+00    0.44038E-01    0.54028E+02
  -0.39421E-01    0.79258E+00    0.42216E-01    0.53917E+02
  -0.39421E-01    0.79258E+00    0.42216E-01    0.53917E+02
  -0.39421E-01    0.79258E+00    0.42216E-01    0.53917E+02
  -0.39421E-01    0.79258E+00    0.42216E-01    0.53917E+02
  -0.39421E-01    0.79258E+00    0.42216E-01    0.53917E+02
  -0.40106E-01    0.76434E+00    0.40974E-01    0.53832E+02
  -0.40106E-01    0.76434E+00    0.40974E-01    0.53832E+02
  -0.40106E-01    0.76434E+00    0.40974E-01    0.53832E+02
  -0.40106E-01    0.76434E+00    0.40974E-01    0.53832E+02
  -0.40106E-01    0.76434E+00    0.40974E-01    0.53832E+02
  -0.40484E-01    0.74683E+00    0.40439E-01    0.53780E+02
  -0.40484E-01    0.74683E+00    0.40439E-01    0.53780E+02
  -0.40484E-01    0.74683E+00    0.40439E-01    0.53780E+02
  -0.40484E-01    0.74683E+00    0.40439E-01    0.53780E+02
  -0.40484E-01    0.74683E+00    0.40439E-01    0.53780E+02
  -0.40545E-01    0.74087E+00    0.40630E-01    0.53764E+02
  -0.40545E-01    0.74087E+00    0.40630E-01    0.53764E+02
  -0.40545E-01    0.74087E+00    0.40630E-01    0.53764E+02
  -0.40545E-01    0.74087E+00    0.40630E-01    0.53764E+02
  -0.40545E-01    0.74087E+00    0.40630E-01    0.53764E+02
  -0.40307E-01    0.74610E+00    0.41489E-01    0.53780E+02
  -0.40307E-01    0.74610E+00    0.41489E-01    0.53780E+02
  -0.40307E-01    0.74610E+00    0.41489E-01    0.53780E+02
  -0.40307E-01    0.74610E+00    0.41489E-01    0.53780E+02
  -0.40307E-01    0.74610E+00    0.41489E-01    0.53780E+02
  -0.39812E-01    0.76124E+00    0.42895E-01    0.53821E+02
  -0.39812E-01    0.76124E+00    0.42895E-01    0.53821E+02
  -0.39812E-01    0.76124E+00    0.42895E-01    0.53821E+02
  -0.39812E-01    0.76124E+00    0.42895E-01    0.53821E+02
  -0.39812E-01    0.76124E+00    0.42895E-01    0.53821E+02
  -0.39120E-01    0.78423E+00    0.44683E-01    0.53880E+02
  -0.39120E-01    0.78423E+00    0.44683E-01    0.53880E+02
  -0.39120E-01    0.78423E+00    0.44683E-01    0.53880E+02
  -0.39120E-01    0.78423E+00    0.44683E-01    0.53880E+02
  -0.39120E-01    0.78423E+00    0.44683E-01    0.53880E+02
  -0.38313E-01    0.81232E+00    0.46659E-01    0.53947E+02
  -0.38313E-01    0.81232E+00    0.46659E-01    0.53947E+02
  -0.38313E-01    0.81232E+00    0.46659E-01    0.53947E+02
  -0.38313E-01    0.81232E+00    0.46659E-01    0.53947E+02
  -0.38313E-01    0.81232E+00    0.46659E-01    0.53947E+02
  -0.37487E-01    0.84222E+00    0.48612E-01    0.54014E+02
  -0.37487E-01    0.84222E+00    0.48612E-01    0.54014E+02
  -0.37487E-01    0.84222E+00    0.48612E-01    0.54014E+02
  -0.37487E-01    0.84222E+00    0.48612E-01    0.54014E+02
  -0.37487E-01    0.84222E+00    0.48612E-01    0.54014E+02
  -0.36744E-01    0.87037E+00    0.50332E-01    0.54073E+02
  -0.36744E-01    0.87037E+00    0.50332E-01    0.54073E+02
  -0.36744E-01    0.87037E+00    0.50332E-01    0.54073E+02
  -0.36744E-01    0.87037E+00    0.50332E-01    0.54073E+02
  -0.36744E-01    0.87037E+00    0.50332E-01    0.54073E+02
  -0.36175E-01    0.89338E+00    0.51629E-01    0.54117E+02
  -0.36175E-01    0.89338E+00    0.51629E-01    0.54117E+02
  -0.36175E-01    0.89338E+00    0.51629E-01    0.54117E+02
  -0.36175E-01    0.89338E+00    0.51629E-01    0.54117E+02
  -0.36175E-01    0.89338E+00    0.51629E-01    0.54117E+02
  -0.35844E-01    0.90857E+00    0.52365E-01    0.54142E+02
  -0.35844E-01    0.90857E+00    0.52365E-01    0.54142E+02
  -0.35844E-01    0.90857E+00    0.52365E-01    0.54142E+02
  -0.35844E-01    0.90857E+00    0.52365E-01    0.54142E+02
  -0.35844E-01    0.90857E+00    0.52365E-01    0.54142E+02
  -0.35774E-01    0.91450E+00    0.52477E-01    0.54147E+02
  -0.35774E-01    0.91450E+00    0.52477E-01    0.54147E+02
  -0.35774E-01    0.91450E+00    0.52477E-01    0.54147E+02
  -0.35774E-01    0.91450E+00    0.52477E-01    0.54147E+02
  -0.35774E-01    0.91450E+00    0.52477E-01    0.54147E+02
  -0.35949E-01    0.91121E+00    0.51993E-01    0.54132E+02
  -0.35949E-01    0.91121E+00    0.51993E-01    0.54132E+02
  -0.35949E-01    0.91121E+00    0.51993E-01    0.54132E+02
  -0.35949E-01    0.91121E+00    0.51993E-01    0.54132E+02
  -0.35949E-01    0.91121E+00    0.51993E-01    0.54132E+02
  -0.36314E-01    0.90017E+00    0.51026E-01    0.54102E+02
  -0.36314E-01    0.90017E+00    0.51026E-01    0.54102E+02
  -0.36314E-01    0.90017E+00    0.51026E-01    0.54102E+02
  -0.36314E-01    0.90017E+00    0.51026E-01    0.54102E+02
  -0.36314E-01    0.90017E+00    0.51026E-01    0.54102E+02
  -0.36792E-01    0.88388E+00    0.49751E-01    0.54062E+02
  -0.36792E-01    0.88388E+00    0.49751E-01    0.54062E+02
  -0.36792E-01    0.88388E+00    0.49751E-01    0.54062E+02
  -0.36792E-01    0.88388E+00    0.49751E-01    0.54062E+02
  -0.36792E-01    0.88388E+00    0.49751E-01    0.54062E+02
  -0.37305E-01    0.86522E+00    0.48363E-01    0.54019E+02
  -0.37305E-01    0.86522E+00    0.48363E-01    0.54019E+02
  -0.37305E-01    0.86522E+00    0.48363E-01    0.54019E+02
  -0.37305E-01    0.86522E+00    0.48363E-01    0.54019E+02
  -0.37305E-01    0.86522E+00    0.48363E-01    0.54019E+02
  -0.37783E-01    0.84690E+00    0.47042E-01    0.53980E+02
  -0.37783E-01    0.84690E+00    0.47042E-01    0.53980E+02
  -0.37783E-01    0.84690E+00    0.47042E-01    0.53980E+02
  -0.37783E-01    0.84690E+00    0.47042E-01    0.53980E+02
  -0.37783E-01    0.84690E+00    0.47042E-01    0.53980E+02
  -0.38174E-01    0.83107E+00    0.45924E-01    0.53948E+02
  -0.38174E-01    0.83107E+00    0.45924E-01    0.53948E+02
  -0.38174E-01    0.83107E+00    0.45924E-01    0.53948E+02
  -0.38174E-01    0.83107E+00    0.45924E-01    0.53948E+02
  -0.38174E-01    0.83107E+00    0.45924E-01    0.53948E+02
  -0.38448E-01    0.81915E+00    0.45092E-01    0.53929E+02
  -0.38448E-01    0.81915E+00    0.45092E-01    0.53929E+02
  -0.38448E-01    0.81915E+00    0.45092E-01    0.53929E+02
  -0.38448E-01    0.81915E+00    0.45092E-01    0.53929E+02
  -0.38448E-01    0.81915E+00    0.45092E-01    0.53929E+02
  -0.38593E-01    0.81179E+00    0.44577E-01    0.53922E+02
  -0.38593E-01    0.81179E+00    0.44577E-01    0.53922E+02
  -0.38593E-01    0.81179E+00    0.44577E-01    0.53922E+02
  -0.38593E-01    0.81179E+00    0.44577E-01    0.53922E+02
  -0.38593E-01    0.81179E+00    0.44577E-01    0.53922E+02
  -0.38616E-01    0.80901E+00    0.44365E-01    0.53927E+02
  -0.38616E-01    0.80901E+00    0.44365E-01    0.53927E+02
  -0.38616E-01    0.80901E+00    0.44365E-01    0.53927E+02
  -0.38616E-01    0.80901E+00    0.44365E-01    0.53927E+02
  -0.38616E-01    0.80901E+00    0.44365E-01    0.53927E+02
  -0.38534E-01    0.81034E+00    0.44414E-01    0.53942E+02
  -0.38534E-01    0.81034E+00    0.44414E-01    0.53942E+02
  -0.38534E-01    0.81034E+00    0.44414E-01    0.53942E+02
  -0.38534E-01    0.81034E+00    0.44414E-01    0.53942E+02
  -0.38534E-01    0.81034E+00    0.44414E-01    0.53942E+02
  -0.38374E-01    0.81489E+00    0.44659E-01    0.53965E+02
  -0.38374E-01    0.81489E+00    0.44659E-01    0.53965E+02
  -0.38374E-01    0.81489E+00    0.44659E-01    0.53965E+02
  -0.38374E-01    0.81489E+00    0.44659E-01    0.53965E+02
  -0.38374E-01    0.81489E+00    0.44659E-01    0.53965E+02
  -0.38169E-01    0.82158E+00    0.45027E-01    0.53992E+02
  -0.38169E-01    0.82158E+00    0.45027E-01    0.53992E+02
  -0.38169E-01    0.82158E+00    0.45027E-01    0.53992E+02
  -0.38169E-01    0.82158E+00    0.45027E-01    0.53992E+02
  -0.38169E-01    0.82158E+00    0.45027E-01    0.53992E+02
  -0.37953E-01    0.82920E+00    0.45442E-01    0.54018E+02
  -0.37953E-01    0.82920E+00    0.45442E-01    0.54018E+02
  -0.37953E-01    0.82920E+00    0.45442E-01    0.54018E+02
  -0.37953E-01    0.82920E+00    0.45442E-01    0.54018E+02
  -0.37953E-01    0.82920E+00    0.45442E-01    0.54018E+02
  -0.37756E-01    0.83661E+00    0.45836E-01    0.54042E+02
  -0.37756E-01    0.83661E+00    0.45836E-01    0.54042E+02
  -0.37756E-01    0.83661E+00    0.45836E-01    0.54042E+02
  -0.37756E-01    0.83661E+00    0.45836E-01    0.54042E+02
  -0.37756E-01    0.83661E+00    0.45836E-01    0.54042E+02
  -0.37603E-01    0.84280E+00    0.46155E-01    0.54061E+02
  -0.37603E-01    0.84280E+00    0.46155E-01    0.54061E+02
  -0.37603E-01    0.84280E+00    0.46155E-01    0.54061E+02
  -0.37603E-01    0.84280E+00    0.46155E-01    0.54061E+02
  -0.37603E-01    0.84280E+00    0.46155E-01    0.54061E+02
  -0.37511E-01    0.84708E+00    0.46359E-01    0.54073E+02
  -0.37511E-01    0.84708E+00    0.46359E-01    0.54073E+02
  -0.37511E-01    0.84708E+00    0.46359E-01    0.54073E+02
  -0.37511E-01    0.84708E+00    0.46359E-01    0.54073E+02
  -0.37511E-01    0.84708E+00    0.46359E-01    0.54073E+02
  -0.37564E-01    0.84502E+00    0.45925E-01    0.54063E+02
  -0.37564E-01    0.84502E+00    0.45925E-01    0.54063E+02
  -0.37564E-01    0.84502E+00    0.45925E-01    0.54063E+02
  -0.37564E-01    0.84502E+00    0.45925E-01    0.54063E+02
  -0.37564E-01    0.84502E+00    0.45925E-01    0.54063E+02
  -0.37602E-01    0.83841E+00    0.44772E-01    0.54050E+02
  -0.37602E-01    0.83841E+00    0.44772E-01    0.54050E+02
  -0.37602E-01    0.83841E+00    0.44772E-01    0.54050E+02
  -0.37602E-01    0.83841E+00    0.44772E-01    0.54050E+02
  -0.37602E-01    0.83841E+00    0.44772E-01    0.54050E+02
  -0.37503E-01    0.84252E+00    0.44692E-01    0.54085E+02
  -0.37503E-01    0.84252E+00    0.44692E-01    0.54085E+02
  -0.37503E-01    0.84252E+00    0.44692E-01    0.54085E+02
  -0.37503E-01    0.84252E+00    0.44692E-01    0.54085E+02
  -0.37503E-01    0.84252E+00    0.44692E-01    0.54085E+02
  -0.37329E-01    0.85563E+00    0.45883E-01    0.54139E+02
  -0.37329E-01    0.85563E+00    0.45883E-01    0.54139E+02
  -0.37329E-01    0.85563E+00    0.45883E-01    0.54139E+02
  -0.37329E-01    0.85563E+00    0.45883E-01    0.54139E+02
  -0.37329E-01    0.85563E+00    0.45883E-01    0.54139E+02
  -0.36979E-01    0.87625E+00    0.48248E-01    0.54179E+02
  -0.36979E-01    0.87625E+00    0.48248E-01    0.54179E+02
  -0.36979E-01    0.87625E+00    0.48248E-01    0.54179E+02
  -0.36979E-01    0.87625E+00    0.48248E-01    0.54179E+02
  -0.36979E-01    0.87625E+00    0.48248E-01    0.54179E+02
  -0.36432E-01    0.90222E+00    0.51352E-01    0.54195E+02
  -0.36432E-01    0.90222E+00    0.51352E-01    0.54195E+02
  -0.36432E-01    0.90222E+00    0.51352E-01    0.54195E+02
  -0.36432E-01    0.90222E+00    0.51352E-01    0.54195E+02
  -0.36432E-01    0.90222E+00    0.51352E-01    0.54195E+02
  -0.35741E-01    0.93074E+00    0.54636E-01    0.54193E+02
  -0.35741E-01    0.93074E+00    0.54636E-01    0.54193E+02
  -0.35741E-01    0.93074E+00    0.54636E-01    0.54193E+02
  -0.35741E-01    0.93074E+00    0.54636E-01    0.54193E+02
  -0.35741E-01    0.93074E+00    0.54636E-01    0.54193E+02
  -0.34978E-01    0.95877E+00    0.57577E-01    0.54183E+02
  -0.34978E-01    0.95877E+00    0.57577E-01    0.54183E+02
  -0.34978E-01    0.95877E+00    0.57577E-01    0.54183E+02
  -0.34978E-01    0.95877E+00    0.57577E-01    0.54183E+02
  -0.34978E-01    0.95877E+00    0.57577E-01    0.54183E+02
  -0.34252E-01    0.98273E+00    0.59718E-01    0.54172E+02
  -0.34252E-01    0.98273E+00    0.59718E-01    0.54172E+02
  -0.34252E-01    0.98273E+00    0.59718E-01    0.54172E+02
  -0.34252E-01    0.98273E+00    0.59718E-01    0.54172E+02
  -0.34252E-01    0.98273E+00    0.59718E-01    0.54172E+02
  -0.33671E-01    0.99893E+00    0.60723E-01    0.54169E+02
  -0.33671E-01    0.99893E+00    0.60723E-01    0.54169E+02
  -0.33671E-01    0.99893E+00    0.60723E-01    0.54169E+02
  -0.33671E-01    0.99893E+00    0.60723E-01    0.54169E+02
  -0.33671E-01    0.99893E+00    0.60723E-01    0.54169E+02
  -0.33305E-01    0.10046E+01    0.60407E-01    0.54175E+02
  -0.33305E-01    0.10046E+01    0.60407E-01    0.54175E+02
  -0.33305E-01    0.10046E+01    0.60407E-01    0.54175E+02
  -0.33305E-01    0.10046E+01    0.60407E-01    0.54175E+02
  -0.33305E-01    0.10046E+01    0.60407E-01    0.54175E+02
  -0.33258E-01    0.99792E+00    0.58788E-01    0.54196E+02
  -0.33258E-01    0.99792E+00    0.58788E-01    0.54196E+02
  -0.33258E-01    0.99792E+00    0.58788E-01    0.54196E+02
  -0.33258E-01    0.99792E+00    0.58788E-01    0.54196E+02
  -0.33258E-01    0.99792E+00    0.58788E-01    0.54196E+02
  -0.33615E-01    0.97918E+00    0.56215E-01    0.54229E+02
  -0.33615E-01    0.97918E+00    0.56215E-01    0.54229E+02
  -0.33615E-01    0.97918E+00    0.56215E-01    0.54229E+02
  -0.33615E-01    0.97918E+00    0.56215E-01    0.54229E+02
  -0.33615E-01    0.97918E+00    0.56215E-01    0.54229E+02
  -0.34381E-01    0.94986E+00    0.53194E-01    0.54261E+02
  -0.34381E-01    0.94986E+00    0.53194E-01    0.54261E+02
  -0.34381E-01    0.94986E+00    0.53194E-01    0.54261E+02
  -0.34381E-01    0.94986E+00    0.53194E-01    0.54261E+02
  -0.34381E-01    0.94986E+00    0.53194E-01    0.54261E+02
  -0.35496E-01    0.91216E+00    0.50193E-01    0.54278E+02
  -0.35496E-01    0.91216E+00    0.50193E-01    0.54278E+02
  -0.35496E-01    0.91216E+00    0.50193E-01    0.54278E+02
  -0.35496E-01    0.91216E+00    0.50193E-01    0.54278E+02
  -0.35496E-01    0.91216E+00    0.50193E-01    0.54278E+02
  -0.36832E-01    0.86868E+00    0.47537E-01    0.54265E+02
  -0.36832E-01    0.86868E+00    0.47537E-01    0.54265E+02
  -0.36832E-01    0.86868E+00    0.47537E-01    0.54265E+02
  -0.36832E-01    0.86868E+00    0.47537E-01    0.54265E+02
  -0.36832E-01    0.86868E+00    0.47537E-01    0.54265E+02
  -0.38233E-01    0.82237E+00    0.45373E-01    0.54217E+02
  -0.38233E-01    0.82237E+00    0.45373E-01    0.54217E+02
  -0.38233E-01    0.82237E+00    0.45373E-01    0.54217E+02
  -0.38233E-01    0.82237E+00    0.45373E-01    0.54217E+02
  -0.38233E-01    0.82237E+00    0.45373E-01    0.54217E+02
  -0.39525E-01    0.77820E+00    0.43969E-01    0.54142E+02
  -0.39525E-01    0.77820E+00    0.43969E-01    0.54142E+02
  -0.39525E-01    0.77820E+00    0.43969E-01    0.54142E+02
  -0.39525E-01    0.77820E+00    0.43969E-01    0.54142E+02
  -0.39525E-01    0.77820E+00    0.43969E-01    0.54142E+02
  -0.40560E-01    0.74173E+00    0.43676E-01    0.54057E+02
  -0.40560E-01    0.74173E+00    0.43676E-01    0.54057E+02
  -0.40560E-01    0.74173E+00    0.43676E-01    0.54057E+02
  -0.40560E-01    0.74173E+00    0.43676E-01    0.54057E+02
  -0.40560E-01    0.74173E+00    0.43676E-01    0.54057E+02
  -0.41391E-01    0.71089E+00    0.43933E-01    0.53973E+02
  -0.41391E-01    0.71089E+00    0.43933E-01    0.53973E+02
  -0.41391E-01    0.71089E+00    0.43933E-01    0.53973E+02
  -0.41391E-01    0.71089E+00    0.43933E-01    0.53973E+02
  -0.41391E-01    0.71089E+00    0.43933E-01    0.53973E+02
  -0.41982E-01    0.68713E+00    0.44653E-01    0.53905E+02
  -0.41982E-01    0.68713E+00    0.44653E-01    0.53905E+02
  -0.41982E-01    0.68713E+00    0.44653E-01    0.53905E+02
  -0.41982E-01    0.68713E+00    0.44653E-01    0.53905E+02
  -0.41982E-01    0.68713E+00    0.44653E-01    0.53905E+02
  -0.42291E-01    0.67258E+00    0.45918E-01    0.53866E+02
  -0.42291E-01    0.67258E+00    0.45918E-01    0.53866E+02
  -0.42291E-01    0.67258E+00    0.45918E-01    0.53866E+02
  -0.42291E-01    0.67258E+00    0.45918E-01    0.53866E+02
  -0.42291E-01    0.67258E+00    0.45918E-01    0.53866E+02
  -0.42270E-01    0.66961E+00    0.47926E-01    0.53865E+02
  -0.42270E-01    0.66961E+00    0.47926E-01    0.53865E+02
  -0.42270E-01    0.66961E+00    0.47926E-01    0.53865E+02
  -0.42270E-01    0.66961E+00    0.47926E-01    0.53865E+02
  -0.42270E-01    0.66961E+00    0.47926E-01    0.53865E+02
  -0.41916E-01    0.67878E+00    0.50709E-01    0.53900E+02
  -0.41916E-01    0.67878E+00    0.50709E-01    0.53900E+02
  -0.41916E-01    0.67878E+00    0.50709E-01    0.53900E+02
  -0.41916E-01    0.67878E+00    0.50709E-01    0.53900E+02
  -0.41916E-01    0.67878E+00    0.50709E-01    0.53900E+02
  -0.41252E-01    0.69942E+00    0.54189E-01    0.53967E+02
  -0.41252E-01    0.69942E+00    0.54189E-01    0.53967E+02
  -0.41252E-01    0.69942E+00    0.54189E-01    0.53967E+02
  -0.41252E-01    0.69942E+00    0.54189E-01    0.53967E+02
  -0.41252E-01    0.69942E+00    0.54189E-01    0.53967E+02
  -0.40329E-01    0.72981E+00    0.58203E-01    0.54056E+02
  -0.40329E-01    0.72981E+00    0.58203E-01    0.54056E+02
  -0.40329E-01    0.72981E+00    0.58203E-01    0.54056E+02
  -0.40329E-01    0.72981E+00    0.58203E-01    0.54056E+02
  -0.40329E-01    0.72981E+00    0.58203E-01    0.54056E+02
  -0.39235E-01    0.76713E+00    0.62513E-01    0.54155E+02
  -0.39235E-01    0.76713E+00    0.62513E-01    0.54155E+02
  -0.39235E-01    0.76713E+00    0.62513E-01    0.54155E+02
  -0.39235E-01    0.76713E+00    0.62513E-01    0.54155E+02
  -0.39235E-01    0.76713E+00    0.62513E-01    0.54155E+02
  -0.38084E-01    0.80760E+00    0.66831E-01    0.54255E+02
  -0.38084E-01    0.80760E+00    0.66831E-01    0.54255E+02
  -0.38084E-01    0.80760E+00    0.66831E-01    0.54255E+02
  -0.38084E-01    0.80760E+00    0.66831E-01    0.54255E+02
  -0.38084E-01    0.80760E+00    0.66831E-01    0.54255E+02
  -0.37015E-01    0.84675E+00    0.70853E-01    0.54344E+02
  -0.37015E-01    0.84675E+00    0.70853E-01    0.54344E+02
  -0.37015E-01    0.84675E+00    0.70853E-01    0.54344E+02
  -0.37015E-01    0.84675E+00    0.70853E-01    0.54344E+02
  -0.37015E-01    0.84675E+00    0.70853E-01    0.54344E+02
  -0.36162E-01    0.87997E+00    0.74291E-01    0.54412E+02
  -0.36162E-01    0.87997E+00    0.74291E-01    0.54412E+02
  -0.36162E-01    0.87997E+00    0.74291E-01    0.54412E+02
  -0.36162E-01    0.87997E+00    0.74291E-01    0.54412E+02
  -0.36162E-01    0.87997E+00    0.74291E-01    0.54412E+02
  -0.35634E-01    0.90325E+00    0.76919E-01    0.54454E+02
  -0.35634E-01    0.90325E+00    0.76919E-01    0.54454E+02
  -0.35634E-01    0.90325E+00    0.76919E-01    0.54454E+02
  -0.35634E-01    0.90325E+00    0.76919E-01    0.54454E+02
  -0.35634E-01    0.90325E+00    0.76919E-01    0.54454E+02
  -0.35485E-01    0.91404E+00    0.78608E-01    0.54464E+02
  -0.35485E-01    0.91404E+00    0.78608E-01    0.54464E+02
  -0.35485E-01    0.91404E+00    0.78608E-01    0.54464E+02
  -0.35485E-01    0.91404E+00    0.78608E-01    0.54464E+02
  -0.35485E-01    0.91404E+00    0.78608E-01    0.54464E+02
  -0.35705E-01    0.91177E+00    0.79363E-01    0.54442E+02
  -0.35705E-01    0.91177E+00    0.79363E-01    0.54442E+02
  -0.35705E-01    0.91177E+00    0.79363E-01    0.54442E+02
  -0.35705E-01    0.91177E+00    0.79363E-01    0.54442E+02
  -0.35705E-01    0.91177E+00    0.79363E-01    0.54442E+02
  -0.36225E-01    0.89793E+00    0.79318E-01    0.54392E+02
  -0.36225E-01    0.89793E+00    0.79318E-01    0.54392E+02
  -0.36225E-01    0.89793E+00    0.79318E-01    0.54392E+02
  -0.36225E-01    0.89793E+00    0.79318E-01    0.54392E+02
  -0.36225E-01    0.89793E+00    0.79318E-01    0.54392E+02
  -0.36937E-01    0.87570E+00    0.78718E-01    0.54320E+02
  -0.36937E-01    0.87570E+00    0.78718E-01    0.54320E+02
  -0.36937E-01    0.87570E+00    0.78718E-01    0.54320E+02
  -0.36937E-01    0.87570E+00    0.78718E-01    0.54320E+02
  -0.36937E-01    0.87570E+00    0.78718E-01    0.54320E+02
  -0.37721E-01    0.84910E+00    0.77862E-01    0.54237E+02
  -0.37721E-01    0.84910E+00    0.77862E-01    0.54237E+02
  -0.37721E-01    0.84910E+00    0.77862E-01    0.54237E+02
  -0.37721E-01    0.84910E+00    0.77862E-01    0.54237E+02
  -0.37721E-01    0.84910E+00    0.77862E-01    0.54237E+02
  -0.38465E-01    0.82225E+00    0.77052E-01    0.54155E+02
  -0.38465E-01    0.82225E+00    0.77052E-01    0.54155E+02
  -0.38465E-01    0.82225E+00    0.77052E-01    0.54155E+02
  -0.38465E-01    0.82225E+00    0.77052E-01    0.54155E+02
  -0.38465E-01    0.82225E+00    0.77052E-01    0.54155E+02
  -0.39083E-01    0.79863E+00    0.76541E-01    0.54082E+02
  -0.39083E-01    0.79863E+00    0.76541E-01    0.54082E+02
  -0.39083E-01    0.79863E+00    0.76541E-01    0.54082E+02
  -0.39083E-01    0.79863E+00    0.76541E-01    0.54082E+02
  -0.39083E-01    0.79863E+00    0.76541E-01    0.54082E+02
  -0.39514E-01    0.78086E+00    0.76509E-01    0.54028E+02
  -0.39514E-01    0.78086E+00    0.76509E-01    0.54028E+02
  -0.39514E-01    0.78086E+00    0.76509E-01    0.54028E+02
  -0.39514E-01    0.78086E+00    0.76509E-01    0.54028E+02
  -0.39514E-01    0.78086E+00    0.76509E-01    0.54028E+02
  -0.39728E-01    0.77049E+00    0.77051E-01    0.53997E+02
  -0.39728E-01    0.77049E+00    0.77051E-01    0.53997E+02
  -0.39728E-01    0.77049E+00    0.77051E-01    0.53997E+02
  -0.39728E-01    0.77049E+00    0.77051E-01    0.53997E+02
  -0.39728E-01    0.77049E+00    0.77051E-01    0.53997E+02
  -0.39716E-01    0.76814E+00    0.78181E-01    0.53989E+02
  -0.39716E-01    0.76814E+00    0.78181E-01    0.53989E+02
  -0.39716E-01    0.76814E+00    0.78181E-01    0.53989E+02
  -0.39716E-01    0.76814E+00    0.78181E-01    0.53989E+02
  -0.39716E-01    0.76814E+00    0.78181E-01    0.53989E+02
  -0.39494E-01    0.77353E+00    0.79837E-01    0.54004E+02
  -0.39494E-01    0.77353E+00    0.79837E-01    0.54004E+02
  -0.39494E-01    0.77353E+00    0.79837E-01    0.54004E+02
  -0.39494E-01    0.77353E+00    0.79837E-01    0.54004E+02
  -0.39494E-01    0.77353E+00    0.79837E-01    0.54004E+02
  -0.39094E-01    0.78567E+00    0.81894E-01    0.54037E+02
  -0.39094E-01    0.78567E+00    0.81894E-01    0.54037E+02
  -0.39094E-01    0.78567E+00    0.81894E-01    0.54037E+02
  -0.39094E-01    0.78567E+00    0.81894E-01    0.54037E+02
  -0.39094E-01    0.78567E+00    0.81894E-01    0.54037E+02
  -0.38566E-01    0.80288E+00    0.84185E-01    0.54082E+02
  -0.38566E-01    0.80288E+00    0.84185E-01    0.54082E+02
  -0.38566E-01    0.80288E+00    0.84185E-01    0.54082E+02
  -0.38566E-01    0.80288E+00    0.84185E-01    0.54082E+02
  -0.38566E-01    0.80288E+00    0.84185E-01    0.54082E+02
  -0.37977E-01    0.82301E+00    0.86512E-01    0.54133E+02
  -0.37977E-01    0.82301E+00    0.86512E-01    0.54133E+02
  -0.37977E-01    0.82301E+00    0.86512E-01    0.54133E+02
  -0.37977E-01    0.82301E+00    0.86512E-01    0.54133E+02
  -0.37977E-01    0.82301E+00    0.86512E-01    0.54133E+02
  -0.37397E-01    0.84359E+00    0.88675E-01    0.54184E+02
  -0.37397E-01    0.84359E+00    0.88675E-01    0.54184E+02
  -0.37397E-01    0.84359E+00    0.88675E-01    0.54184E+02
  -0.37397E-01    0.84359E+00    0.88675E-01    0.54184E+02
  -0.37397E-01    0.84359E+00    0.88675E-01    0.54184E+02
  -0.36899E-01    0.86213E+00    0.90493E-01    0.54228E+02
  -0.36899E-01    0.86213E+00    0.90493E-01    0.54228E+02
  -0.36899E-01    0.86213E+00    0.90493E-01    0.54228E+02
  -0.36899E-01    0.86213E+00    0.90493E-01    0.54228E+02
  -0.36899E-01    0.86213E+00    0.90493E-01    0.54228E+02
  -0.36542E-01    0.87642E+00    0.91825E-01    0.54260E+02
  -0.36542E-01    0.87642E+00    0.91825E-01    0.54260E+02
  -0.36542E-01    0.87642E+00    0.91825E-01    0.54260E+02
  -0.36542E-01    0.87642E+00    0.91825E-01    0.54260E+02
  -0.36542E-01    0.87642E+00    0.91825E-01    0.54260E+02
  -0.36364E-01    0.88492E+00    0.92595E-01    0.54279E+02
  -0.36364E-01    0.88492E+00    0.92595E-01    0.54279E+02
  -0.36364E-01    0.88492E+00    0.92595E-01    0.54279E+02
  -0.36364E-01    0.88492E+00    0.92595E-01    0.54279E+02
  -0.36364E-01    0.88492E+00    0.92595E-01    0.54279E+02
  -0.36373E-01    0.88694E+00    0.92794E-01    0.54281E+02
  -0.36373E-01    0.88694E+00    0.92794E-01    0.54281E+02
  -0.36373E-01    0.88694E+00    0.92794E-01    0.54281E+02
  -0.36373E-01    0.88694E+00    0.92794E-01    0.54281E+02
  -0.36373E-01    0.88694E+00    0.92794E-01    0.54281E+02
  -0.36553E-01    0.88272E+00    0.92490E-01    0.54269E+02
  -0.36553E-01    0.88272E+00    0.92490E-01    0.54269E+02
  -0.36553E-01    0.88272E+00    0.92490E-01    0.54269E+02
  -0.36553E-01    0.88272E+00    0.92490E-01    0.54269E+02
  -0.36553E-01    0.88272E+00    0.92490E-01    0.54269E+02
  -0.36863E-01    0.87339E+00    0.91805E-01    0.54244E+02
  -0.36863E-01    0.87339E+00    0.91805E-01    0.54244E+02
  -0.36863E-01    0.87339E+00    0.91805E-01    0.54244E+02
  -0.36863E-01    0.87339E+00    0.91805E-01    0.54244E+02
  -0.36863E-01    0.87339E+00    0.91805E-01    0.54244E+02
  -0.37248E-01    0.86065E+00    0.90900E-01    0.54211E+02
  -0.37248E-01    0.86065E+00    0.90900E-01    0.54211E+02
  -0.37248E-01    0.86065E+00    0.90900E-01    0.54211E+02
  -0.37248E-01    0.86065E+00    0.90900E-01    0.54211E+02
  -0.37248E-01    0.86065E+00    0.90900E-01    0.54211E+02
  -0.37653E-01    0.84645E+00    0.89945E-01    0.54174E+02
  -0.37653E-01    0.84645E+00    0.89945E-01    0.54174E+02
  -0.37653E-01    0.84645E+00    0.89945E-01    0.54174E+02
  -0.37653E-01    0.84645E+00    0.89945E-01    0.54174E+02
  -0.37653E-01    0.84645E+00    0.89945E-01    0.54174E+02
  -0.38025E-01    0.83269E+00    0.89095E-01    0.54139E+02
  -0.38025E-01    0.83269E+00    0.89095E-01    0.54139E+02
  -0.38025E-01    0.83269E+00    0.89095E-01    0.54139E+02
  -0.38025E-01    0.83269E+00    0.89095E-01    0.54139E+02
  -0.38025E-01    0.83269E+00    0.89095E-01    0.54139E+02
  -0.38324E-01    0.82096E+00    0.88470E-01    0.54110E+02
  -0.38324E-01    0.82096E+00    0.88470E-01    0.54110E+02
  -0.38324E-01    0.82096E+00    0.88470E-01    0.54110E+02
  -0.38324E-01    0.82096E+00    0.88470E-01    0.54110E+02
  -0.38324E-01    0.82096E+00    0.88470E-01    0.54110E+02
  -0.38524E-01    0.81241E+00    0.88148E-01    0.54090E+02
  -0.38524E-01    0.81241E+00    0.88148E-01    0.54090E+02
  -0.38524E-01    0.81241E+00    0.88148E-01    0.54090E+02
  -0.38524E-01    0.81241E+00    0.88148E-01    0.54090E+02
  -0.38524E-01    0.81241E+00    0.88148E-01    0.54090E+02
  -0.38611E-01    0.80769E+00    0.88161E-01    0.54081E+02
  -0.38611E-01    0.80769E+00    0.88161E-01    0.54081E+02
  -0.38611E-01    0.80769E+00    0.88161E-01    0.54081E+02
  -0.38611E-01    0.80769E+00    0.88161E-01    0.54081E+02
  -0.38611E-01    0.80769E+00    0.88161E-01    0.54081E+02
  -0.38588E-01    0.80693E+00    0.88496E-01    0.54084E+02
  -0.38588E-01    0.80693E+00    0.88496E-01    0.54084E+02
  -0.38588E-01    0.80693E+00    0.88496E-01    0.54084E+02
  -0.38588E-01    0.80693E+00    0.88496E-01    0.54084E+02
  -0.38588E-01    0.80693E+00    0.88496E-01    0.54084E+02
  -0.38466E-01    0.80983E+00    0.89107E-01    0.54097E+02
  -0.38466E-01    0.80983E+00    0.89107E-01    0.54097E+02
  -0.38466E-01    0.80983E+00    0.89107E-01    0.54097E+02
  -0.38466E-01    0.80983E+00    0.89107E-01    0.54097E+02
  -0.38466E-01    0.80983E+00    0.89107E-01    0.54097E+02
  -0.38268E-01    0.81571E+00    0.89919E-01    0.54117E+02
  -0.38268E-01    0.81571E+00    0.89919E-01    0.54117E+02
  -0.38268E-01    0.81571E+00    0.89919E-01    0.54117E+02
  -0.38268E-01    0.81571E+00    0.89919E-01    0.54117E+02
  -0.38268E-01    0.81571E+00    0.89919E-01    0.54117E+02
  -0.38025E-01    0.82360E+00    0.90842E-01    0.54142E+02
  -0.38025E-01    0.82360E+00    0.90842E-01    0.54142E+02
  -0.38025E-01    0.82360E+00    0.90842E-01    0.54142E+02
  -0.38025E-01    0.82360E+00    0.90842E-01    0.54142E+02
  -0.38025E-01    0.82360E+00    0.90842E-01    0.54142E+02
  -0.37768E-01    0.83237E+00    0.91780E-01    0.54169E+02
  -0.37768E-01    0.83237E+00    0.91780E-01    0.54169E+02
  -0.37768E-01    0.83237E+00    0.91780E-01    0.54169E+02
  -0.37768E-01    0.83237E+00    0.91780E-01    0.54169E+02
  -0.37768E-01    0.83237E+00    0.91780E-01    0.54169E+02
  -0.37532E-01    0.84089E+00    0.92645E-01    0.54195E+02
  -0.37532E-01    0.84089E+00    0.92645E-01    0.54195E+02
  -0.37532E-01    0.84089E+00    0.92645E-01    0.54195E+02
  -0.37532E-01    0.84089E+00    0.92645E-01    0.54195E+02
  -0.37532E-01    0.84089E+00    0.92645E-01    0.54195E+02
  -0.37344E-01    0.84808E+00    0.93364E-01    0.54216E+02
  -0.37344E-01    0.84808E+00    0.93364E-01    0.54216E+02
  -0.37344E-01    0.84808E+00    0.93364E-01    0.54216E+02
  -0.37344E-01    0.84808E+00    0.93364E-01    0.54216E+02
  -0.37344E-01    0.84808E+00    0.93364E-01    0.54216E+02
  -0.37225E-01    0.85315E+00    0.93889E-01    0.54231E+02
  -0.37225E-01    0.85315E+00    0.93889E-01    0.54231E+02
  -0.37225E-01    0.85315E+00    0.93889E-01    0.54231E+02
  -0.37225E-01    0.85315E+00    0.93889E-01    0.54231E+02
  -0.37225E-01    0.85315E+00    0.93889E-01    0.54231E+02
  -0.37184E-01    0.85561E+00    0.94201E-01    0.54238E+02
  -0.37184E-01    0.85561E+00    0.94201E-01    0.54238E+02
  -0.37184E-01    0.85561E+00    0.94201E-01    0.54238E+02
  -0.37184E-01    0.85561E+00    0.94201E-01    0.54238E+02
  -0.37184E-01    0.85561E+00    0.94201E-01    0.54238E+02
  -0.37221E-01    0.85536E+00    0.94309E-01    0.54238E+02
  -0.37221E-01    0.85536E+00    0.94309E-01    0.54238E+02
  -0.37221E-01    0.85536E+00    0.94309E-01    0.54238E+02
  -0.37221E-01    0.85536E+00    0.94309E-01    0.54238E+02
  -0.37221E-01    0.85536E+00    0.94309E-01    0.54238E+02
  -0.37324E-01    0.85265E+00    0.94251E-01    0.54231E+02
  -0.37324E-01    0.85265E+00    0.94251E-01    0.54231E+02
  -0.37324E-01    0.85265E+00    0.94251E-01    0.54231E+02
  -0.37324E-01    0.85265E+00    0.94251E-01    0.54231E+02
  -0.37324E-01    0.85265E+00    0.94251E-01    0.54231E+02
  -0.37473E-01    0.84806E+00    0.94083E-01    0.54218E+02
  -0.37473E-01    0.84806E+00    0.94083E-01    0.54218E+02
  -0.37473E-01    0.84806E+00    0.94083E-01    0.54218E+02
  -0.37473E-01    0.84806E+00    0.94083E-01    0.54218E+02
  -0.37473E-01    0.84806E+00    0.94083E-01    0.54218E+02
  -0.37645E-01    0.84233E+00    0.93873E-01    0.54203E+02
  -0.37645E-01    0.84233E+00    0.93873E-01    0.54203E+02
  -0.37645E-01    0.84233E+00    0.93873E-01    0.54203E+02
  -0.37645E-01    0.84233E+00    0.93873E-01    0.54203E+02
  -0.37645E-01    0.84233E+00    0.93873E-01    0.54203E+02
  -0.37816E-01    0.83630E+00    0.93688E-01    0.54186E+02
  -0.37816E-01    0.83630E+00    0.93688E-01    0.54186E+02
  -0.37816E-01    0.83630E+00    0.93688E-01    0.54186E+02
  -0.37816E-01    0.83630E+00    0.93688E-01    0.54186E+02
  -0.37816E-01    0.83630E+00    0.93688E-01    0.54186E+02
  -0.37965E-01    0.83074E+00    0.93589E-01    0.54172E+02
  -0.37965E-01    0.83074E+00    0.93589E-01    0.54172E+02
  -0.37965E-01    0.83074E+00    0.93589E-01    0.54172E+02
  -0.37965E-01    0.83074E+00    0.93589E-01    0.54172E+02
  -0.37965E-01    0.83074E+00    0.93589E-01    0.54172E+02
  -0.38076E-01    0.82631E+00    0.93621E-01    0.54160E+02
  -0.38076E-01    0.82631E+00    0.93621E-01    0.54160E+02
  -0.38076E-01    0.82631E+00    0.93621E-01    0.54160E+02
  -0.38076E-01    0.82631E+00    0.93621E-01    0.54160E+02
  -0.38076E-01    0.82631E+00    0.93621E-01    0.54160E+02
  -0.38139E-01    0.82345E+00    0.93809E-01    0.54153E+02
  -0.38139E-01    0.82345E+00    0.93809E-01    0.54153E+02
  -0.38139E-01    0.82345E+00    0.93809E-01    0.54153E+02
  -0.38139E-01    0.82345E+00    0.93809E-01    0.54153E+02
  -0.38139E-01    0.82345E+00    0.93809E-01    0.54153E+02
  -0.38149E-01    0.82238E+00    0.94159E-01    0.54151E+02
  -0.38149E-01    0.82238E+00    0.94159E-01    0.54151E+02
  -0.38149E-01    0.82238E+00    0.94159E-01    0.54151E+02
  -0.38149E-01    0.82238E+00    0.94159E-01    0.54151E+02
  -0.38149E-01    0.82238E+00    0.94159E-01    0.54151E+02
  -0.38110E-01    0.82309E+00    0.94657E-01    0.54154E+02
  -0.38110E-01    0.82309E+00    0.94657E-01    0.54154E+02
  -0.38110E-01    0.82309E+00    0.94657E-01    0.54154E+02
  -0.38110E-01    0.82309E+00    0.94657E-01    0.54154E+02
  -0.38110E-01    0.82309E+00    0.94657E-01    0.54154E+02
  -0.38030E-01    0.82535E+00    0.95275E-01    0.54162E+02
  -0.38030E-01    0.82535E+00    0.95275E-01    0.54162E+02
  -0.38030E-01    0.82535E+00    0.95275E-01    0.54162E+02
  -0.38030E-01    0.82535E+00    0.95275E-01    0.54162E+02
  -0.38030E-01    0.82535E+00    0.95275E-01    0.54162E+02
  -0.37922E-01    0.82878E+00    0.95970E-01    0.54172E+02
  -0.37922E-01    0.82878E+00    0.95970E-01    0.54172E+02
  -0.37922E-01    0.82878E+00    0.95970E-01    0.54172E+02
  -0.37922E-01    0.82878E+00    0.95970E-01    0.54172E+02
  -0.37922E-01    0.82878E+00    0.95970E-01    0.54172E+02
  -0.37749E-01    0.83494E+00    0.97067E-01    0.54192E+02
  -0.37749E-01    0.83494E+00    0.97067E-01    0.54192E+02
  -0.37749E-01    0.83494E+00    0.97067E-01    0.54192E+02
  -0.37749E-01    0.83494E+00    0.97067E-01    0.54192E+02
  -0.37749E-01    0.83494E+00    0.97067E-01    0.54192E+02
  -0.37449E-01    0.84813E+00    0.99518E-01    0.54224E+02
  -0.37449E-01    0.84813E+00    0.99518E-01    0.54224E+02
  -0.37449E-01    0.84813E+00    0.99518E-01    0.54224E+02
  -0.37449E-01    0.84813E+00    0.99518E-01    0.54224E+02
  -0.37449E-01    0.84813E+00    0.99518E-01    0.54224E+02
  -0.37250E-01    0.85378E+00    0.10078E+00    0.54226E+02
  -0.37250E-01    0.85378E+00    0.10078E+00    0.54226E+02
  -0.37250E-01    0.85378E+00    0.10078E+00    0.54226E+02
  -0.37250E-01    0.85378E+00    0.10078E+00    0.54226E+02
  -0.37250E-01    0.85378E+00    0.10078E+00    0.54226E+02
  -0.37061E-01    0.85455E+00    0.10086E+00    0.54222E+02
  -0.37061E-01    0.85455E+00    0.10086E+00    0.54222E+02
  -0.37061E-01    0.85455E+00    0.10086E+00    0.54222E+02
  -0.37061E-01    0.85455E+00    0.10086E+00    0.54222E+02
  -0.37061E-01    0.85455E+00    0.10086E+00    0.54222E+02
  -0.37057E-01    0.84999E+00    0.99716E-01    0.54232E+02
  -0.37057E-01    0.84999E+00    0.99716E-01    0.54232E+02
  -0.37057E-01    0.84999E+00    0.99716E-01    0.54232E+02
  -0.37057E-01    0.84999E+00    0.99716E-01    0.54232E+02
  -0.37057E-01    0.84999E+00    0.99716E-01    0.54232E+02
  -0.37319E-01    0.83970E+00    0.97714E-01    0.54249E+02
  -0.37319E-01    0.83970E+00    0.97714E-01    0.54249E+02
  -0.37319E-01    0.83970E+00    0.97714E-01    0.54249E+02
  -0.37319E-01    0.83970E+00    0.97714E-01    0.54249E+02
  -0.37319E-01    0.83970E+00    0.97714E-01    0.54249E+02
  -0.37842E-01    0.82335E+00    0.95207E-01    0.54255E+02
  -0.37842E-01    0.82335E+00    0.95207E-01    0.54255E+02
  -0.37842E-01    0.82335E+00    0.95207E-01    0.54255E+02
  -0.37842E-01    0.82335E+00    0.95207E-01    0.54255E+02
  -0.37842E-01    0.82335E+00    0.95207E-01    0.54255E+02
  -0.38563E-01    0.80142E+00    0.92438E-01    0.54237E+02
  -0.38563E-01    0.80142E+00    0.92438E-01    0.54237E+02
  -0.38563E-01    0.80142E+00    0.92438E-01    0.54237E+02
  -0.38563E-01    0.80142E+00    0.92438E-01    0.54237E+02
  -0.38563E-01    0.80142E+00    0.92438E-01    0.54237E+02
  -0.39374E-01    0.77583E+00    0.89624E-01    0.54190E+02
  -0.39374E-01    0.77583E+00    0.89624E-01    0.54190E+02
  -0.39374E-01    0.77583E+00    0.89624E-01    0.54190E+02
  -0.39374E-01    0.77583E+00    0.89624E-01    0.54190E+02
  -0.39374E-01    0.77583E+00    0.89624E-01    0.54190E+02
  -0.40155E-01    0.74976E+00    0.87017E-01    0.54123E+02
  -0.40155E-01    0.74976E+00    0.87017E-01    0.54123E+02
  -0.40155E-01    0.74976E+00    0.87017E-01    0.54123E+02
  -0.40155E-01    0.74976E+00    0.87017E-01    0.54123E+02
  -0.40155E-01    0.74976E+00    0.87017E-01    0.54123E+02
  -0.40798E-01    0.72694E+00    0.84894E-01    0.54052E+02
  -0.40798E-01    0.72694E+00    0.84894E-01    0.54052E+02
  -0.40798E-01    0.72694E+00    0.84894E-01    0.54052E+02
  -0.40798E-01    0.72694E+00    0.84894E-01    0.54052E+02
  -0.40798E-01    0.72694E+00    0.84894E-01    0.54052E+02
  -0.41220E-01    0.71083E+00    0.83524E-01    0.53992E+02
  -0.41220E-01    0.71083E+00    0.83524E-01    0.53992E+02
  -0.41220E-01    0.71083E+00    0.83524E-01    0.53992E+02
  -0.41220E-01    0.71083E+00    0.83524E-01    0.53992E+02
  -0.41220E-01    0.71083E+00    0.83524E-01    0.53992E+02
  -0.41365E-01    0.70407E+00    0.83108E-01    0.53957E+02
  -0.41365E-01    0.70407E+00    0.83108E-01    0.53957E+02
  -0.41365E-01    0.70407E+00    0.83108E-01    0.53957E+02
  -0.41365E-01    0.70407E+00    0.83108E-01    0.53957E+02
  -0.41365E-01    0.70407E+00    0.83108E-01    0.53957E+02
  -0.41203E-01    0.70826E+00    0.83748E-01    0.53952E+02
  -0.41203E-01    0.70826E+00    0.83748E-01    0.53952E+02
  -0.41203E-01    0.70826E+00    0.83748E-01    0.53952E+02
  -0.41203E-01    0.70826E+00    0.83748E-01    0.53952E+02
  -0.41203E-01    0.70826E+00    0.83748E-01    0.53952E+02
  -0.40729E-01    0.72395E+00    0.85416E-01    0.53974E+02
  -0.40729E-01    0.72395E+00    0.85416E-01    0.53974E+02
  -0.40729E-01    0.72395E+00    0.85416E-01    0.53974E+02
  -0.40729E-01    0.72395E+00    0.85416E-01    0.53974E+02
  -0.40729E-01    0.72395E+00    0.85416E-01    0.53974E+02
  -0.39963E-01    0.75060E+00    0.87962E-01    0.54020E+02
  -0.39963E-01    0.75060E+00    0.87962E-01    0.54020E+02
  -0.39963E-01    0.75060E+00    0.87962E-01    0.54020E+02
  -0.39963E-01    0.75060E+00    0.87962E-01    0.54020E+02
  -0.39963E-01    0.75060E+00    0.87962E-01    0.54020E+02
  -0.38954E-01    0.78653E+00    0.91110E-01    0.54080E+02
  -0.38954E-01    0.78653E+00    0.91110E-01    0.54080E+02
  -0.38954E-01    0.78653E+00    0.91110E-01    0.54080E+02
  -0.38954E-01    0.78653E+00    0.91110E-01    0.54080E+02
  -0.38954E-01    0.78653E+00    0.91110E-01    0.54080E+02
  -0.37787E-01    0.82889E+00    0.94479E-01    0.54145E+02
  -0.37787E-01    0.82889E+00    0.94479E-01    0.54145E+02
  -0.37787E-01    0.82889E+00    0.94479E-01    0.54145E+02
  -0.37787E-01    0.82889E+00    0.94479E-01    0.54145E+02
  -0.37787E-01    0.82889E+00    0.94479E-01    0.54145E+02
  -0.36577E-01    0.87356E+00    0.97596E-01    0.54206E+02
  -0.36577E-01    0.87356E+00    0.97596E-01    0.54206E+02
  -0.36577E-01    0.87356E+00    0.97596E-01    0.54206E+02
  -0.36577E-01    0.87356E+00    0.97596E-01    0.54206E+02
  -0.36577E-01    0.87356E+00    0.97596E-01    0.54206E+02
  -0.35467E-01    0.91552E+00    0.99959E-01    0.54256E+02
  -0.35467E-01    0.91552E+00    0.99959E-01    0.54256E+02
  -0.35467E-01    0.91552E+00    0.99959E-01    0.54256E+02
  -0.35467E-01    0.91552E+00    0.99959E-01    0.54256E+02
  -0.35467E-01    0.91552E+00    0.99959E-01    0.54256E+02
  -0.34602E-01    0.94952E+00    0.10111E+00    0.54290E+02
  -0.34602E-01    0.94952E+00    0.10111E+00    0.54290E+02
  -0.34602E-01    0.94952E+00    0.10111E+00    0.54290E+02
  -0.34602E-01    0.94952E+00    0.10111E+00    0.54290E+02
  -0.34602E-01    0.94952E+00    0.10111E+00    0.54290E+02
  -0.34097E-01    0.97112E+00    0.10074E+00    0.54304E+02
  -0.34097E-01    0.97112E+00    0.10074E+00    0.54304E+02
  -0.34097E-01    0.97112E+00    0.10074E+00    0.54304E+02
  -0.34097E-01    0.97112E+00    0.10074E+00    0.54304E+02
  -0.34097E-01    0.97112E+00    0.10074E+00    0.54304E+02
  -0.34007E-01    0.97778E+00    0.98759E-01    0.54297E+02
  -0.34007E-01    0.97778E+00    0.98759E-01    0.54297E+02
  -0.34007E-01    0.97778E+00    0.98759E-01    0.54297E+02
  -0.34007E-01    0.97778E+00    0.98759E-01    0.54297E+02
  -0.34007E-01    0.97778E+00    0.98759E-01    0.54297E+02
  -0.34314E-01    0.96951E+00    0.95347E-01    0.54270E+02
  -0.34314E-01    0.96951E+00    0.95347E-01    0.54270E+02
  -0.34314E-01    0.96951E+00    0.95347E-01    0.54270E+02
  -0.34314E-01    0.96951E+00    0.95347E-01    0.54270E+02
  -0.34314E-01    0.96951E+00    0.95347E-01    0.54270E+02
  -0.34937E-01    0.94878E+00    0.90888E-01    0.54227E+02
  -0.34937E-01    0.94878E+00    0.90888E-01    0.54227E+02
  -0.34937E-01    0.94878E+00    0.90888E-01    0.54227E+02
  -0.34937E-01    0.94878E+00    0.90888E-01    0.54227E+02
  -0.34937E-01    0.94878E+00    0.90888E-01    0.54227E+02
  -0.35757E-01    0.91966E+00    0.85878E-01    0.54173E+02
  -0.35757E-01    0.91966E+00    0.85878E-01    0.54173E+02
  -0.35757E-01    0.91966E+00    0.85878E-01    0.54173E+02
  -0.35757E-01    0.91966E+00    0.85878E-01    0.54173E+02
  -0.35757E-01    0.91966E+00    0.85878E-01    0.54173E+02
  -0.36651E-01    0.88668E+00    0.80803E-01    0.54114E+02
  -0.36651E-01    0.88668E+00    0.80803E-01    0.54114E+02
  -0.36651E-01    0.88668E+00    0.80803E-01    0.54114E+02
  -0.36651E-01    0.88668E+00    0.80803E-01    0.54114E+02
  -0.36651E-01    0.88668E+00    0.80803E-01    0.54114E+02
  -0.37515E-01    0.85387E+00    0.76048E-01    0.54058E+02
  -0.37515E-01    0.85387E+00    0.76048E-01    0.54058E+02
  -0.37515E-01    0.85387E+00    0.76048E-01    0.54058E+02
  -0.37515E-01    0.85387E+00    0.76048E-01    0.54058E+02
  -0.37515E-01    0.85387E+00    0.76048E-01    0.54058E+02
  -0.38272E-01    0.82429E+00    0.71866E-01    0.54010E+02
  -0.38272E-01    0.82429E+00    0.71866E-01    0.54010E+02
  -0.38272E-01    0.82429E+00    0.71866E-01    0.54010E+02
  -0.38272E-01    0.82429E+00    0.71866E-01    0.54010E+02
  -0.38272E-01    0.82429E+00    0.71866E-01    0.54010E+02
  -0.38876E-01    0.79989E+00    0.68386E-01    0.53974E+02
  -0.38876E-01    0.79989E+00    0.68386E-01    0.53974E+02
  -0.38876E-01    0.79989E+00    0.68386E-01    0.53974E+02
  -0.38876E-01    0.79989E+00    0.68386E-01    0.53974E+02
  -0.38876E-01    0.79989E+00    0.68386E-01    0.53974E+02
