   0.26853E+02    0.43254E+02    0.26629E+04    0.71272E+02
   0.27000E+02    0.43237E+02    0.26553E+04    0.69850E+02
   0.26981E+02    0.42996E+02    0.26950E+04    0.68720E+02
   0.26936E+02    0.43020E+02    0.27523E+04    0.68195E+02
   0.26891E+02    0.43468E+02    0.28069E+04    0.68384E+02
   0.26888E+02    0.43864E+02    0.28344E+04    0.68969E+02
   0.26904E+02    0.44114E+02    0.28394E+04    0.69648E+02
   0.26930E+02    0.44165E+02    0.28355E+04    0.70206E+02
   0.26941E+02    0.44079E+02    0.28364E+04    0.70662E+02
   0.26941E+02    0.43975E+02    0.28423E+04    0.71069E+02
   0.26933E+02    0.43895E+02    0.28536E+04    0.71503E+02
   0.26925E+02    0.43855E+02    0.28650E+04    0.71990E+02
   0.26918E+02    0.43836E+02    0.28743E+04    0.72525E+02
   0.26916E+02    0.43813E+02    0.28806E+04    0.73085E+02
   0.26914E+02    0.43758E+02    0.28844E+04    0.73648E+02
   0.26914E+02    0.43700E+02    0.28865E+04    0.74198E+02
   0.26911E+02    0.43625E+02    0.28879E+04    0.74742E+02
   0.26909E+02    0.43555E+02    0.28882E+04    0.75277E+02
   0.26904E+02    0.43485E+02    0.28877E+04    0.75813E+02
   0.26902E+02    0.43417E+02    0.28857E+04    0.76344E+02
   0.26898E+02    0.43350E+02    0.28822E+04    0.76872E+02
   0.26895E+02    0.43278E+02    0.28769E+04    0.77389E+02
   0.26892E+02    0.43204E+02    0.28701E+04    0.77890E+02
   0.26890E+02    0.43123E+02    0.28619E+04    0.78370E+02
   0.26887E+02    0.43045E+02    0.28525E+04    0.78827E+02
   0.26884E+02    0.42959E+02    0.28420E+04    0.79259E+02
   0.26881E+02    0.42881E+02    0.28305E+04    0.79662E+02
   0.26879E+02    0.42794E+02    0.28181E+04    0.80036E+02
   0.26877E+02    0.42719E+02    0.28047E+04    0.80374E+02
   0.26874E+02    0.42632E+02    0.27907E+04    0.80678E+02
   0.26872E+02    0.42561E+02    0.27761E+04    0.80941E+02
   0.26869E+02    0.42476E+02    0.27610E+04    0.81168E+02
   0.26869E+02    0.42411E+02    0.27457E+04    0.81350E+02
   0.26866E+02    0.42331E+02    0.27301E+04    0.81494E+02
   0.26866E+02    0.42275E+02    0.27145E+04    0.81590E+02
   0.26864E+02    0.42202E+02    0.26991E+04    0.81648E+02
   0.26865E+02    0.42156E+02    0.26838E+04    0.81657E+02
   0.26863E+02    0.42093E+02    0.26690E+04    0.81629E+02
   0.26864E+02    0.42058E+02    0.26546E+04    0.81553E+02
   0.26863E+02    0.42007E+02    0.26408E+04    0.81441E+02
   0.26866E+02    0.41985E+02    0.26275E+04    0.81283E+02
   0.26865E+02    0.41948E+02    0.26152E+04    0.81093E+02
   0.26868E+02    0.41939E+02    0.26036E+04    0.80861E+02
   0.26868E+02    0.41917E+02    0.25930E+04    0.80603E+02
   0.26872E+02    0.41922E+02    0.25831E+04    0.80307E+02
   0.26873E+02    0.41916E+02    0.25743E+04    0.79987E+02
   0.26877E+02    0.41933E+02    0.25663E+04    0.79636E+02
   0.26878E+02    0.41942E+02    0.25595E+04    0.79269E+02
   0.26882E+02    0.41973E+02    0.25536E+04    0.78877E+02
   0.26884E+02    0.41996E+02    0.25486E+04    0.78475E+02
   0.26888E+02    0.42037E+02    0.25444E+04    0.78051E+02
   0.26890E+02    0.42073E+02    0.25413E+04    0.77624E+02
   0.26895E+02    0.42122E+02    0.25389E+04    0.77183E+02
   0.26896E+02    0.42170E+02    0.25375E+04    0.76745E+02
   0.26901E+02    0.42225E+02    0.25367E+04    0.76298E+02
   0.26903E+02    0.42283E+02    0.25367E+04    0.75857E+02
   0.26907E+02    0.42341E+02    0.25372E+04    0.75413E+02
   0.26908E+02    0.42406E+02    0.25387E+04    0.74980E+02
   0.26912E+02    0.42467E+02    0.25403E+04    0.74551E+02
   0.26913E+02    0.42538E+02    0.25428E+04    0.74136E+02
   0.26916E+02    0.42598E+02    0.25452E+04    0.73728E+02
   0.26918E+02    0.42671E+02    0.25484E+04    0.73337E+02
   0.26920E+02    0.42729E+02    0.25516E+04    0.72958E+02
   0.26921E+02    0.42805E+02    0.25553E+04    0.72599E+02
   0.26922E+02    0.42860E+02    0.25588E+04    0.72256E+02
   0.26924E+02    0.42935E+02    0.25628E+04    0.71932E+02
   0.26924E+02    0.42985E+02    0.25662E+04    0.71625E+02
   0.26926E+02    0.43057E+02    0.25700E+04    0.71333E+02
   0.26926E+02    0.43100E+02    0.25733E+04    0.71055E+02
   0.26927E+02    0.43167E+02    0.25772E+04    0.70791E+02
   0.26927E+02    0.43204E+02    0.25806E+04    0.70545E+02
   0.26928E+02    0.43268E+02    0.25846E+04    0.70318E+02
   0.26927E+02    0.43301E+02    0.25881E+04    0.70114E+02
   0.26928E+02    0.43363E+02    0.25920E+04    0.69929E+02
   0.26926E+02    0.43390E+02    0.25952E+04    0.69766E+02
   0.26928E+02    0.43446E+02    0.25990E+04    0.69623E+02
   0.26926E+02    0.43467E+02    0.26022E+04    0.69502E+02
   0.26927E+02    0.43516E+02    0.26059E+04    0.69400E+02
   0.26925E+02    0.43531E+02    0.26092E+04    0.69322E+02
   0.26926E+02    0.43573E+02    0.26130E+04    0.69263E+02
   0.26924E+02    0.43582E+02    0.26164E+04    0.69227E+02
   0.26925E+02    0.43618E+02    0.26204E+04    0.69210E+02
   0.26922E+02    0.43621E+02    0.26239E+04    0.69216E+02
   0.26923E+02    0.43649E+02    0.26281E+04    0.69239E+02
   0.26921E+02    0.43646E+02    0.26320E+04    0.69287E+02
   0.26922E+02    0.43668E+02    0.26365E+04    0.69350E+02
   0.26919E+02    0.43660E+02    0.26407E+04    0.69437E+02
   0.26920E+02    0.43675E+02    0.26454E+04    0.69540E+02
   0.26917E+02    0.43663E+02    0.26499E+04    0.69665E+02
   0.26918E+02    0.43671E+02    0.26549E+04    0.69806E+02
   0.26915E+02    0.43663E+02    0.26599E+04    0.69968E+02
   0.26916E+02    0.43666E+02    0.26652E+04    0.70146E+02
   0.26914E+02    0.43667E+02    0.26709E+04    0.70345E+02
   0.26915E+02    0.43666E+02    0.26767E+04    0.70559E+02
   0.26913E+02    0.43668E+02    0.26829E+04    0.70796E+02
   0.26914E+02    0.43662E+02    0.26889E+04    0.71048E+02
   0.26912E+02    0.43661E+02    0.26952E+04    0.71321E+02
   0.26913E+02    0.43649E+02    0.27011E+04    0.71607E+02
   0.26911E+02    0.43642E+02    0.27073E+04    0.71913E+02
   0.26911E+02    0.43624E+02    0.27128E+04    0.72231E+02
   0.26909E+02    0.43611E+02    0.27183E+04    0.72567E+02
   0.26909E+02    0.43586E+02    0.27230E+04    0.72912E+02
   0.26907E+02    0.43565E+02    0.27275E+04    0.73269E+02
   0.26906E+02    0.43533E+02    0.27312E+04    0.73632E+02
   0.26904E+02    0.43504E+02    0.27346E+04    0.74006E+02
   0.26903E+02    0.43465E+02    0.27370E+04    0.74384E+02
   0.26901E+02    0.43429E+02    0.27389E+04    0.74767E+02
   0.26900E+02    0.43384E+02    0.27397E+04    0.75149E+02
   0.26897E+02    0.43339E+02    0.27399E+04    0.75531E+02
   0.26896E+02    0.43288E+02    0.27391E+04    0.75908E+02
   0.26894E+02    0.43237E+02    0.27376E+04    0.76281E+02
   0.26892E+02    0.43180E+02    0.27350E+04    0.76645E+02
   0.26890E+02    0.43123E+02    0.27317E+04    0.76999E+02
   0.26888E+02    0.43062E+02    0.27275E+04    0.77340E+02
   0.26886E+02    0.43000E+02    0.27225E+04    0.77667E+02
   0.26884E+02    0.42936E+02    0.27166E+04    0.77976E+02
   0.26882E+02    0.42872E+02    0.27101E+04    0.78266E+02
   0.26880E+02    0.42807E+02    0.27029E+04    0.78535E+02
   0.26878E+02    0.42745E+02    0.26952E+04    0.78780E+02
   0.26876E+02    0.42679E+02    0.26870E+04    0.79002E+02
   0.26875E+02    0.42622E+02    0.26785E+04    0.79196E+02
   0.26873E+02    0.42559E+02    0.26697E+04    0.79365E+02
   0.26873E+02    0.42508E+02    0.26608E+04    0.79504E+02
   0.26871E+02    0.42449E+02    0.26517E+04    0.79616E+02
   0.26872E+02    0.42405E+02    0.26427E+04    0.79697E+02
   0.26870E+02    0.42352E+02    0.26337E+04    0.79751E+02
   0.26872E+02    0.42318E+02    0.26250E+04    0.79772E+02
   0.26870E+02    0.42272E+02    0.26164E+04    0.79769E+02
   0.26872E+02    0.42248E+02    0.26083E+04    0.79733E+02
   0.26871E+02    0.42211E+02    0.26004E+04    0.79673E+02
   0.26874E+02    0.42197E+02    0.25930E+04    0.79583E+02
   0.26873E+02    0.42170E+02    0.25860E+04    0.79471E+02
   0.26876E+02    0.42166E+02    0.25796E+04    0.79331E+02
   0.26876E+02    0.42150E+02    0.25736E+04    0.79174E+02
   0.26879E+02    0.42157E+02    0.25682E+04    0.78991E+02
   0.26879E+02    0.42151E+02    0.25632E+04    0.78792E+02
   0.26883E+02    0.42168E+02    0.25589E+04    0.78572E+02
   0.26883E+02    0.42172E+02    0.25550E+04    0.78341E+02
   0.26887E+02    0.42197E+02    0.25518E+04    0.78094E+02
   0.26887E+02    0.42212E+02    0.25488E+04    0.77838E+02
   0.26891E+02    0.42244E+02    0.25465E+04    0.77568E+02
   0.26892E+02    0.42267E+02    0.25446E+04    0.77294E+02
   0.26895E+02    0.42305E+02    0.25432E+04    0.77011E+02
   0.26896E+02    0.42336E+02    0.25421E+04    0.76728E+02
   0.26899E+02    0.42378E+02    0.25414E+04    0.76439E+02
   0.26900E+02    0.42414E+02    0.25410E+04    0.76152E+02
   0.26903E+02    0.42459E+02    0.25410E+04    0.75863E+02
   0.26904E+02    0.42500E+02    0.25413E+04    0.75579E+02
   0.26906E+02    0.42546E+02    0.25419E+04    0.75298E+02
   0.26907E+02    0.42590E+02    0.25427E+04    0.75022E+02
   0.26909E+02    0.42636E+02    0.25437E+04    0.74752E+02
   0.26911E+02    0.42682E+02    0.25450E+04    0.74489E+02
   0.26912E+02    0.42726E+02    0.25465E+04    0.74235E+02
   0.26913E+02    0.42773E+02    0.25482E+04    0.73991E+02
   0.26914E+02    0.42815E+02    0.25500E+04    0.73757E+02
   0.26916E+02    0.42861E+02    0.25521E+04    0.73534E+02
   0.26916E+02    0.42899E+02    0.25542E+04    0.73322E+02
   0.26917E+02    0.42945E+02    0.25566E+04    0.73123E+02
   0.26918E+02    0.42979E+02    0.25590E+04    0.72938E+02
   0.26919E+02    0.43023E+02    0.25617E+04    0.72765E+02
   0.26919E+02    0.43053E+02    0.25643E+04    0.72606E+02
   0.26920E+02    0.43093E+02    0.25672E+04    0.72461E+02
   0.26920E+02    0.43118E+02    0.25701E+04    0.72331E+02
   0.26921E+02    0.43155E+02    0.25733E+04    0.72215E+02
   0.26920E+02    0.43176E+02    0.25764E+04    0.72115E+02
   0.26921E+02    0.43209E+02    0.25798E+04    0.72028E+02
   0.26920E+02    0.43225E+02    0.25831E+04    0.71959E+02
   0.26921E+02    0.43254E+02    0.25867E+04    0.71902E+02
   0.26920E+02    0.43265E+02    0.25902E+04    0.71862E+02
   0.26920E+02    0.43290E+02    0.25940E+04    0.71835E+02
   0.26919E+02    0.43296E+02    0.25977E+04    0.71826E+02
   0.26920E+02    0.43316E+02    0.26016E+04    0.71829E+02
   0.26918E+02    0.43318E+02    0.26053E+04    0.71848E+02
   0.26919E+02    0.43333E+02    0.26093E+04    0.71879E+02
   0.26917E+02    0.43331E+02    0.26132E+04    0.71926E+02
   0.26917E+02    0.43341E+02    0.26172E+04    0.71985E+02
   0.26915E+02    0.43335E+02    0.26211E+04    0.72059E+02
   0.26916E+02    0.43341E+02    0.26250E+04    0.72143E+02
   0.26914E+02    0.43331E+02    0.26288E+04    0.72242E+02
   0.26914E+02    0.43333E+02    0.26327E+04    0.72350E+02
   0.26912E+02    0.43320E+02    0.26364E+04    0.72471E+02
   0.26912E+02    0.43317E+02    0.26401E+04    0.72601E+02
   0.26910E+02    0.43301E+02    0.26435E+04    0.72743E+02
   0.26910E+02    0.43294E+02    0.26468E+04    0.72891E+02
   0.26908E+02    0.43275E+02    0.26500E+04    0.73050E+02
   0.26908E+02    0.43264E+02    0.26530E+04    0.73214E+02
   0.26906E+02    0.43243E+02    0.26557E+04    0.73388E+02
   0.26906E+02    0.43228E+02    0.26582E+04    0.73565E+02
   0.26904E+02    0.43205E+02    0.26605E+04    0.73748E+02
   0.26904E+02    0.43187E+02    0.26624E+04    0.73934E+02
   0.26902E+02    0.43163E+02    0.26642E+04    0.74125E+02
   0.26902E+02    0.43142E+02    0.26656E+04    0.74317E+02
   0.26900E+02    0.43116E+02    0.26667E+04    0.74511E+02
   0.26900E+02    0.43092E+02    0.26675E+04    0.74704E+02
   0.26898E+02    0.43066E+02    0.26680E+04    0.74897E+02
   0.26897E+02    0.43039E+02    0.26682E+04    0.75088E+02
   0.26896E+02    0.43013E+02    0.26681E+04    0.75277E+02
   0.26896E+02    0.42985E+02    0.26676E+04    0.75461E+02
   0.26895E+02    0.42959E+02    0.26669E+04    0.75641E+02
   0.26894E+02    0.42929E+02    0.26659E+04    0.75815E+02
   0.26893E+02    0.42903E+02    0.26647E+04    0.75984E+02
   0.26892E+02    0.42873E+02    0.26630E+04    0.76145E+02
   0.26892E+02    0.42849E+02    0.26613E+04    0.76297E+02
   0.26891E+02    0.42818E+02    0.26591E+04    0.76441E+02
   0.26891E+02    0.42796E+02    0.26570E+04    0.76575E+02
   0.26890E+02    0.42766E+02    0.26544E+04    0.76700E+02
   0.26890E+02    0.42746E+02    0.26519E+04    0.76814E+02
   0.26889E+02    0.42717E+02    0.26491E+04    0.76917E+02
   0.26889E+02    0.42699E+02    0.26463E+04    0.77007E+02
   0.26889E+02    0.42672E+02    0.26432E+04    0.77087E+02
   0.26889E+02    0.42657E+02    0.26402E+04    0.77153E+02
   0.26888E+02    0.42633E+02    0.26370E+04    0.77208E+02
   0.26889E+02    0.42621E+02    0.26340E+04    0.77250E+02
   0.26888E+02    0.42599E+02    0.26307E+04    0.77280E+02
   0.26889E+02    0.42592E+02    0.26277E+04    0.77296E+02
   0.26889E+02    0.42573E+02    0.26245E+04    0.77302E+02
   0.26890E+02    0.42569E+02    0.26215E+04    0.77294E+02
   0.26890E+02    0.42554E+02    0.26185E+04    0.77275E+02
   0.26891E+02    0.42554E+02    0.26156E+04    0.77244E+02
   0.26891E+02    0.42543E+02    0.26127E+04    0.77203E+02
   0.26892E+02    0.42546E+02    0.26101E+04    0.77150E+02
   0.26892E+02    0.42539E+02    0.26074E+04    0.77088E+02
   0.26893E+02    0.42546E+02    0.26051E+04    0.77016E+02
   0.26893E+02    0.42543E+02    0.26027E+04    0.76936E+02
   0.26895E+02    0.42554E+02    0.26006E+04    0.76846E+02
   0.26895E+02    0.42555E+02    0.25985E+04    0.76749E+02
   0.26896E+02    0.42568E+02    0.25967E+04    0.76644E+02
   0.26896E+02    0.42572E+02    0.25949E+04    0.76535E+02
   0.26898E+02    0.42588E+02    0.25935E+04    0.76419E+02
   0.26898E+02    0.42596E+02    0.25920E+04    0.76299E+02
   0.26900E+02    0.42614E+02    0.25908E+04    0.76174E+02
   0.26900E+02    0.42625E+02    0.25897E+04    0.76047E+02
   0.26901E+02    0.42644E+02    0.25889E+04    0.75916E+02
   0.26902E+02    0.42658E+02    0.25881E+04    0.75785E+02
   0.26903E+02    0.42678E+02    0.25875E+04    0.75652E+02
   0.26903E+02    0.42695E+02    0.25870E+04    0.75519E+02
   0.26904E+02    0.42715E+02    0.25868E+04    0.75386E+02
   0.26905E+02    0.42733E+02    0.25867E+04    0.75254E+02
   0.26906E+02    0.42754E+02    0.25867E+04    0.75124E+02
   0.26906E+02    0.42773E+02    0.25869E+04    0.74997E+02
   0.26907E+02    0.42793E+02    0.25871E+04    0.74872E+02
   0.26908E+02    0.42813E+02    0.25876E+04    0.74750E+02
   0.26908E+02    0.42832E+02    0.25881E+04    0.74633E+02
   0.26909E+02    0.42853E+02    0.25889E+04    0.74520E+02
   0.26909E+02    0.42871E+02    0.25896E+04    0.74412E+02
   0.26910E+02    0.42891E+02    0.25906E+04    0.74309E+02
   0.26910E+02    0.42907E+02    0.25915E+04    0.74212E+02
   0.26910E+02    0.42927E+02    0.25927E+04    0.74121E+02
   0.26910E+02    0.42941E+02    0.25939E+04    0.74036E+02
   0.26911E+02    0.42960E+02    0.25953E+04    0.73958E+02
   0.26911E+02    0.42973E+02    0.25966E+04    0.73888E+02
   0.26911E+02    0.42990E+02    0.25981E+04    0.73823E+02
   0.26911E+02    0.43000E+02    0.25996E+04    0.73766E+02
   0.26911E+02    0.43017E+02    0.26013E+04    0.73716E+02
   0.26911E+02    0.43025E+02    0.26029E+04    0.73675E+02
   0.26911E+02    0.43039E+02    0.26047E+04    0.73640E+02
   0.26911E+02    0.43045E+02    0.26063E+04    0.73613E+02
   0.26911E+02    0.43057E+02    0.26082E+04    0.73592E+02
   0.26911E+02    0.43061E+02    0.26099E+04    0.73580E+02
   0.26911E+02    0.43071E+02    0.26118E+04    0.73574E+02
   0.26910E+02    0.43072E+02    0.26135E+04    0.73576E+02
   0.26910E+02    0.43080E+02    0.26154E+04    0.73585E+02
   0.26909E+02    0.43079E+02    0.26171E+04    0.73601E+02
   0.26910E+02    0.43085E+02    0.26189E+04    0.73622E+02
   0.26909E+02    0.43082E+02    0.26206E+04    0.73651E+02
   0.26909E+02    0.43086E+02    0.26223E+04    0.73685E+02
   0.26908E+02    0.43082E+02    0.26239E+04    0.73726E+02
   0.26908E+02    0.43083E+02    0.26255E+04    0.73771E+02
   0.26907E+02    0.43077E+02    0.26270E+04    0.73822E+02
   0.26907E+02    0.43076E+02    0.26285E+04    0.73876E+02
   0.26906E+02    0.43068E+02    0.26298E+04    0.73937E+02
   0.26906E+02    0.43066E+02    0.26311E+04    0.74001E+02
   0.26905E+02    0.43056E+02    0.26322E+04    0.74068E+02
   0.26905E+02    0.43052E+02    0.26333E+04    0.74138E+02
   0.26904E+02    0.43041E+02    0.26343E+04    0.74212E+02
   0.26904E+02    0.43035E+02    0.26352E+04    0.74288E+02
   0.26903E+02    0.43024E+02    0.26359E+04    0.74366E+02
   0.26903E+02    0.43016E+02    0.26365E+04    0.74445E+02
   0.26902E+02    0.43005E+02    0.26370E+04    0.74525E+02
   0.26902E+02    0.42995E+02    0.26374E+04    0.74605E+02
   0.26901E+02    0.42983E+02    0.26377E+04    0.74687E+02
   0.26901E+02    0.42973E+02    0.26379E+04    0.74767E+02
   0.26900E+02    0.42961E+02    0.26379E+04    0.74848E+02
   0.26900E+02    0.42950E+02    0.26378E+04    0.74926E+02
   0.26899E+02    0.42938E+02    0.26377E+04    0.75003E+02
   0.26899E+02    0.42926E+02    0.26374E+04    0.75079E+02
   0.26898E+02    0.42915E+02    0.26370E+04    0.75152E+02
   0.26898E+02    0.42903E+02    0.26365E+04    0.75223E+02
   0.26898E+02    0.42892E+02    0.26359E+04    0.75291E+02
   0.26897E+02    0.42879E+02    0.26352E+04    0.75355E+02
   0.26897E+02    0.42869E+02    0.26345E+04    0.75416E+02
   0.26897E+02    0.42857E+02    0.26336E+04    0.75474E+02
   0.26897E+02    0.42848E+02    0.26327E+04    0.75527E+02
   0.26896E+02    0.42836E+02    0.26317E+04    0.75576E+02
   0.26896E+02    0.42829E+02    0.26307E+04    0.75620E+02
   0.26896E+02    0.42818E+02    0.26296E+04    0.75660E+02
   0.26896E+02    0.42811E+02    0.26286E+04    0.75696E+02
   0.26896E+02    0.42801E+02    0.26274E+04    0.75727E+02
   0.26896E+02    0.42796E+02    0.26263E+04    0.75752E+02
   0.26896E+02    0.42787E+02    0.26251E+04    0.75774E+02
   0.26896E+02    0.42783E+02    0.26240E+04    0.75790E+02
   0.26896E+02    0.42775E+02    0.26228E+04    0.75802E+02
   0.26897E+02    0.42773E+02    0.26217E+04    0.75808E+02
   0.26896E+02    0.42767E+02    0.26205E+04    0.75811E+02
   0.26897E+02    0.42766E+02    0.26194E+04    0.75808E+02
   0.26897E+02    0.42761E+02    0.26183E+04    0.75801E+02
   0.26897E+02    0.42762E+02    0.26172E+04    0.75790E+02
   0.26897E+02    0.42759E+02    0.26162E+04    0.75775E+02
   0.26898E+02    0.42761E+02    0.26152E+04    0.75756E+02
   0.26898E+02    0.42759E+02    0.26143E+04    0.75734E+02
   0.26898E+02    0.42763E+02    0.26134E+04    0.75707E+02
   0.26898E+02    0.42762E+02    0.26125E+04    0.75678E+02
   0.26899E+02    0.42767E+02    0.26118E+04    0.75646E+02
   0.26899E+02    0.42768E+02    0.26110E+04    0.75612E+02
   0.26900E+02    0.42774E+02    0.26104E+04    0.75574E+02
   0.26900E+02    0.42776E+02    0.26097E+04    0.75535E+02
   0.26900E+02    0.42783E+02    0.26092E+04    0.75493E+02
   0.26900E+02    0.42787E+02    0.26087E+04    0.75451E+02
   0.26901E+02    0.42794E+02    0.26083E+04    0.75407E+02
   0.26901E+02    0.42799E+02    0.26079E+04    0.75363E+02
   0.26902E+02    0.42807E+02    0.26076E+04    0.75317E+02
   0.26902E+02    0.42812E+02    0.26074E+04    0.75271E+02
   0.26902E+02    0.42820E+02    0.26072E+04    0.75225E+02
   0.26902E+02    0.42826E+02    0.26071E+04    0.75179E+02
   0.26903E+02    0.42835E+02    0.26070E+04    0.75133E+02
   0.26903E+02    0.42841E+02    0.26070E+04    0.75088E+02
   0.26903E+02    0.42849E+02    0.26071E+04    0.75044E+02
   0.26903E+02    0.42856E+02    0.26072E+04    0.75001E+02
   0.26904E+02    0.42864E+02    0.26073E+04    0.74959E+02
   0.26904E+02    0.42872E+02    0.26075E+04    0.74919E+02
   0.26904E+02    0.42879E+02    0.26077E+04    0.74881E+02
   0.26904E+02    0.42886E+02    0.26080E+04    0.74844E+02
   0.26904E+02    0.42893E+02    0.26083E+04    0.74809E+02
   0.26905E+02    0.42900E+02    0.26086E+04    0.74776E+02
   0.26905E+02    0.42906E+02    0.26090E+04    0.74746E+02
   0.26905E+02    0.42913E+02    0.26094E+04    0.74717E+02
   0.26905E+02    0.42918E+02    0.26098E+04    0.74691E+02
   0.26905E+02    0.42925E+02    0.26103E+04    0.74668E+02
   0.26905E+02    0.42929E+02    0.26108E+04    0.74647E+02
   0.26905E+02    0.42935E+02    0.26113E+04    0.74629E+02
   0.26905E+02    0.42939E+02    0.26117E+04    0.74613E+02
   0.26905E+02    0.42944E+02    0.26123E+04    0.74600E+02
   0.26905E+02    0.42946E+02    0.26128E+04    0.74590E+02
   0.26905E+02    0.42951E+02    0.26133E+04    0.74582E+02
   0.26905E+02    0.42953E+02    0.26138E+04    0.74576E+02
   0.26905E+02    0.42956E+02    0.26143E+04    0.74573E+02
   0.26905E+02    0.42957E+02    0.26148E+04    0.74573E+02
   0.26905E+02    0.42960E+02    0.26154E+04    0.74575E+02
   0.26905E+02    0.42960E+02    0.26158E+04    0.74579E+02
   0.26905E+02    0.42962E+02    0.26163E+04    0.74585E+02
   0.26904E+02    0.42961E+02    0.26168E+04    0.74594E+02
   0.26904E+02    0.42963E+02    0.26172E+04    0.74604E+02
   0.26904E+02    0.42961E+02    0.26176E+04    0.74617E+02
   0.26904E+02    0.42962E+02    0.26180E+04    0.74631E+02
   0.26904E+02    0.42960E+02    0.26184E+04    0.74647E+02
   0.26904E+02    0.42959E+02    0.26187E+04    0.74664E+02
   0.26903E+02    0.42957E+02    0.26190E+04    0.74683E+02
   0.26903E+02    0.42956E+02    0.26193E+04    0.74702E+02
   0.26903E+02    0.42952E+02    0.26195E+04    0.74723E+02
   0.26903E+02    0.42951E+02    0.26198E+04    0.74745E+02
   0.26903E+02    0.42947E+02    0.26199E+04    0.74768E+02
   0.26903E+02    0.42945E+02    0.26201E+04    0.74791E+02
   0.26902E+02    0.42941E+02    0.26202E+04    0.74815E+02
   0.26902E+02    0.42938E+02    0.26202E+04    0.74839E+02
   0.26902E+02    0.42934E+02    0.26203E+04    0.74863E+02
   0.26902E+02    0.42931E+02    0.26203E+04    0.74887E+02
   0.26902E+02    0.42927E+02    0.26203E+04    0.74912E+02
   0.26902E+02    0.42923E+02    0.26202E+04    0.74936E+02
   0.26901E+02    0.42919E+02    0.26201E+04    0.74959E+02
   0.26901E+02    0.42915E+02    0.26200E+04    0.74982E+02
   0.26901E+02    0.42911E+02    0.26198E+04    0.75005E+02
   0.26901E+02    0.42907E+02    0.26196E+04    0.75027E+02
   0.26901E+02    0.42903E+02    0.26194E+04    0.75048E+02
   0.26901E+02    0.42900E+02    0.26192E+04    0.75068E+02
   0.26901E+02    0.42896E+02    0.26189E+04    0.75087E+02
   0.26901E+02    0.42892E+02    0.26186E+04    0.75105E+02
   0.26900E+02    0.42889E+02    0.26183E+04    0.75122E+02
   0.26900E+02    0.42885E+02    0.26180E+04    0.75138E+02
   0.26900E+02    0.42882E+02    0.26177E+04    0.75152E+02
   0.26900E+02    0.42878E+02    0.26173E+04    0.75165E+02
   0.26900E+02    0.42876E+02    0.26170E+04    0.75177E+02
   0.26900E+02    0.42873E+02    0.26166E+04    0.75187E+02
   0.26900E+02    0.42870E+02    0.26162E+04    0.75196E+02
   0.26900E+02    0.42867E+02    0.26159E+04    0.75203E+02
   0.26900E+02    0.42866E+02    0.26155E+04    0.75209E+02
   0.26900E+02    0.42863E+02    0.26151E+04    0.75214E+02
   0.26900E+02    0.42862E+02    0.26148E+04    0.75216E+02
   0.26900E+02    0.42860E+02    0.26144E+04    0.75218E+02
   0.26900E+02    0.42859E+02    0.26140E+04    0.75218E+02
   0.26900E+02    0.42858E+02    0.26137E+04    0.75217E+02
   0.26900E+02    0.42857E+02    0.26133E+04    0.75214E+02
   0.26900E+02    0.42856E+02    0.26130E+04    0.75211E+02
   0.26901E+02    0.42857E+02    0.26127E+04    0.75206E+02
   0.26901E+02    0.42856E+02    0.26124E+04    0.75200E+02
   0.26901E+02    0.42857E+02    0.26121E+04    0.75192E+02
   0.26901E+02    0.42856E+02    0.26118E+04    0.75184E+02
   0.26901E+02    0.42857E+02    0.26116E+04    0.75175E+02
   0.26901E+02    0.42858E+02    0.26114E+04    0.75165E+02
   0.26901E+02    0.42859E+02    0.26112E+04    0.75154E+02
   0.26901E+02    0.42860E+02    0.26110E+04    0.75143E+02
   0.26901E+02    0.42862E+02    0.26108E+04    0.75131E+02
   0.26901E+02    0.42862E+02    0.26106E+04    0.75118E+02
   0.26902E+02    0.42865E+02    0.26105E+04    0.75105E+02
   0.26902E+02    0.42866E+02    0.26104E+04    0.75092E+02
   0.26901E+02    0.42866E+02    0.26103E+04    0.75078E+02
   0.26899E+02    0.42856E+02    0.26103E+04    0.75064E+02
   0.26897E+02    0.42839E+02    0.26106E+04    0.75052E+02
   0.26894E+02    0.42816E+02    0.26114E+04    0.75046E+02
   0.26892E+02    0.42796E+02    0.26125E+04    0.75050E+02
   0.26890E+02    0.42780E+02    0.26137E+04    0.75063E+02
   0.26890E+02    0.42777E+02    0.26150E+04    0.75082E+02
   0.26891E+02    0.42773E+02    0.26161E+04    0.75102E+02
   0.26893E+02    0.42786E+02    0.26178E+04    0.75120E+02
   0.26894E+02    0.42782E+02    0.26196E+04    0.75136E+02
   0.26896E+02    0.42808E+02    0.26227E+04    0.75156E+02
   0.26897E+02    0.42808E+02    0.26258E+04    0.75182E+02
   0.26899E+02    0.42837E+02    0.26299E+04    0.75219E+02
   0.26899E+02    0.42840E+02    0.26336E+04    0.75263E+02
   0.26901E+02    0.42870E+02    0.26381E+04    0.75318E+02
   0.26902E+02    0.42872E+02    0.26419E+04    0.75379E+02
   0.26904E+02    0.42898E+02    0.26465E+04    0.75449E+02
   0.26904E+02    0.42898E+02    0.26503E+04    0.75525E+02
   0.26905E+02    0.42919E+02    0.26548E+04    0.75610E+02
   0.26905E+02    0.42916E+02    0.26585E+04    0.75701E+02
   0.26906E+02    0.42934E+02    0.26627E+04    0.75800E+02
   0.26906E+02    0.42928E+02    0.26660E+04    0.75904E+02
   0.26907E+02    0.42940E+02    0.26697E+04    0.76014E+02
   0.26906E+02    0.42930E+02    0.26724E+04    0.76127E+02
   0.26907E+02    0.42937E+02    0.26755E+04    0.76245E+02
   0.26906E+02    0.42923E+02    0.26777E+04    0.76363E+02
   0.26907E+02    0.42925E+02    0.26801E+04    0.76485E+02
   0.26906E+02    0.42908E+02    0.26816E+04    0.76606E+02
   0.26906E+02    0.42906E+02    0.26833E+04    0.76729E+02
   0.26906E+02    0.42887E+02    0.26841E+04    0.76849E+02
   0.26906E+02    0.42881E+02    0.26851E+04    0.76969E+02
   0.26905E+02    0.42859E+02    0.26851E+04    0.77085E+02
   0.26905E+02    0.42851E+02    0.26853E+04    0.77200E+02
   0.26904E+02    0.42827E+02    0.26847E+04    0.77309E+02
   0.26904E+02    0.42816E+02    0.26841E+04    0.77416E+02
   0.26903E+02    0.42791E+02    0.26827E+04    0.77515E+02
   0.26903E+02    0.42778E+02    0.26813E+04    0.77610E+02
   0.26902E+02    0.42752E+02    0.26793E+04    0.77698E+02
   0.26902E+02    0.42738E+02    0.26772E+04    0.77779E+02
   0.26901E+02    0.42712E+02    0.26745E+04    0.77853E+02
   0.26901E+02    0.42696E+02    0.26718E+04    0.77918E+02
   0.26900E+02    0.42671E+02    0.26685E+04    0.77975E+02
   0.26900E+02    0.42655E+02    0.26652E+04    0.78023E+02
   0.26899E+02    0.42630E+02    0.26614E+04    0.78061E+02
   0.26899E+02    0.42614E+02    0.26577E+04    0.78090E+02
   0.26898E+02    0.42591E+02    0.26534E+04    0.78110E+02
   0.26898E+02    0.42574E+02    0.26492E+04    0.78118E+02
   0.26898E+02    0.42552E+02    0.26446E+04    0.78117E+02
   0.26897E+02    0.42530E+02    0.26400E+04    0.78104E+02
   0.26897E+02    0.42509E+02    0.26351E+04    0.78081E+02
   0.26896E+02    0.42485E+02    0.26300E+04    0.78045E+02
   0.26896E+02    0.42466E+02    0.26249E+04    0.77998E+02
   0.26896E+02    0.42443E+02    0.26197E+04    0.77939E+02
   0.26895E+02    0.42427E+02    0.26145E+04    0.77869E+02
   0.26895E+02    0.42407E+02    0.26094E+04    0.77786E+02
   0.26895E+02    0.42394E+02    0.26043E+04    0.77693E+02
   0.26895E+02    0.42377E+02    0.25992E+04    0.77588E+02
   0.26895E+02    0.42368E+02    0.25944E+04    0.77474E+02
   0.26895E+02    0.42354E+02    0.25897E+04    0.77349E+02
   0.26895E+02    0.42350E+02    0.25853E+04    0.77216E+02
   0.26896E+02    0.42341E+02    0.25810E+04    0.77073E+02
   0.26896E+02    0.42342E+02    0.25770E+04    0.76923E+02
   0.26897E+02    0.42338E+02    0.25732E+04    0.76765E+02
   0.26897E+02    0.42343E+02    0.25698E+04    0.76602E+02
   0.26898E+02    0.42344E+02    0.25666E+04    0.76433E+02
   0.26898E+02    0.42354E+02    0.25638E+04    0.76261E+02
   0.26899E+02    0.42360E+02    0.25612E+04    0.76085E+02
   0.26900E+02    0.42374E+02    0.25590E+04    0.75907E+02
   0.26901E+02    0.42384E+02    0.25571E+04    0.75727E+02
   0.26901E+02    0.42402E+02    0.25556E+04    0.75548E+02
   0.26903E+02    0.42417E+02    0.25543E+04    0.75369E+02
   0.26903E+02    0.42439E+02    0.25534E+04    0.75193E+02
   0.26905E+02    0.42458E+02    0.25528E+04    0.75018E+02
   0.26905E+02    0.42482E+02    0.25525E+04    0.74847E+02
   0.26906E+02    0.42502E+02    0.25525E+04    0.74681E+02
   0.26907E+02    0.42528E+02    0.25528E+04    0.74520E+02
   0.26908E+02    0.42547E+02    0.25532E+04    0.74365E+02
   0.26909E+02    0.42574E+02    0.25540E+04    0.74216E+02
   0.26910E+02    0.42593E+02    0.25548E+04    0.74075E+02
   0.26910E+02    0.42619E+02    0.25560E+04    0.73940E+02
   0.26911E+02    0.42636E+02    0.25572E+04    0.73813E+02
   0.26911E+02    0.42663E+02    0.25587E+04    0.73695E+02
   0.26912E+02    0.42677E+02    0.25602E+04    0.73585E+02
   0.26912E+02    0.42703E+02    0.25620E+04    0.73484E+02
   0.26912E+02    0.42715E+02    0.25638E+04    0.73392E+02
   0.26913E+02    0.42739E+02    0.25659E+04    0.73309E+02
   0.26913E+02    0.42749E+02    0.25679E+04    0.73236E+02
   0.26913E+02    0.42770E+02    0.25701E+04    0.73171E+02
   0.26913E+02    0.42777E+02    0.25722E+04    0.73117E+02
   0.26913E+02    0.42796E+02    0.25746E+04    0.73068E+02
   0.26913E+02    0.42800E+02    0.25769E+04    0.73028E+02
   0.26913E+02    0.42817E+02    0.25794E+04    0.72995E+02
   0.26912E+02    0.42819E+02    0.25819E+04    0.72973E+02
   0.26913E+02    0.42833E+02    0.25846E+04    0.72958E+02
   0.26912E+02    0.42834E+02    0.25872E+04    0.72954E+02
   0.26912E+02    0.42846E+02    0.25899E+04    0.72958E+02
   0.26911E+02    0.42844E+02    0.25926E+04    0.72972E+02
   0.26912E+02    0.42854E+02    0.25953E+04    0.72992E+02
   0.26911E+02    0.42850E+02    0.25980E+04    0.73024E+02
   0.26911E+02    0.42857E+02    0.26008E+04    0.73062E+02
   0.26910E+02    0.42851E+02    0.26035E+04    0.73110E+02
   0.26910E+02    0.42855E+02    0.26062E+04    0.73165E+02
   0.26909E+02    0.42847E+02    0.26088E+04    0.73229E+02
   0.26909E+02    0.42849E+02    0.26114E+04    0.73298E+02
   0.26908E+02    0.42839E+02    0.26140E+04    0.73377E+02
   0.26908E+02    0.42838E+02    0.26165E+04    0.73460E+02
   0.26907E+02    0.42827E+02    0.26189E+04    0.73552E+02
   0.26907E+02    0.42823E+02    0.26211E+04    0.73648E+02
   0.26905E+02    0.42810E+02    0.26233E+04    0.73751E+02
   0.26905E+02    0.42803E+02    0.26253E+04    0.73856E+02
   0.26904E+02    0.42789E+02    0.26273E+04    0.73968E+02
   0.26904E+02    0.42780E+02    0.26290E+04    0.74081E+02
   0.26903E+02    0.42765E+02    0.26307E+04    0.74199E+02
   0.26903E+02    0.42754E+02    0.26321E+04    0.74318E+02
   0.26902E+02    0.42738E+02    0.26335E+04    0.74440E+02
   0.26901E+02    0.42725E+02    0.26346E+04    0.74562E+02
   0.26901E+02    0.42708E+02    0.26356E+04    0.74686E+02
   0.26900E+02    0.42693E+02    0.26364E+04    0.74809E+02
   0.26899E+02    0.42677E+02    0.26370E+04    0.74932E+02
   0.26899E+02    0.42660E+02    0.26374E+04    0.75053E+02
   0.26898E+02    0.42644E+02    0.26378E+04    0.75173E+02
   0.26898E+02    0.42626E+02    0.26378E+04    0.75290E+02
   0.26897E+02    0.42610E+02    0.26378E+04    0.75404E+02
   0.26897E+02    0.42591E+02    0.26375E+04    0.75515E+02
   0.26896E+02    0.42576E+02    0.26371E+04    0.75621E+02
   0.26896E+02    0.42557E+02    0.26365E+04    0.75723E+02
   0.26896E+02    0.42542E+02    0.26359E+04    0.75820E+02
   0.26895E+02    0.42524E+02    0.26350E+04    0.75912E+02
   0.26895E+02    0.42510E+02    0.26340E+04    0.75997E+02
   0.26895E+02    0.42492E+02    0.26329E+04    0.76076E+02
   0.26895E+02    0.42480E+02    0.26317E+04    0.76148E+02
   0.26894E+02    0.42462E+02    0.26303E+04    0.76214E+02
   0.26894E+02    0.42452E+02    0.26290E+04    0.76272E+02
   0.26894E+02    0.42435E+02    0.26275E+04    0.76323E+02
   0.26894E+02    0.42427E+02    0.26260E+04    0.76366E+02
   0.26894E+02    0.42412E+02    0.26244E+04    0.76401E+02
   0.26894E+02    0.42406E+02    0.26228E+04    0.76428E+02
   0.26894E+02    0.42392E+02    0.26211E+04    0.76448E+02
   0.26894E+02    0.42388E+02    0.26195E+04    0.76460E+02
   0.26894E+02    0.42377E+02    0.26178E+04    0.76464E+02
   0.26895E+02    0.42375E+02    0.26162E+04    0.76460E+02
   0.26894E+02    0.42366E+02    0.26146E+04    0.76449E+02
   0.26895E+02    0.42367E+02    0.26130E+04    0.76429E+02
   0.26895E+02    0.42360E+02    0.26115E+04    0.76404E+02
   0.26896E+02    0.42363E+02    0.26100E+04    0.76370E+02
   0.26896E+02    0.42359E+02    0.26086E+04    0.76331E+02
   0.26897E+02    0.42364E+02    0.26073E+04    0.76284E+02
   0.26897E+02    0.42362E+02    0.26060E+04    0.76233E+02
   0.26898E+02    0.42369E+02    0.26048E+04    0.76174E+02
   0.26898E+02    0.42370E+02    0.26037E+04    0.76112E+02
   0.26898E+02    0.42379E+02    0.26027E+04    0.76044E+02
   0.26899E+02    0.42382E+02    0.26018E+04    0.75972E+02
   0.26900E+02    0.42393E+02    0.26010E+04    0.75896E+02
   0.26900E+02    0.42398E+02    0.26004E+04    0.75817E+02
   0.26901E+02    0.42410E+02    0.25998E+04    0.75734E+02
   0.26901E+02    0.42418E+02    0.25993E+04    0.75650E+02
   0.26902E+02    0.42431E+02    0.25990E+04    0.75562E+02
   0.26902E+02    0.42441E+02    0.25987E+04    0.75474E+02
   0.26903E+02    0.42454E+02    0.25986E+04    0.75384E+02
   0.26903E+02    0.42465E+02    0.25986E+04    0.75295E+02
   0.26904E+02    0.42480E+02    0.25987E+04    0.75205E+02
   0.26904E+02    0.42492E+02    0.25989E+04    0.75116E+02
   0.26905E+02    0.42507E+02    0.25992E+04    0.75026E+02
   0.26905E+02    0.42520E+02    0.25997E+04    0.74939E+02
   0.26905E+02    0.42534E+02    0.26002E+04    0.74853E+02
   0.26906E+02    0.42549E+02    0.26008E+04    0.74770E+02
   0.26906E+02    0.42563E+02    0.26015E+04    0.74688E+02
   0.26907E+02    0.42577E+02    0.26023E+04    0.74610E+02
   0.26907E+02    0.42591E+02    0.26032E+04    0.74534E+02
   0.26907E+02    0.42605E+02    0.26042E+04    0.74463E+02
   0.26907E+02    0.42618E+02    0.26052E+04    0.74395E+02
   0.26908E+02    0.42632E+02    0.26064E+04    0.74331E+02
   0.26908E+02    0.42644E+02    0.26076E+04    0.74271E+02
   0.26908E+02    0.42658E+02    0.26089E+04    0.74216E+02
   0.26908E+02    0.42668E+02    0.26102E+04    0.74165E+02
   0.26908E+02    0.42681E+02    0.26116E+04    0.74119E+02
   0.26908E+02    0.42690E+02    0.26130E+04    0.74079E+02
   0.26909E+02    0.42703E+02    0.26145E+04    0.74043E+02
   0.26908E+02    0.42710E+02    0.26160E+04    0.74013E+02
   0.26909E+02    0.42721E+02    0.26176E+04    0.73987E+02
   0.26908E+02    0.42728E+02    0.26191E+04    0.73968E+02
   0.26908E+02    0.42737E+02    0.26208E+04    0.73953E+02
   0.26908E+02    0.42742E+02    0.26223E+04    0.73944E+02
   0.26908E+02    0.42750E+02    0.26240E+04    0.73939E+02
   0.26908E+02    0.42754E+02    0.26256E+04    0.73940E+02
   0.26908E+02    0.42760E+02    0.26273E+04    0.73946E+02
   0.26907E+02    0.42762E+02    0.26288E+04    0.73958E+02
   0.26908E+02    0.42767E+02    0.26305E+04    0.73973E+02
   0.26907E+02    0.42768E+02    0.26320E+04    0.73994E+02
   0.26907E+02    0.42771E+02    0.26335E+04    0.74019E+02
   0.26906E+02    0.42771E+02    0.26350E+04    0.74048E+02
   0.26906E+02    0.42772E+02    0.26365E+04    0.74082E+02
   0.26906E+02    0.42770E+02    0.26379E+04    0.74120E+02
   0.26906E+02    0.42771E+02    0.26392E+04    0.74160E+02
   0.26905E+02    0.42767E+02    0.26405E+04    0.74205E+02
   0.26905E+02    0.42766E+02    0.26418E+04    0.74252E+02
   0.26904E+02    0.42762E+02    0.26429E+04    0.74303E+02
   0.26904E+02    0.42759E+02    0.26440E+04    0.74356E+02
   0.26904E+02    0.42754E+02    0.26450E+04    0.74412E+02
   0.26904E+02    0.42750E+02    0.26459E+04    0.74469E+02
   0.26903E+02    0.42744E+02    0.26467E+04    0.74528E+02
   0.26903E+02    0.42739E+02    0.26475E+04    0.74588E+02
   0.26902E+02    0.42733E+02    0.26481E+04    0.74650E+02
   0.26902E+02    0.42726E+02    0.26486E+04    0.74712E+02
   0.26902E+02    0.42720E+02    0.26491E+04    0.74774E+02
   0.26901E+02    0.42712E+02    0.26494E+04    0.74836E+02
   0.26901E+02    0.42705E+02    0.26497E+04    0.74899E+02
   0.26901E+02    0.42697E+02    0.26499E+04    0.74960E+02
   0.26900E+02    0.42690E+02    0.26499E+04    0.75021E+02
   0.26900E+02    0.42682E+02    0.26499E+04    0.75080E+02
   0.26900E+02    0.42675E+02    0.26498E+04    0.75138E+02
   0.26899E+02    0.42666E+02    0.26495E+04    0.75195E+02
   0.26899E+02    0.42659E+02    0.26493E+04    0.75249E+02
   0.26899E+02    0.42650E+02    0.26489E+04    0.75301E+02
   0.26899E+02    0.42644E+02    0.26484E+04    0.75350E+02
   0.26898E+02    0.42635E+02    0.26479E+04    0.75397E+02
   0.26898E+02    0.42629E+02    0.26473E+04    0.75441E+02
   0.26898E+02    0.42620E+02    0.26466E+04    0.75481E+02
   0.26898E+02    0.42615E+02    0.26459E+04    0.75518E+02
   0.26898E+02    0.42607E+02    0.26451E+04    0.75552E+02
   0.26898E+02    0.42603E+02    0.26442E+04    0.75582E+02
   0.26898E+02    0.42595E+02    0.26433E+04    0.75609E+02
   0.26898E+02    0.42592E+02    0.26424E+04    0.75632E+02
   0.26898E+02    0.42585E+02    0.26415E+04    0.75651E+02
   0.26898E+02    0.42583E+02    0.26405E+04    0.75666E+02
   0.26898E+02    0.42576E+02    0.26396E+04    0.75677E+02
   0.26898E+02    0.42575E+02    0.26386E+04    0.75684E+02
   0.26898E+02    0.42570E+02    0.26376E+04    0.75688E+02
   0.26898E+02    0.42570E+02    0.26366E+04    0.75687E+02
   0.26898E+02    0.42566E+02    0.26356E+04    0.75683E+02
   0.26898E+02    0.42567E+02    0.26346E+04    0.75675E+02
   0.26898E+02    0.42564E+02    0.26336E+04    0.75664E+02
   0.26898E+02    0.42566E+02    0.26327E+04    0.75649E+02
   0.26898E+02    0.42564E+02    0.26318E+04    0.75632E+02
   0.26899E+02    0.42567E+02    0.26309E+04    0.75610E+02
   0.26899E+02    0.42567E+02    0.26301E+04    0.75587E+02
   0.26899E+02    0.42571E+02    0.26293E+04    0.75559E+02
   0.26899E+02    0.42572E+02    0.26285E+04    0.75530E+02
   0.26900E+02    0.42577E+02    0.26278E+04    0.75498E+02
   0.26900E+02    0.42578E+02    0.26272E+04    0.75465E+02
   0.26900E+02    0.42584E+02    0.26265E+04    0.75429E+02
   0.26900E+02    0.42587E+02    0.26260E+04    0.75391E+02
   0.26901E+02    0.42593E+02    0.26255E+04    0.75352E+02
   0.26901E+02    0.42597E+02    0.26250E+04    0.75312E+02
   0.26901E+02    0.42604E+02    0.26246E+04    0.75271E+02
   0.26901E+02    0.42609E+02    0.26243E+04    0.75229E+02
   0.26902E+02    0.42616E+02    0.26240E+04    0.75186E+02
   0.26902E+02    0.42622E+02    0.26238E+04    0.75144E+02
   0.26902E+02    0.42629E+02    0.26236E+04    0.75101E+02
   0.26902E+02    0.42635E+02    0.26235E+04    0.75058E+02
   0.26903E+02    0.42643E+02    0.26234E+04    0.75016E+02
   0.26903E+02    0.42649E+02    0.26234E+04    0.74975E+02
   0.26903E+02    0.42657E+02    0.26234E+04    0.74933E+02
   0.26903E+02    0.42663E+02    0.26235E+04    0.74894E+02
   0.26903E+02    0.42671E+02    0.26236E+04    0.74855E+02
   0.26904E+02    0.42678E+02    0.26238E+04    0.74818E+02
   0.26904E+02    0.42685E+02    0.26241E+04    0.74782E+02
   0.26904E+02    0.42692E+02    0.26243E+04    0.74748E+02
   0.26904E+02    0.42698E+02    0.26246E+04    0.74716E+02
   0.26904E+02    0.42705E+02    0.26250E+04    0.74686E+02
   0.26904E+02    0.42711E+02    0.26254E+04    0.74657E+02
   0.26904E+02    0.42718E+02    0.26258E+04    0.74631E+02
   0.26904E+02    0.42723E+02    0.26262E+04    0.74608E+02
   0.26905E+02    0.42729E+02    0.26267E+04    0.74586E+02
   0.26905E+02    0.42734E+02    0.26272E+04    0.74567E+02
   0.26905E+02    0.42740E+02    0.26277E+04    0.74551E+02
   0.26905E+02    0.42743E+02    0.26282E+04    0.74537E+02
   0.26905E+02    0.42749E+02    0.26288E+04    0.74526E+02
   0.26905E+02    0.42751E+02    0.26293E+04    0.74517E+02
   0.26905E+02    0.42756E+02    0.26299E+04    0.74510E+02
   0.26905E+02    0.42758E+02    0.26305E+04    0.74507E+02
   0.26905E+02    0.42762E+02    0.26311E+04    0.74505E+02
   0.26904E+02    0.42764E+02    0.26316E+04    0.74507E+02
   0.26905E+02    0.42767E+02    0.26322E+04    0.74510E+02
   0.26904E+02    0.42767E+02    0.26327E+04    0.74516E+02
   0.26904E+02    0.42770E+02    0.26333E+04    0.74524E+02
   0.26904E+02    0.42769E+02    0.26338E+04    0.74535E+02
   0.26904E+02    0.42771E+02    0.26343E+04    0.74548E+02
   0.26904E+02    0.42770E+02    0.26348E+04    0.74562E+02
   0.26904E+02    0.42771E+02    0.26352E+04    0.74579E+02
   0.26904E+02    0.42769E+02    0.26357E+04    0.74597E+02
   0.26904E+02    0.42769E+02    0.26361E+04    0.74617E+02
   0.26903E+02    0.42767E+02    0.26365E+04    0.74639E+02
   0.26903E+02    0.42766E+02    0.26368E+04    0.74662E+02
   0.26903E+02    0.42763E+02    0.26371E+04    0.74686E+02
   0.26903E+02    0.42762E+02    0.26374E+04    0.74711E+02
   0.26903E+02    0.42759E+02    0.26377E+04    0.74738E+02
   0.26902E+02    0.42757E+02    0.26379E+04    0.74765E+02
   0.26902E+02    0.42753E+02    0.26380E+04    0.74793E+02
   0.26902E+02    0.42750E+02    0.26382E+04    0.74821E+02
   0.26902E+02    0.42746E+02    0.26383E+04    0.74850E+02
   0.26902E+02    0.42743E+02    0.26383E+04    0.74879E+02
   0.26902E+02    0.42739E+02    0.26383E+04    0.74908E+02
   0.26901E+02    0.42736E+02    0.26383E+04    0.74937E+02
   0.26901E+02    0.42731E+02    0.26382E+04    0.74966E+02
   0.26901E+02    0.42727E+02    0.26381E+04    0.74994E+02
   0.26901E+02    0.42723E+02    0.26380E+04    0.75022E+02
   0.26901E+02    0.42719E+02    0.26378E+04    0.75050E+02
   0.26901E+02    0.42715E+02    0.26375E+04    0.75076E+02
   0.26901E+02    0.42710E+02    0.26373E+04    0.75102E+02
   0.26900E+02    0.42706E+02    0.26370E+04    0.75127E+02
   0.26900E+02    0.42702E+02    0.26367E+04    0.75150E+02
   0.26900E+02    0.42698E+02    0.26363E+04    0.75173E+02
   0.26900E+02    0.42694E+02    0.26359E+04    0.75194E+02
   0.26900E+02    0.42690E+02    0.26355E+04    0.75213E+02
   0.26900E+02    0.42686E+02    0.26351E+04    0.75231E+02
   0.26900E+02    0.42682E+02    0.26347E+04    0.75248E+02
   0.26900E+02    0.42678E+02    0.26342E+04    0.75263E+02
   0.26900E+02    0.42676E+02    0.26337E+04    0.75276E+02
   0.26900E+02    0.42672E+02    0.26332E+04    0.75288E+02
   0.26900E+02    0.42669E+02    0.26327E+04    0.75298E+02
   0.26900E+02    0.42666E+02    0.26322E+04    0.75306E+02
   0.26900E+02    0.42664E+02    0.26317E+04    0.75312E+02
   0.26900E+02    0.42661E+02    0.26312E+04    0.75317E+02
   0.26900E+02    0.42660E+02    0.26307E+04    0.75320E+02
   0.26900E+02    0.42657E+02    0.26301E+04    0.75321E+02
   0.26900E+02    0.42656E+02    0.26296E+04    0.75321E+02
   0.26900E+02    0.42654E+02    0.26291E+04    0.75319E+02
   0.26900E+02    0.42654E+02    0.26286E+04    0.75315E+02
   0.26900E+02    0.42652E+02    0.26281E+04    0.75309E+02
   0.26900E+02    0.42653E+02    0.26277E+04    0.75302E+02
   0.26900E+02    0.42652E+02    0.26272E+04    0.75294E+02
   0.26900E+02    0.42652E+02    0.26268E+04    0.75284E+02
   0.26900E+02    0.42652E+02    0.26264E+04    0.75273E+02
   0.26901E+02    0.42653E+02    0.26260E+04    0.75261E+02
   0.26901E+02    0.42653E+02    0.26256E+04    0.75248E+02
   0.26901E+02    0.42654E+02    0.26252E+04    0.75233E+02
   0.26901E+02    0.42655E+02    0.26249E+04    0.75218E+02
   0.26901E+02    0.42657E+02    0.26246E+04    0.75202E+02
   0.26901E+02    0.42658E+02    0.26243E+04    0.75185E+02
   0.26901E+02    0.42660E+02    0.26241E+04    0.75167E+02
   0.26901E+02    0.42661E+02    0.26239E+04    0.75149E+02
   0.26902E+02    0.42664E+02    0.26237E+04    0.75130E+02
   0.26902E+02    0.42666E+02    0.26235E+04    0.75112E+02
   0.26902E+02    0.42668E+02    0.26234E+04    0.75093E+02
   0.26902E+02    0.42670E+02    0.26233E+04    0.75073E+02
   0.26902E+02    0.42673E+02    0.26232E+04    0.75054E+02
   0.26902E+02    0.42675E+02    0.26231E+04    0.75035E+02
   0.26902E+02    0.42678E+02    0.26231E+04    0.75016E+02
   0.26902E+02    0.42681E+02    0.26231E+04    0.74998E+02
   0.26902E+02    0.42683E+02    0.26231E+04    0.74979E+02
   0.26903E+02    0.42686E+02    0.26232E+04    0.74961E+02
   0.26903E+02    0.42688E+02    0.26233E+04    0.74944E+02
   0.26903E+02    0.42691E+02    0.26234E+04    0.74928E+02
   0.26903E+02    0.42694E+02    0.26235E+04    0.74912E+02
   0.26903E+02    0.42697E+02    0.26236E+04    0.74897E+02
   0.26903E+02    0.42699E+02    0.26238E+04    0.74882E+02
   0.26903E+02    0.42702E+02    0.26240E+04    0.74869E+02
   0.26903E+02    0.42704E+02    0.26242E+04    0.74857E+02
   0.26903E+02    0.42706E+02    0.26244E+04    0.74845E+02
   0.26903E+02    0.42708E+02    0.26246E+04    0.74835E+02
   0.26903E+02    0.42711E+02    0.26249E+04    0.74825E+02
   0.26903E+02    0.42712E+02    0.26251E+04    0.74817E+02
   0.26903E+02    0.42714E+02    0.26254E+04    0.74810E+02
   0.26903E+02    0.42715E+02    0.26257E+04    0.74804E+02
   0.26903E+02    0.42718E+02    0.26260E+04    0.74799E+02
   0.26903E+02    0.42718E+02    0.26262E+04    0.74796E+02
   0.26903E+02    0.42720E+02    0.26265E+04    0.74793E+02
   0.26903E+02    0.42720E+02    0.26268E+04    0.74792E+02
   0.26903E+02    0.42722E+02    0.26271E+04    0.74792E+02
   0.26903E+02    0.42722E+02    0.26274E+04    0.74793E+02
   0.26903E+02    0.42723E+02    0.26277E+04    0.74795E+02
   0.26903E+02    0.42723E+02    0.26280E+04    0.74798E+02
   0.26903E+02    0.42724E+02    0.26283E+04    0.74803E+02
   0.26903E+02    0.42723E+02    0.26286E+04    0.74808E+02
   0.26903E+02    0.42724E+02    0.26289E+04    0.74814E+02
   0.26903E+02    0.42722E+02    0.26291E+04    0.74821E+02
   0.26903E+02    0.42723E+02    0.26294E+04    0.74829E+02
   0.26903E+02    0.42721E+02    0.26296E+04    0.74838E+02
   0.26903E+02    0.42721E+02    0.26299E+04    0.74847E+02
   0.26903E+02    0.42719E+02    0.26301E+04    0.74857E+02
   0.26903E+02    0.42719E+02    0.26303E+04    0.74868E+02
   0.26902E+02    0.42717E+02    0.26305E+04    0.74879E+02
   0.26902E+02    0.42716E+02    0.26307E+04    0.74891E+02
   0.26902E+02    0.42714E+02    0.26308E+04    0.74904E+02
   0.26902E+02    0.42713E+02    0.26310E+04    0.74916E+02
   0.26902E+02    0.42711E+02    0.26311E+04    0.74929E+02
   0.26902E+02    0.42710E+02    0.26312E+04    0.74942E+02
   0.26902E+02    0.42707E+02    0.26313E+04    0.74955E+02
   0.26902E+02    0.42706E+02    0.26314E+04    0.74969E+02
   0.26902E+02    0.42703E+02    0.26314E+04    0.74982E+02
   0.26902E+02    0.42702E+02    0.26315E+04    0.74995E+02
   0.26902E+02    0.42699E+02    0.26315E+04    0.75008E+02
   0.26902E+02    0.42697E+02    0.26315E+04    0.75021E+02
   0.26902E+02    0.42695E+02    0.26315E+04    0.75034E+02
   0.26902E+02    0.42693E+02    0.26315E+04    0.75046E+02
   0.26901E+02    0.42691E+02    0.26314E+04    0.75058E+02
   0.26901E+02    0.42689E+02    0.26314E+04    0.75070E+02
   0.26901E+02    0.42686E+02    0.26313E+04    0.75081E+02
   0.26901E+02    0.42684E+02    0.26312E+04    0.75091E+02
   0.26901E+02    0.42682E+02    0.26311E+04    0.75101E+02
   0.26901E+02    0.42680E+02    0.26310E+04    0.75111E+02
   0.26901E+02    0.42678E+02    0.26309E+04    0.75119E+02
   0.26901E+02    0.42676E+02    0.26308E+04    0.75127E+02
   0.26901E+02    0.42675E+02    0.26306E+04    0.75134E+02
   0.26901E+02    0.42673E+02    0.26305E+04    0.75141E+02
   0.26902E+02    0.42674E+02    0.26304E+04    0.75147E+02
   0.26903E+02    0.42682E+02    0.26302E+04    0.75151E+02
   0.26906E+02    0.42698E+02    0.26297E+04    0.75153E+02
   0.26909E+02    0.42717E+02    0.26291E+04    0.75147E+02
   0.26912E+02    0.42734E+02    0.26283E+04    0.75131E+02
   0.26913E+02    0.42745E+02    0.26277E+04    0.75104E+02
   0.26914E+02    0.42745E+02    0.26272E+04    0.75069E+02
   0.26914E+02    0.42747E+02    0.26273E+04    0.75031E+02
   0.26912E+02    0.42734E+02    0.26271E+04    0.74993E+02
   0.26912E+02    0.42736E+02    0.26270E+04    0.74955E+02
   0.26910E+02    0.42713E+02    0.26261E+04    0.74913E+02
   0.26910E+02    0.42713E+02    0.26255E+04    0.74864E+02
   0.26908E+02    0.42688E+02    0.26240E+04    0.74806E+02
   0.26908E+02    0.42687E+02    0.26232E+04    0.74740E+02
   0.26907E+02    0.42662E+02    0.26219E+04    0.74666E+02
   0.26907E+02    0.42664E+02    0.26212E+04    0.74586E+02
   0.26905E+02    0.42642E+02    0.26200E+04    0.74499E+02
   0.26905E+02    0.42647E+02    0.26195E+04    0.74408E+02
   0.26904E+02    0.42629E+02    0.26185E+04    0.74310E+02
   0.26904E+02    0.42638E+02    0.26183E+04    0.74208E+02
   0.26903E+02    0.42624E+02    0.26175E+04    0.74101E+02
   0.26903E+02    0.42636E+02    0.26175E+04    0.73992E+02
   0.26902E+02    0.42627E+02    0.26171E+04    0.73878E+02
   0.26903E+02    0.42643E+02    0.26174E+04    0.73766E+02
   0.26902E+02    0.42639E+02    0.26172E+04    0.73651E+02
   0.26902E+02    0.42658E+02    0.26178E+04    0.73538E+02
   0.26902E+02    0.42658E+02    0.26179E+04    0.73424E+02
   0.26902E+02    0.42680E+02    0.26186E+04    0.73314E+02
   0.26901E+02    0.42684E+02    0.26189E+04    0.73205E+02
   0.26902E+02    0.42707E+02    0.26199E+04    0.73101E+02
   0.26901E+02    0.42714E+02    0.26203E+04    0.73000E+02
   0.26902E+02    0.42739E+02    0.26214E+04    0.72904E+02
   0.26901E+02    0.42748E+02    0.26221E+04    0.72812E+02
   0.26902E+02    0.42774E+02    0.26233E+04    0.72728E+02
   0.26901E+02    0.42784E+02    0.26241E+04    0.72648E+02
   0.26902E+02    0.42810E+02    0.26254E+04    0.72575E+02
   0.26902E+02    0.42822E+02    0.26263E+04    0.72508E+02
   0.26902E+02    0.42847E+02    0.26277E+04    0.72450E+02
   0.26902E+02    0.42859E+02    0.26287E+04    0.72397E+02
   0.26902E+02    0.42883E+02    0.26302E+04    0.72353E+02
   0.26902E+02    0.42896E+02    0.26313E+04    0.72316E+02
   0.26902E+02    0.42918E+02    0.26329E+04    0.72288E+02
   0.26902E+02    0.42930E+02    0.26341E+04    0.72266E+02
   0.26903E+02    0.42951E+02    0.26358E+04    0.72253E+02
   0.26902E+02    0.42963E+02    0.26372E+04    0.72248E+02
   0.26903E+02    0.42981E+02    0.26389E+04    0.72251E+02
   0.26902E+02    0.42992E+02    0.26405E+04    0.72262E+02
   0.26903E+02    0.43008E+02    0.26423E+04    0.72280E+02
   0.26902E+02    0.43018E+02    0.26439E+04    0.72306E+02
   0.26903E+02    0.43031E+02    0.26459E+04    0.72340E+02
   0.26902E+02    0.43040E+02    0.26476E+04    0.72382E+02
   0.26903E+02    0.43051E+02    0.26497E+04    0.72431E+02
   0.26902E+02    0.43059E+02    0.26515E+04    0.72487E+02
   0.26903E+02    0.43067E+02    0.26536E+04    0.72549E+02
   0.26902E+02    0.43073E+02    0.26556E+04    0.72619E+02
   0.26902E+02    0.43079E+02    0.26577E+04    0.72695E+02
   0.26902E+02    0.43084E+02    0.26597E+04    0.72777E+02
   0.26902E+02    0.43087E+02    0.26618E+04    0.72865E+02
   0.26902E+02    0.43091E+02    0.26639E+04    0.72958E+02
   0.26902E+02    0.43091E+02    0.26660E+04    0.73057E+02
   0.26901E+02    0.43094E+02    0.26681E+04    0.73161E+02
   0.26901E+02    0.43092E+02    0.26702E+04    0.73269E+02
   0.26901E+02    0.43094E+02    0.26722E+04    0.73381E+02
   0.26901E+02    0.43089E+02    0.26741E+04    0.73497E+02
   0.26901E+02    0.43090E+02    0.26760E+04    0.73616E+02
   0.26901E+02    0.43083E+02    0.26779E+04    0.73738E+02
   0.26900E+02    0.43082E+02    0.26797E+04    0.73863E+02
   0.26900E+02    0.43073E+02    0.26813E+04    0.73990E+02
   0.26900E+02    0.43071E+02    0.26829E+04    0.74117E+02
   0.26900E+02    0.43060E+02    0.26843E+04    0.74246E+02
   0.26899E+02    0.43058E+02    0.26857E+04    0.74376E+02
   0.26899E+02    0.43045E+02    0.26869E+04    0.74505E+02
   0.26899E+02    0.43042E+02    0.26880E+04    0.74634E+02
   0.26899E+02    0.43028E+02    0.26889E+04    0.74762E+02
   0.26898E+02    0.43024E+02    0.26897E+04    0.74888E+02
   0.26898E+02    0.43009E+02    0.26904E+04    0.75013E+02
   0.26898E+02    0.43005E+02    0.26909E+04    0.75135E+02
   0.26897E+02    0.42989E+02    0.26912E+04    0.75254E+02
   0.26897E+02    0.42984E+02    0.26915E+04    0.75370E+02
   0.26897E+02    0.42968E+02    0.26915E+04    0.75482E+02
   0.26897E+02    0.42964E+02    0.26915E+04    0.75589E+02
   0.26897E+02    0.42947E+02    0.26912E+04    0.75693E+02
   0.26897E+02    0.42943E+02    0.26909E+04    0.75791E+02
   0.26896E+02    0.42926E+02    0.26903E+04    0.75884E+02
   0.26896E+02    0.42923E+02    0.26898E+04    0.75972E+02
   0.26896E+02    0.42906E+02    0.26889E+04    0.76053E+02
   0.26896E+02    0.42903E+02    0.26881E+04    0.76128E+02
   0.26896E+02    0.42887E+02    0.26870E+04    0.76198E+02
   0.26896E+02    0.42886E+02    0.26859E+04    0.76260E+02
   0.26896E+02    0.42870E+02    0.26846E+04    0.76317E+02
   0.26896E+02    0.42870E+02    0.26834E+04    0.76365E+02
   0.26896E+02    0.42856E+02    0.26819E+04    0.76408E+02
   0.26896E+02    0.42856E+02    0.26805E+04    0.76443E+02
   0.26896E+02    0.42844E+02    0.26789E+04    0.76472E+02
   0.26896E+02    0.42846E+02    0.26773E+04    0.76493E+02
   0.26896E+02    0.42834E+02    0.26756E+04    0.76508E+02
   0.26897E+02    0.42838E+02    0.26740E+04    0.76515E+02
   0.26896E+02    0.42828E+02    0.26722E+04    0.76517E+02
   0.26897E+02    0.42833E+02    0.26705E+04    0.76511E+02
   0.26897E+02    0.42825E+02    0.26686E+04    0.76500E+02
   0.26898E+02    0.42831E+02    0.26668E+04    0.76482E+02
   0.26897E+02    0.42825E+02    0.26650E+04    0.76459E+02
   0.26898E+02    0.42832E+02    0.26633E+04    0.76429E+02
   0.26898E+02    0.42828E+02    0.26614E+04    0.76396E+02
   0.26899E+02    0.42836E+02    0.26597E+04    0.76356E+02
   0.26899E+02    0.42834E+02    0.26579E+04    0.76312E+02
   0.26899E+02    0.42843E+02    0.26562E+04    0.76263E+02
   0.26899E+02    0.42843E+02    0.26545E+04    0.76211E+02
   0.26900E+02    0.42853E+02    0.26529E+04    0.76155E+02
   0.26900E+02    0.42855E+02    0.26513E+04    0.76097E+02
   0.26901E+02    0.42865E+02    0.26498E+04    0.76034E+02
   0.26901E+02    0.42869E+02    0.26483E+04    0.75969E+02
   0.26901E+02    0.42879E+02    0.26468E+04    0.75902E+02
   0.26901E+02    0.42884E+02    0.26455E+04    0.75834E+02
   0.26902E+02    0.42895E+02    0.26441E+04    0.75764E+02
   0.26902E+02    0.42901E+02    0.26429E+04    0.75693E+02
   0.26903E+02    0.42912E+02    0.26417E+04    0.75621E+02
   0.26903E+02    0.42919E+02    0.26406E+04    0.75549E+02
   0.26903E+02    0.42930E+02    0.26395E+04    0.75477E+02
   0.26904E+02    0.42938E+02    0.26385E+04    0.75406E+02
   0.26904E+02    0.42949E+02    0.26376E+04    0.75334E+02
   0.26904E+02    0.42957E+02    0.26367E+04    0.75264E+02
   0.26904E+02    0.42967E+02    0.26359E+04    0.75195E+02
   0.26905E+02    0.42976E+02    0.26352E+04    0.75128E+02
   0.26905E+02    0.42985E+02    0.26345E+04    0.75062E+02
   0.26905E+02    0.42994E+02    0.26339E+04    0.74998E+02
   0.26905E+02    0.43002E+02    0.26334E+04    0.74936E+02
   0.26906E+02    0.43012E+02    0.26329E+04    0.74876E+02
   0.26906E+02    0.43019E+02    0.26325E+04    0.74819E+02
   0.26906E+02    0.43028E+02    0.26321E+04    0.74765E+02
   0.26906E+02    0.43034E+02    0.26318E+04    0.74714E+02
   0.26906E+02    0.43043E+02    0.26315E+04    0.74665E+02
   0.26906E+02    0.43048E+02    0.26312E+04    0.74620E+02
   0.26906E+02    0.43057E+02    0.26311E+04    0.74577E+02
   0.26906E+02    0.43061E+02    0.26309E+04    0.74538E+02
   0.26906E+02    0.43068E+02    0.26309E+04    0.74503E+02
   0.26906E+02    0.43071E+02    0.26307E+04    0.74470E+02
   0.26906E+02    0.43078E+02    0.26307E+04    0.74441E+02
   0.26906E+02    0.43080E+02    0.26307E+04    0.74416E+02
   0.26906E+02    0.43086E+02    0.26307E+04    0.74393E+02
   0.26906E+02    0.43087E+02    0.26307E+04    0.74375E+02
   0.26906E+02    0.43092E+02    0.26308E+04    0.74359E+02
   0.26905E+02    0.43092E+02    0.26308E+04    0.74347E+02
   0.26906E+02    0.43096E+02    0.26309E+04    0.74338E+02
   0.26905E+02    0.43095E+02    0.26309E+04    0.74332E+02
   0.26905E+02    0.43099E+02    0.26310E+04    0.74330E+02
   0.26905E+02    0.43096E+02    0.26310E+04    0.74330E+02
   0.26905E+02    0.43099E+02    0.26311E+04    0.74333E+02
   0.26904E+02    0.43095E+02    0.26311E+04    0.74339E+02
   0.26904E+02    0.43097E+02    0.26312E+04    0.74348E+02
   0.26904E+02    0.43093E+02    0.26312E+04    0.74359E+02
   0.26904E+02    0.43094E+02    0.26312E+04    0.74373E+02
   0.26904E+02    0.43089E+02    0.26312E+04    0.74389E+02
   0.26904E+02    0.43089E+02    0.26312E+04    0.74407E+02
   0.26903E+02    0.43083E+02    0.26311E+04    0.74427E+02
   0.26903E+02    0.43083E+02    0.26311E+04    0.74449E+02
   0.26903E+02    0.43076E+02    0.26310E+04    0.74472E+02
   0.26903E+02    0.43075E+02    0.26309E+04    0.74497E+02
   0.26902E+02    0.43068E+02    0.26307E+04    0.74524E+02
   0.26902E+02    0.43066E+02    0.26305E+04    0.74551E+02
