   0.95621E+02    0.69708E+02    0.32188E+02    0.88933E+01
   0.95877E+02    0.72216E+02    0.32188E+02    0.88933E+01
   0.95457E+02    0.77615E+02    0.30688E+02    0.82933E+01
   0.94077E+02    0.82199E+02    0.30688E+02    0.82933E+01
   0.92562E+02    0.83902E+02    0.31227E+02    0.83163E+01
   0.91544E+02    0.82717E+02    0.31227E+02    0.83163E+01
   0.91499E+02    0.80427E+02    0.31468E+02    0.80967E+01
   0.91615E+02    0.78765E+02    0.31468E+02    0.80967E+01
   0.91814E+02    0.78210E+02    0.31609E+02    0.78568E+01
   0.91772E+02    0.78425E+02    0.31609E+02    0.78568E+01
   0.91718E+02    0.78850E+02    0.31853E+02    0.78189E+01
   0.91556E+02    0.79119E+02    0.31853E+02    0.78189E+01
   0.91481E+02    0.79113E+02    0.32158E+02    0.78173E+01
   0.91444E+02    0.78916E+02    0.32158E+02    0.78173E+01
   0.91490E+02    0.78655E+02    0.32364E+02    0.77981E+01
   0.91565E+02    0.78441E+02    0.32364E+02    0.77981E+01
   0.91625E+02    0.78298E+02    0.32473E+02    0.77941E+01
   0.91690E+02    0.78207E+02    0.32473E+02    0.77941E+01
   0.91737E+02    0.78126E+02    0.32522E+02    0.78177E+01
   0.91793E+02    0.78039E+02    0.32522E+02    0.78177E+01
   0.91850E+02    0.77932E+02    0.32510E+02    0.78568E+01
   0.91929E+02    0.77808E+02    0.32510E+02    0.78568E+01
   0.92021E+02    0.77692E+02    0.32431E+02    0.79095E+01
   0.92128E+02    0.77596E+02    0.32431E+02    0.79095E+01
   0.92244E+02    0.77522E+02    0.32288E+02    0.79798E+01
   0.92370E+02    0.77461E+02    0.32288E+02    0.79798E+01
   0.92507E+02    0.77412E+02    0.32090E+02    0.80688E+01
   0.92652E+02    0.77370E+02    0.32090E+02    0.80688E+01
   0.92809E+02    0.77341E+02    0.31841E+02    0.81737E+01
   0.92970E+02    0.77318E+02    0.31841E+02    0.81737E+01
   0.93142E+02    0.77311E+02    0.31548E+02    0.82917E+01
   0.93315E+02    0.77311E+02    0.31548E+02    0.82917E+01
   0.93496E+02    0.77326E+02    0.31221E+02    0.84200E+01
   0.93676E+02    0.77342E+02    0.31221E+02    0.84200E+01
   0.93862E+02    0.77373E+02    0.30870E+02    0.85547E+01
   0.94045E+02    0.77405E+02    0.30870E+02    0.85547E+01
   0.94229E+02    0.77457E+02    0.30508E+02    0.86916E+01
   0.94407E+02    0.77504E+02    0.30508E+02    0.86916E+01
   0.94585E+02    0.77560E+02    0.30151E+02    0.88262E+01
   0.94755E+02    0.77607E+02    0.30151E+02    0.88262E+01
   0.94922E+02    0.77669E+02    0.29814E+02    0.89538E+01
   0.95076E+02    0.77733E+02    0.29814E+02    0.89538E+01
   0.95220E+02    0.77805E+02    0.29516E+02    0.90703E+01
   0.95354E+02    0.77862E+02    0.29516E+02    0.90703E+01
   0.95475E+02    0.77923E+02    0.29274E+02    0.91719E+01
   0.95588E+02    0.77979E+02    0.29274E+02    0.91719E+01
   0.95678E+02    0.78056E+02    0.29102E+02    0.92556E+01
   0.95760E+02    0.78123E+02    0.29102E+02    0.92556E+01
   0.95818E+02    0.78188E+02    0.29013E+02    0.93204E+01
   0.95873E+02    0.78241E+02    0.29013E+02    0.93204E+01
   0.95903E+02    0.78304E+02    0.29017E+02    0.93650E+01
   0.95926E+02    0.78377E+02    0.29017E+02    0.93650E+01
   0.95920E+02    0.78452E+02    0.29115E+02    0.93905E+01
   0.95913E+02    0.78516E+02    0.29115E+02    0.93905E+01
   0.95879E+02    0.78578E+02    0.29308E+02    0.93982E+01
   0.95847E+02    0.78642E+02    0.29308E+02    0.93982E+01
   0.95785E+02    0.78720E+02    0.29588E+02    0.93899E+01
   0.95721E+02    0.78797E+02    0.29588E+02    0.93899E+01
   0.95635E+02    0.78868E+02    0.29948E+02    0.93684E+01
   0.95549E+02    0.78935E+02    0.29948E+02    0.93684E+01
   0.95446E+02    0.79004E+02    0.30375E+02    0.93359E+01
   0.95336E+02    0.79082E+02    0.30375E+02    0.93359E+01
   0.95215E+02    0.79158E+02    0.30853E+02    0.92951E+01
   0.95086E+02    0.79232E+02    0.30853E+02    0.92951E+01
   0.94955E+02    0.79300E+02    0.31370E+02    0.92490E+01
   0.94813E+02    0.79366E+02    0.31370E+02    0.92490E+01
   0.94681E+02    0.79411E+02    0.31910E+02    0.91995E+01
   0.94541E+02    0.79450E+02    0.31910E+02    0.91995E+01
   0.94412E+02    0.79498E+02    0.32458E+02    0.91491E+01
   0.94266E+02    0.79569E+02    0.32458E+02    0.91491E+01
   0.94129E+02    0.79652E+02    0.33004E+02    0.91002E+01
   0.93974E+02    0.79743E+02    0.33004E+02    0.91002E+01
   0.93835E+02    0.79826E+02    0.33538E+02    0.90533E+01
   0.93682E+02    0.79909E+02    0.33538E+02    0.90533E+01
   0.93548E+02    0.79984E+02    0.34045E+02    0.90074E+01
   0.93403E+02    0.80064E+02    0.34045E+02    0.90074E+01
   0.93276E+02    0.80141E+02    0.34516E+02    0.89639E+01
   0.93140E+02    0.80224E+02    0.34516E+02    0.89639E+01
   0.93022E+02    0.80303E+02    0.34945E+02    0.89233E+01
   0.92897E+02    0.80386E+02    0.34945E+02    0.89233E+01
   0.92791E+02    0.80461E+02    0.35325E+02    0.88854E+01
   0.92680E+02    0.80539E+02    0.35325E+02    0.88854E+01
   0.92586E+02    0.80612E+02    0.35650E+02    0.88492E+01
   0.92490E+02    0.80686E+02    0.35650E+02    0.88492E+01
   0.92409E+02    0.80751E+02    0.35916E+02    0.88143E+01
   0.92328E+02    0.80816E+02    0.35916E+02    0.88143E+01
   0.92261E+02    0.80873E+02    0.36120E+02    0.87799E+01
   0.92195E+02    0.80931E+02    0.36120E+02    0.87799E+01
   0.92140E+02    0.80979E+02    0.36260E+02    0.87456E+01
   0.92087E+02    0.81024E+02    0.36260E+02    0.87456E+01
   0.92041E+02    0.81059E+02    0.36337E+02    0.87111E+01
   0.91998E+02    0.81095E+02    0.36337E+02    0.87111E+01
   0.91954E+02    0.81129E+02    0.36349E+02    0.86763E+01
   0.91916E+02    0.81157E+02    0.36349E+02    0.86763E+01
   0.91877E+02    0.81174E+02    0.36315E+02    0.86397E+01
   0.91846E+02    0.81178E+02    0.36315E+02    0.86397E+01
   0.91816E+02    0.81171E+02    0.36253E+02    0.86000E+01
   0.91794E+02    0.81163E+02    0.36253E+02    0.86000E+01
   0.91772E+02    0.81145E+02    0.36168E+02    0.85591E+01
   0.91758E+02    0.81117E+02    0.36168E+02    0.85591E+01
   0.91746E+02    0.81074E+02    0.36064E+02    0.85199E+01
   0.91745E+02    0.81021E+02    0.36064E+02    0.85199E+01
   0.91747E+02    0.80966E+02    0.35938E+02    0.84843E+01
   0.91758E+02    0.80914E+02    0.35938E+02    0.84843E+01
   0.91771E+02    0.80856E+02    0.35788E+02    0.84552E+01
   0.91794E+02    0.80792E+02    0.35788E+02    0.84552E+01
   0.91824E+02    0.80714E+02    0.35613E+02    0.84345E+01
   0.91865E+02    0.80636E+02    0.35613E+02    0.84345E+01
   0.91912E+02    0.80560E+02    0.35407E+02    0.84235E+01
   0.91968E+02    0.80489E+02    0.35407E+02    0.84235E+01
   0.92030E+02    0.80415E+02    0.35171E+02    0.84239E+01
   0.92102E+02    0.80338E+02    0.35171E+02    0.84239E+01
   0.92183E+02    0.80263E+02    0.34901E+02    0.84363E+01
   0.92271E+02    0.80193E+02    0.34901E+02    0.84363E+01
   0.92369E+02    0.80127E+02    0.34595E+02    0.84607E+01
   0.92472E+02    0.80065E+02    0.34595E+02    0.84607E+01
   0.92586E+02    0.80003E+02    0.34252E+02    0.84970E+01
   0.92704E+02    0.79946E+02    0.34252E+02    0.84970E+01
   0.92831E+02    0.79898E+02    0.33871E+02    0.85443E+01
   0.92958E+02    0.79856E+02    0.33871E+02    0.85443E+01
   0.93094E+02    0.79820E+02    0.33455E+02    0.86008E+01
   0.93229E+02    0.79786E+02    0.33455E+02    0.86008E+01
   0.93371E+02    0.79758E+02    0.33014E+02    0.86636E+01
   0.93510E+02    0.79731E+02    0.33014E+02    0.86636E+01
   0.93653E+02    0.79713E+02    0.32558E+02    0.87295E+01
   0.93792E+02    0.79694E+02    0.32558E+02    0.87295E+01
   0.93931E+02    0.79683E+02    0.32099E+02    0.87957E+01
   0.94065E+02    0.79669E+02    0.32099E+02    0.87957E+01
   0.94196E+02    0.79661E+02    0.31650E+02    0.88592E+01
   0.94321E+02    0.79649E+02    0.31650E+02    0.88592E+01
   0.94440E+02    0.79645E+02    0.31225E+02    0.89170E+01
   0.94550E+02    0.79641E+02    0.31225E+02    0.89170E+01
   0.94651E+02    0.79642E+02    0.30837E+02    0.89671E+01
   0.94745E+02    0.79636E+02    0.30837E+02    0.89671E+01
   0.94828E+02    0.79634E+02    0.30498E+02    0.90077E+01
   0.94902E+02    0.79631E+02    0.30498E+02    0.90077E+01
   0.94962E+02    0.79639E+02    0.30220E+02    0.90378E+01
   0.95014E+02    0.79643E+02    0.30220E+02    0.90378E+01
   0.95050E+02    0.79649E+02    0.30009E+02    0.90573E+01
   0.95082E+02    0.79649E+02    0.30009E+02    0.90573E+01
   0.95096E+02    0.79658E+02    0.29872E+02    0.90663E+01
   0.95105E+02    0.79672E+02    0.29872E+02    0.90663E+01
   0.95095E+02    0.79691E+02    0.29810E+02    0.90657E+01
   0.95082E+02    0.79705E+02    0.29810E+02    0.90657E+01
   0.95054E+02    0.79720E+02    0.29823E+02    0.90569E+01
   0.95023E+02    0.79738E+02    0.29823E+02    0.90569E+01
   0.94976E+02    0.79768E+02    0.29906E+02    0.90408E+01
   0.94925E+02    0.79799E+02    0.29906E+02    0.90408E+01
   0.94863E+02    0.79828E+02    0.30053E+02    0.90194E+01
   0.94799E+02    0.79856E+02    0.30053E+02    0.90194E+01
   0.94726E+02    0.79889E+02    0.30257E+02    0.89935E+01
   0.94650E+02    0.79932E+02    0.30257E+02    0.89935E+01
   0.94566E+02    0.79976E+02    0.30509E+02    0.89646E+01
   0.94481E+02    0.80019E+02    0.30509E+02    0.89646E+01
   0.94391E+02    0.80059E+02    0.30799E+02    0.89337E+01
   0.94301E+02    0.80104E+02    0.30799E+02    0.89337E+01
   0.94208E+02    0.80155E+02    0.31116E+02    0.89014E+01
   0.94112E+02    0.80208E+02    0.31116E+02    0.89014E+01
   0.94017E+02    0.80258E+02    0.31452E+02    0.88685E+01
   0.93921E+02    0.80308E+02    0.31452E+02    0.88685E+01
   0.93828E+02    0.80357E+02    0.31797E+02    0.88353E+01
   0.93733E+02    0.80411E+02    0.31797E+02    0.88353E+01
   0.93642E+02    0.80462E+02    0.32141E+02    0.88021E+01
   0.93550E+02    0.80515E+02    0.32141E+02    0.88021E+01
   0.93463E+02    0.80564E+02    0.32478E+02    0.87692E+01
   0.93376E+02    0.80614E+02    0.32478E+02    0.87692E+01
   0.93295E+02    0.80658E+02    0.32798E+02    0.87365E+01
   0.93215E+02    0.80705E+02    0.32798E+02    0.87365E+01
   0.93140E+02    0.80748E+02    0.33097E+02    0.87042E+01
   0.93066E+02    0.80793E+02    0.33097E+02    0.87042E+01
   0.92999E+02    0.80830E+02    0.33369E+02    0.86724E+01
   0.92934E+02    0.80864E+02    0.33369E+02    0.86724E+01
   0.92875E+02    0.80893E+02    0.33608E+02    0.86411E+01
   0.92819E+02    0.80925E+02    0.33608E+02    0.86411E+01
   0.92767E+02    0.80952E+02    0.33812E+02    0.86105E+01
   0.92718E+02    0.80977E+02    0.33812E+02    0.86105E+01
   0.92677E+02    0.80989E+02    0.33978E+02    0.85809E+01
   0.92638E+02    0.81001E+02    0.33978E+02    0.85809E+01
   0.92605E+02    0.81011E+02    0.34104E+02    0.85523E+01
   0.92575E+02    0.81023E+02    0.34104E+02    0.85523E+01
   0.92549E+02    0.81025E+02    0.34190E+02    0.85255E+01
   0.92528E+02    0.81020E+02    0.34190E+02    0.85255E+01
   0.92512E+02    0.81009E+02    0.34235E+02    0.85006E+01
   0.92500E+02    0.81001E+02    0.34235E+02    0.85006E+01
   0.92492E+02    0.80991E+02    0.34240E+02    0.84781E+01
   0.92487E+02    0.80978E+02    0.34240E+02    0.84781E+01
   0.92487E+02    0.80952E+02    0.34207E+02    0.84587E+01
   0.92492E+02    0.80926E+02    0.34207E+02    0.84587E+01
   0.92501E+02    0.80899E+02    0.34137E+02    0.84426E+01
   0.92513E+02    0.80875E+02    0.34137E+02    0.84426E+01
   0.92528E+02    0.80845E+02    0.34033E+02    0.84304E+01
   0.92549E+02    0.80809E+02    0.34033E+02    0.84304E+01
   0.92573E+02    0.80770E+02    0.33897E+02    0.84224E+01
   0.92601E+02    0.80734E+02    0.33897E+02    0.84224E+01
   0.92632E+02    0.80699E+02    0.33733E+02    0.84188E+01
   0.92666E+02    0.80662E+02    0.33733E+02    0.84188E+01
   0.92704E+02    0.80619E+02    0.33544E+02    0.84198E+01
   0.92745E+02    0.80577E+02    0.33544E+02    0.84198E+01
   0.92789E+02    0.80536E+02    0.33332E+02    0.84253E+01
   0.92836E+02    0.80498E+02    0.33332E+02    0.84253E+01
   0.92885E+02    0.80460E+02    0.33104E+02    0.84352E+01
   0.92936E+02    0.80418E+02    0.33104E+02    0.84352E+01
   0.92990E+02    0.80377E+02    0.32861E+02    0.84491E+01
   0.93046E+02    0.80339E+02    0.32861E+02    0.84491E+01
   0.93103E+02    0.80303E+02    0.32609E+02    0.84666E+01
   0.93161E+02    0.80267E+02    0.32609E+02    0.84666E+01
   0.93221E+02    0.80232E+02    0.32353E+02    0.84871E+01
   0.93281E+02    0.80197E+02    0.32353E+02    0.84871E+01
   0.93341E+02    0.80165E+02    0.32096E+02    0.85100E+01
   0.93401E+02    0.80134E+02    0.32096E+02    0.85100E+01
   0.93461E+02    0.80106E+02    0.31844E+02    0.85346E+01
   0.93520E+02    0.80078E+02    0.31844E+02    0.85346E+01
   0.93578E+02    0.80054E+02    0.31602E+02    0.85600E+01
   0.93634E+02    0.80028E+02    0.31602E+02    0.85600E+01
   0.93689E+02    0.80006E+02    0.31374E+02    0.85857E+01
   0.93741E+02    0.79984E+02    0.31374E+02    0.85857E+01
   0.93791E+02    0.79969E+02    0.31166E+02    0.86107E+01
   0.93838E+02    0.79952E+02    0.31166E+02    0.86107E+01
   0.93882E+02    0.79938E+02    0.30980E+02    0.86347E+01
   0.93923E+02    0.79922E+02    0.30980E+02    0.86347E+01
   0.93961E+02    0.79911E+02    0.30822E+02    0.86568E+01
   0.93994E+02    0.79904E+02    0.30822E+02    0.86568E+01
   0.94023E+02    0.79900E+02    0.30694E+02    0.86769E+01
   0.94049E+02    0.79893E+02    0.30694E+02    0.86769E+01
   0.94071E+02    0.79889E+02    0.30598E+02    0.86945E+01
   0.94090E+02    0.79886E+02    0.30598E+02    0.86945E+01
   0.94102E+02    0.79892E+02    0.30535E+02    0.87094E+01
   0.94111E+02    0.79897E+02    0.30535E+02    0.87094E+01
   0.94116E+02    0.79902E+02    0.30508E+02    0.87216E+01
   0.94117E+02    0.79905E+02    0.30508E+02    0.87216E+01
   0.94115E+02    0.79914E+02    0.30515E+02    0.87310E+01
   0.94108E+02    0.79928E+02    0.30515E+02    0.87310E+01
   0.94096E+02    0.79945E+02    0.30554E+02    0.87378E+01
   0.94082E+02    0.79959E+02    0.30554E+02    0.87378E+01
   0.94064E+02    0.79972E+02    0.30625E+02    0.87421E+01
   0.94044E+02    0.79988E+02    0.30625E+02    0.87421E+01
   0.94020E+02    0.80012E+02    0.30724E+02    0.87439E+01
   0.93992E+02    0.80037E+02    0.30724E+02    0.87439E+01
   0.93962E+02    0.80059E+02    0.30849E+02    0.87437E+01
   0.93931E+02    0.80080E+02    0.30849E+02    0.87437E+01
   0.93898E+02    0.80103E+02    0.30996E+02    0.87414E+01
   0.93862E+02    0.80132E+02    0.30996E+02    0.87414E+01
   0.93824E+02    0.80161E+02    0.31160E+02    0.87373E+01
   0.93785E+02    0.80189E+02    0.31160E+02    0.87373E+01
   0.93745E+02    0.80214E+02    0.31338E+02    0.87319E+01
   0.93705E+02    0.80241E+02    0.31338E+02    0.87319E+01
   0.93664E+02    0.80271E+02    0.31525E+02    0.87249E+01
   0.93622E+02    0.80301E+02    0.31525E+02    0.87249E+01
   0.93579E+02    0.80329E+02    0.31717E+02    0.87170E+01
   0.93537E+02    0.80356E+02    0.31717E+02    0.87170E+01
   0.93497E+02    0.80382E+02    0.31910E+02    0.87081E+01
   0.93455E+02    0.80410E+02    0.31910E+02    0.87081E+01
   0.93415E+02    0.80436E+02    0.32100E+02    0.86984E+01
   0.93375E+02    0.80463E+02    0.32100E+02    0.86984E+01
   0.93337E+02    0.80486E+02    0.32283E+02    0.86883E+01
   0.93299E+02    0.80509E+02    0.32283E+02    0.86883E+01
   0.93264E+02    0.80530E+02    0.32456E+02    0.86778E+01
   0.93229E+02    0.80551E+02    0.32456E+02    0.86778E+01
   0.93196E+02    0.80570E+02    0.32616E+02    0.86673E+01
   0.93165E+02    0.80589E+02    0.32616E+02    0.86673E+01
   0.93135E+02    0.80605E+02    0.32760E+02    0.86568E+01
   0.93108E+02    0.80618E+02    0.32760E+02    0.86568E+01
   0.93083E+02    0.80629E+02    0.32887E+02    0.86466E+01
   0.93059E+02    0.80642E+02    0.32887E+02    0.86466E+01
   0.93038E+02    0.80653E+02    0.32995E+02    0.86370E+01
   0.93018E+02    0.80662E+02    0.32995E+02    0.86370E+01
   0.93001E+02    0.80665E+02    0.33082E+02    0.86281E+01
   0.92986E+02    0.80669E+02    0.33082E+02    0.86281E+01
   0.92974E+02    0.80672E+02    0.33149E+02    0.86200E+01
   0.92963E+02    0.80676E+02    0.33149E+02    0.86200E+01
   0.92955E+02    0.80676E+02    0.33194E+02    0.86131E+01
   0.92949E+02    0.80672E+02    0.33194E+02    0.86131E+01
   0.92945E+02    0.80667E+02    0.33218E+02    0.86075E+01
   0.92944E+02    0.80663E+02    0.33218E+02    0.86075E+01
   0.92944E+02    0.80659E+02    0.33221E+02    0.86032E+01
   0.92946E+02    0.80654E+02    0.33221E+02    0.86032E+01
   0.92951E+02    0.80643E+02    0.33205E+02    0.86006E+01
   0.92958E+02    0.80632E+02    0.33205E+02    0.86006E+01
   0.92967E+02    0.80621E+02    0.33170E+02    0.85995E+01
   0.92977E+02    0.80613E+02    0.33170E+02    0.85995E+01
   0.92989E+02    0.80602E+02    0.33117E+02    0.86001E+01
   0.93002E+02    0.80587E+02    0.33117E+02    0.86001E+01
   0.93018E+02    0.80572E+02    0.33050E+02    0.86023E+01
   0.93035E+02    0.80559E+02    0.33050E+02    0.86023E+01
   0.93054E+02    0.80546E+02    0.32968E+02    0.86061E+01
   0.93073E+02    0.80533E+02    0.32968E+02    0.86061E+01
   0.93094E+02    0.80517E+02    0.32875E+02    0.86115E+01
   0.93116E+02    0.80501E+02    0.32875E+02    0.86115E+01
   0.93139E+02    0.80487E+02    0.32772E+02    0.86182E+01
   0.93162E+02    0.80473E+02    0.32772E+02    0.86182E+01
   0.93186E+02    0.80459E+02    0.32662E+02    0.86262E+01
   0.93211E+02    0.80444E+02    0.32662E+02    0.86262E+01
   0.93236E+02    0.80429E+02    0.32547E+02    0.86351E+01
   0.93261E+02    0.80415E+02    0.32547E+02    0.86351E+01
   0.93287E+02    0.80402E+02    0.32430E+02    0.86448E+01
   0.93312E+02    0.80389E+02    0.32430E+02    0.86448E+01
   0.93337E+02    0.80377E+02    0.32313E+02    0.86550E+01
   0.93362E+02    0.80365E+02    0.32313E+02    0.86550E+01
   0.93387E+02    0.80353E+02    0.32199E+02    0.86655E+01
   0.93411E+02    0.80342E+02    0.32199E+02    0.86655E+01
   0.93434E+02    0.80332E+02    0.32089E+02    0.86760E+01
   0.93456E+02    0.80323E+02    0.32089E+02    0.86760E+01
   0.93478E+02    0.80315E+02    0.31985E+02    0.86864E+01
   0.93498E+02    0.80306E+02    0.31985E+02    0.86864E+01
   0.93517E+02    0.80298E+02    0.31890E+02    0.86963E+01
   0.93536E+02    0.80291E+02    0.31890E+02    0.86963E+01
   0.93552E+02    0.80287E+02    0.31805E+02    0.87056E+01
   0.93567E+02    0.80282E+02    0.31805E+02    0.87056E+01
   0.93581E+02    0.80278E+02    0.31732E+02    0.87141E+01
   0.93594E+02    0.80273E+02    0.31732E+02    0.87141E+01
   0.93605E+02    0.80270E+02    0.31671E+02    0.87218E+01
   0.93614E+02    0.80270E+02    0.31671E+02    0.87218E+01
   0.93621E+02    0.80271E+02    0.31624E+02    0.87284E+01
   0.93627E+02    0.80270E+02    0.31624E+02    0.87284E+01
   0.93632E+02    0.80269E+02    0.31590E+02    0.87341E+01
   0.93635E+02    0.80269E+02    0.31590E+02    0.87341E+01
   0.93636E+02    0.80273E+02    0.31570E+02    0.87386E+01
   0.93636E+02    0.80277E+02    0.31570E+02    0.87386E+01
   0.93634E+02    0.80281E+02    0.31563E+02    0.87421E+01
   0.93631E+02    0.80283E+02    0.31563E+02    0.87421E+01
   0.93627E+02    0.80287E+02    0.31570E+02    0.87445E+01
   0.93622E+02    0.80294E+02    0.31570E+02    0.87445E+01
   0.93614E+02    0.80301E+02    0.31589E+02    0.87459E+01
   0.93606E+02    0.80307E+02    0.31589E+02    0.87459E+01
   0.93597E+02    0.80313E+02    0.31619E+02    0.87464E+01
   0.93587E+02    0.80319E+02    0.31619E+02    0.87464E+01
   0.93576E+02    0.80328E+02    0.31659E+02    0.87460E+01
   0.93564E+02    0.80337E+02    0.31659E+02    0.87460E+01
   0.93551E+02    0.80346E+02    0.31707E+02    0.87449E+01
   0.93538E+02    0.80353E+02    0.31707E+02    0.87449E+01
   0.93525E+02    0.80360E+02    0.31763E+02    0.87431E+01
   0.93511E+02    0.80370E+02    0.31763E+02    0.87431E+01
   0.93496E+02    0.80380E+02    0.31824E+02    0.87407E+01
   0.93482E+02    0.80389E+02    0.31824E+02    0.87407E+01
   0.93467E+02    0.80397E+02    0.31889E+02    0.87379E+01
   0.93452E+02    0.80405E+02    0.31889E+02    0.87379E+01
   0.93438E+02    0.80414E+02    0.31956E+02    0.87346E+01
   0.93423E+02    0.80424E+02    0.31956E+02    0.87346E+01
   0.93408E+02    0.80432E+02    0.32024E+02    0.87311E+01
   0.93394E+02    0.80440E+02    0.32024E+02    0.87311E+01
   0.93380E+02    0.80447E+02    0.32092E+02    0.87274E+01
   0.93366E+02    0.80455E+02    0.32092E+02    0.87274E+01
   0.93354E+02    0.80462E+02    0.32157E+02    0.87236E+01
   0.93341E+02    0.80470E+02    0.32157E+02    0.87236E+01
   0.93329E+02    0.80476E+02    0.32219E+02    0.87199E+01
   0.93317E+02    0.80482E+02    0.32219E+02    0.87199E+01
   0.93307E+02    0.80487E+02    0.32277E+02    0.87161E+01
   0.93297E+02    0.80492E+02    0.32277E+02    0.87161E+01
   0.93288E+02    0.80497E+02    0.32329E+02    0.87125E+01
   0.93279E+02    0.80502E+02    0.32329E+02    0.87125E+01
   0.93271E+02    0.80506E+02    0.32375E+02    0.87092E+01
   0.93264E+02    0.80509E+02    0.32375E+02    0.87092E+01
   0.93258E+02    0.80511E+02    0.32414E+02    0.87061E+01
   0.93253E+02    0.80514E+02    0.32414E+02    0.87061E+01
   0.93249E+02    0.80516E+02    0.32447E+02    0.87034E+01
   0.93245E+02    0.80519E+02    0.32447E+02    0.87034E+01
   0.93242E+02    0.80518E+02    0.32472E+02    0.87011E+01
   0.93240E+02    0.80518E+02    0.32472E+02    0.87011E+01
   0.93239E+02    0.80519E+02    0.32489E+02    0.86992E+01
   0.93238E+02    0.80520E+02    0.32489E+02    0.86992E+01
   0.93239E+02    0.80519E+02    0.32499E+02    0.86977E+01
   0.93240E+02    0.80518E+02    0.32499E+02    0.86977E+01
   0.93242E+02    0.80515E+02    0.32503E+02    0.86967E+01
   0.93244E+02    0.80514E+02    0.32503E+02    0.86967E+01
   0.93247E+02    0.80513E+02    0.32499E+02    0.86961E+01
   0.93251E+02    0.80511E+02    0.32499E+02    0.86961E+01
   0.93255E+02    0.80508E+02    0.32489E+02    0.86959E+01
   0.93261E+02    0.80505E+02    0.32489E+02    0.86959E+01
   0.93266E+02    0.80502E+02    0.32473E+02    0.86962E+01
   0.93272E+02    0.80500E+02    0.32473E+02    0.86962E+01
   0.93278E+02    0.80497E+02    0.32453E+02    0.86969E+01
   0.93285E+02    0.80493E+02    0.32453E+02    0.86969E+01
   0.93292E+02    0.80489E+02    0.32428E+02    0.86979E+01
   0.93300E+02    0.80486E+02    0.32428E+02    0.86979E+01
   0.93307E+02    0.80483E+02    0.32399E+02    0.86991E+01
   0.93315E+02    0.80480E+02    0.32399E+02    0.86991E+01
   0.93323E+02    0.80476E+02    0.32368E+02    0.87007E+01
   0.93331E+02    0.80472E+02    0.32368E+02    0.87007E+01
   0.93339E+02    0.80469E+02    0.32335E+02    0.87024E+01
   0.93347E+02    0.80466E+02    0.32335E+02    0.87024E+01
   0.93355E+02    0.80463E+02    0.32301E+02    0.87042E+01
   0.93363E+02    0.80459E+02    0.32301E+02    0.87042E+01
   0.93371E+02    0.80456E+02    0.32266E+02    0.87060E+01
   0.93379E+02    0.80453E+02    0.32266E+02    0.87060E+01
   0.93386E+02    0.80451E+02    0.32232E+02    0.87078E+01
   0.93393E+02    0.80448E+02    0.32232E+02    0.87078E+01
   0.93400E+02    0.80446E+02    0.32200E+02    0.87095E+01
   0.93407E+02    0.80443E+02    0.32200E+02    0.87095E+01
   0.93413E+02    0.80441E+02    0.32169E+02    0.87111E+01
   0.93419E+02    0.80439E+02    0.32169E+02    0.87111E+01
   0.93424E+02    0.80438E+02    0.32141E+02    0.87125E+01
   0.93429E+02    0.80437E+02    0.32141E+02    0.87125E+01
   0.93434E+02    0.80436E+02    0.32116E+02    0.87137E+01
   0.93438E+02    0.80435E+02    0.32116E+02    0.87137E+01
   0.93442E+02    0.80434E+02    0.32094E+02    0.87146E+01
   0.93445E+02    0.80433E+02    0.32094E+02    0.87146E+01
   0.93448E+02    0.80433E+02    0.32076E+02    0.87152E+01
   0.93450E+02    0.80433E+02    0.32076E+02    0.87152E+01
   0.93452E+02    0.80433E+02    0.32062E+02    0.87155E+01
   0.93453E+02    0.80433E+02    0.32062E+02    0.87155E+01
   0.93454E+02    0.80434E+02    0.32052E+02    0.87154E+01
   0.93454E+02    0.80435E+02    0.32052E+02    0.87154E+01
   0.93454E+02    0.80436E+02    0.32046E+02    0.87151E+01
   0.93453E+02    0.80437E+02    0.32046E+02    0.87151E+01
   0.93454E+02    0.80441E+02    0.32044E+02    0.87144E+01
   0.93460E+02    0.80467E+02    0.32044E+02    0.87144E+01
   0.93469E+02    0.80534E+02    0.32045E+02    0.87134E+01
   0.93480E+02    0.80624E+02    0.32045E+02    0.87134E+01
   0.93494E+02    0.80705E+02    0.31989E+02    0.87058E+01
   0.93511E+02    0.80744E+02    0.31989E+02    0.87058E+01
   0.93530E+02    0.80723E+02    0.31717E+02    0.86742E+01
   0.93558E+02    0.80660E+02    0.31717E+02    0.86742E+01
   0.93578E+02    0.80602E+02    0.31282E+02    0.86225E+01
   0.93601E+02    0.80565E+02    0.31282E+02    0.86225E+01
   0.93599E+02    0.80553E+02    0.30864E+02    0.85684E+01
   0.93595E+02    0.80545E+02    0.30864E+02    0.85684E+01
   0.93578E+02    0.80528E+02    0.30501E+02    0.85101E+01
   0.93563E+02    0.80495E+02    0.30501E+02    0.85101E+01
   0.93542E+02    0.80450E+02    0.30200E+02    0.84447E+01
   0.93525E+02    0.80398E+02    0.30200E+02    0.84447E+01
   0.93503E+02    0.80344E+02    0.29958E+02    0.83765E+01
   0.93481E+02    0.80292E+02    0.29958E+02    0.83765E+01
   0.93455E+02    0.80239E+02    0.29770E+02    0.83097E+01
   0.93431E+02    0.80186E+02    0.29770E+02    0.83097E+01
   0.93406E+02    0.80128E+02    0.29630E+02    0.82464E+01
   0.93383E+02    0.80069E+02    0.29630E+02    0.82464E+01
   0.93362E+02    0.80007E+02    0.29530E+02    0.81878E+01
   0.93344E+02    0.79946E+02    0.29530E+02    0.81878E+01
   0.93329E+02    0.79883E+02    0.29462E+02    0.81356E+01
   0.93317E+02    0.79823E+02    0.29462E+02    0.81356E+01
   0.93307E+02    0.79762E+02    0.29422E+02    0.80906E+01
   0.93301E+02    0.79704E+02    0.29422E+02    0.80906E+01
   0.93298E+02    0.79644E+02    0.29402E+02    0.80533E+01
   0.93298E+02    0.79586E+02    0.29402E+02    0.80533E+01
   0.93301E+02    0.79528E+02    0.29400E+02    0.80237E+01
   0.93307E+02    0.79473E+02    0.29400E+02    0.80237E+01
   0.93315E+02    0.79420E+02    0.29412E+02    0.80017E+01
   0.93326E+02    0.79369E+02    0.29412E+02    0.80017E+01
   0.93340E+02    0.79319E+02    0.29435E+02    0.79872E+01
   0.93356E+02    0.79271E+02    0.29435E+02    0.79872E+01
   0.93375E+02    0.79225E+02    0.29468E+02    0.79800E+01
   0.93396E+02    0.79185E+02    0.29468E+02    0.79800E+01
   0.93418E+02    0.79146E+02    0.29508E+02    0.79797E+01
   0.93443E+02    0.79109E+02    0.29508E+02    0.79797E+01
   0.93470E+02    0.79074E+02    0.29557E+02    0.79859E+01
   0.93498E+02    0.79043E+02    0.29557E+02    0.79859E+01
   0.93528E+02    0.79018E+02    0.29612E+02    0.79980E+01
   0.93558E+02    0.78995E+02    0.29612E+02    0.79980E+01
   0.93591E+02    0.78974E+02    0.29675E+02    0.80155E+01
   0.93623E+02    0.78955E+02    0.29675E+02    0.80155E+01
   0.93659E+02    0.78940E+02    0.29746E+02    0.80377E+01
   0.93693E+02    0.78931E+02    0.29746E+02    0.80377E+01
   0.93733E+02    0.78922E+02    0.29825E+02    0.80637E+01
   0.93771E+02    0.78914E+02    0.29825E+02    0.80637E+01
   0.93815E+02    0.78908E+02    0.29911E+02    0.80932E+01
   0.93857E+02    0.78906E+02    0.29911E+02    0.80932E+01
   0.93901E+02    0.78911E+02    0.29996E+02    0.81263E+01
   0.93942E+02    0.78920E+02    0.29996E+02    0.81263E+01
   0.93985E+02    0.78931E+02    0.30077E+02    0.81619E+01
   0.94025E+02    0.78942E+02    0.30077E+02    0.81619E+01
   0.94066E+02    0.78957E+02    0.30157E+02    0.81984E+01
   0.94103E+02    0.78978E+02    0.30157E+02    0.81984E+01
   0.94139E+02    0.79001E+02    0.30237E+02    0.82345E+01
   0.94171E+02    0.79024E+02    0.30237E+02    0.82345E+01
   0.94201E+02    0.79048E+02    0.30322E+02    0.82690E+01
   0.94227E+02    0.79074E+02    0.30322E+02    0.82690E+01
   0.94249E+02    0.79104E+02    0.30413E+02    0.83006E+01
   0.94267E+02    0.79136E+02    0.30413E+02    0.83006E+01
   0.94279E+02    0.79167E+02    0.30513E+02    0.83286E+01
   0.94289E+02    0.79199E+02    0.30513E+02    0.83286E+01
   0.94292E+02    0.79231E+02    0.30627E+02    0.83522E+01
   0.94292E+02    0.79267E+02    0.30627E+02    0.83522E+01
   0.94284E+02    0.79303E+02    0.30755E+02    0.83711E+01
   0.94275E+02    0.79339E+02    0.30755E+02    0.83711E+01
   0.94256E+02    0.79375E+02    0.30899E+02    0.83850E+01
   0.94237E+02    0.79412E+02    0.30899E+02    0.83850E+01
   0.94209E+02    0.79449E+02    0.31062E+02    0.83939E+01
   0.94181E+02    0.79488E+02    0.31062E+02    0.83939E+01
   0.94145E+02    0.79525E+02    0.31243E+02    0.83980E+01
   0.94108E+02    0.79562E+02    0.31243E+02    0.83980E+01
   0.94067E+02    0.79598E+02    0.31442E+02    0.83976E+01
   0.94025E+02    0.79634E+02    0.31442E+02    0.83976E+01
   0.93979E+02    0.79669E+02    0.31656E+02    0.83936E+01
   0.93933E+02    0.79705E+02    0.31656E+02    0.83936E+01
   0.93883E+02    0.79740E+02    0.31879E+02    0.83868E+01
   0.93834E+02    0.79775E+02    0.31879E+02    0.83868E+01
   0.93783E+02    0.79806E+02    0.32106E+02    0.83780E+01
   0.93733E+02    0.79838E+02    0.32106E+02    0.83780E+01
   0.93683E+02    0.79869E+02    0.32331E+02    0.83677E+01
   0.93632E+02    0.79902E+02    0.32331E+02    0.83677E+01
   0.93582E+02    0.79931E+02    0.32550E+02    0.83564E+01
   0.93534E+02    0.79955E+02    0.32550E+02    0.83564E+01
   0.93489E+02    0.79971E+02    0.32758E+02    0.83445E+01
   0.93446E+02    0.79989E+02    0.32758E+02    0.83445E+01
   0.93405E+02    0.80010E+02    0.32951E+02    0.83324E+01
   0.93363E+02    0.80036E+02    0.32951E+02    0.83324E+01
   0.93322E+02    0.80061E+02    0.33128E+02    0.83206E+01
   0.93282E+02    0.80086E+02    0.33128E+02    0.83206E+01
   0.93244E+02    0.80105E+02    0.33285E+02    0.83088E+01
   0.93207E+02    0.80123E+02    0.33285E+02    0.83088E+01
   0.93174E+02    0.80134E+02    0.33419E+02    0.82970E+01
   0.93142E+02    0.80146E+02    0.33419E+02    0.82970E+01
   0.93113E+02    0.80157E+02    0.33528E+02    0.82858E+01
   0.93085E+02    0.80168E+02    0.33528E+02    0.82858E+01
   0.93060E+02    0.80173E+02    0.33612E+02    0.82756E+01
   0.93037E+02    0.80175E+02    0.33612E+02    0.82756E+01
   0.93018E+02    0.80171E+02    0.33670E+02    0.82664E+01
   0.93001E+02    0.80170E+02    0.33670E+02    0.82664E+01
   0.92986E+02    0.80167E+02    0.33701E+02    0.82586E+01
   0.92973E+02    0.80164E+02    0.33701E+02    0.82586E+01
   0.92963E+02    0.80154E+02    0.33707E+02    0.82525E+01
   0.92956E+02    0.80140E+02    0.33707E+02    0.82525E+01
   0.92953E+02    0.80121E+02    0.33688E+02    0.82483E+01
   0.92953E+02    0.80106E+02    0.33688E+02    0.82483E+01
   0.92955E+02    0.80088E+02    0.33644E+02    0.82462E+01
   0.92959E+02    0.80070E+02    0.33644E+02    0.82462E+01
   0.92966E+02    0.80045E+02    0.33578E+02    0.82467E+01
   0.92976E+02    0.80020E+02    0.33578E+02    0.82467E+01
   0.92989E+02    0.79994E+02    0.33491E+02    0.82496E+01
   0.93004E+02    0.79970E+02    0.33491E+02    0.82496E+01
   0.93020E+02    0.79943E+02    0.33385E+02    0.82553E+01
   0.93040E+02    0.79912E+02    0.33385E+02    0.82553E+01
   0.93063E+02    0.79881E+02    0.33261E+02    0.82638E+01
   0.93087E+02    0.79851E+02    0.33261E+02    0.82638E+01
   0.93113E+02    0.79821E+02    0.33124E+02    0.82752E+01
   0.93141E+02    0.79791E+02    0.33124E+02    0.82752E+01
   0.93171E+02    0.79758E+02    0.32974E+02    0.82894E+01
   0.93202E+02    0.79726E+02    0.32974E+02    0.82894E+01
   0.93236E+02    0.79694E+02    0.32815E+02    0.83062E+01
   0.93270E+02    0.79664E+02    0.32815E+02    0.83062E+01
   0.93306E+02    0.79634E+02    0.32650E+02    0.83256E+01
   0.93342E+02    0.79603E+02    0.32650E+02    0.83256E+01
   0.93380E+02    0.79573E+02    0.32480E+02    0.83472E+01
   0.93418E+02    0.79544E+02    0.32480E+02    0.83472E+01
   0.93457E+02    0.79516E+02    0.32311E+02    0.83708E+01
   0.93496E+02    0.79489E+02    0.32311E+02    0.83708E+01
   0.93535E+02    0.79464E+02    0.32143E+02    0.83960E+01
   0.93574E+02    0.79438E+02    0.32143E+02    0.83960E+01
   0.93612E+02    0.79415E+02    0.31981E+02    0.84225E+01
   0.93651E+02    0.79391E+02    0.31981E+02    0.84225E+01
   0.93688E+02    0.79371E+02    0.31827E+02    0.84497E+01
   0.93724E+02    0.79351E+02    0.31827E+02    0.84497E+01
   0.93760E+02    0.79334E+02    0.31683E+02    0.84772E+01
   0.93794E+02    0.79316E+02    0.31683E+02    0.84772E+01
   0.93826E+02    0.79300E+02    0.31554E+02    0.85047E+01
   0.93858E+02    0.79285E+02    0.31554E+02    0.85047E+01
   0.93887E+02    0.79275E+02    0.31439E+02    0.85317E+01
   0.93914E+02    0.79264E+02    0.31439E+02    0.85317E+01
   0.93939E+02    0.79254E+02    0.31342E+02    0.85578E+01
   0.93962E+02    0.79244E+02    0.31342E+02    0.85578E+01
   0.93983E+02    0.79238E+02    0.31265E+02    0.85827E+01
   0.94001E+02    0.79234E+02    0.31265E+02    0.85827E+01
   0.94016E+02    0.79233E+02    0.31207E+02    0.86062E+01
   0.94029E+02    0.79229E+02    0.31207E+02    0.86062E+01
   0.94040E+02    0.79227E+02    0.31171E+02    0.86279E+01
   0.94049E+02    0.79227E+02    0.31171E+02    0.86279E+01
   0.94054E+02    0.79232E+02    0.31156E+02    0.86477E+01
   0.94057E+02    0.79236E+02    0.31156E+02    0.86477E+01
   0.94057E+02    0.79242E+02    0.31162E+02    0.86655E+01
   0.94055E+02    0.79245E+02    0.31162E+02    0.86655E+01
   0.94051E+02    0.79252E+02    0.31188E+02    0.86811E+01
   0.94044E+02    0.79262E+02    0.31188E+02    0.86811E+01
   0.94034E+02    0.79274E+02    0.31233E+02    0.86947E+01
   0.94023E+02    0.79284E+02    0.31233E+02    0.86947E+01
   0.94009E+02    0.79293E+02    0.31295E+02    0.87062E+01
   0.93994E+02    0.79304E+02    0.31295E+02    0.87062E+01
   0.93976E+02    0.79320E+02    0.31373E+02    0.87156E+01
   0.93957E+02    0.79335E+02    0.31373E+02    0.87156E+01
   0.93936E+02    0.79349E+02    0.31465E+02    0.87232E+01
   0.93914E+02    0.79362E+02    0.31465E+02    0.87232E+01
   0.93891E+02    0.79377E+02    0.31568E+02    0.87288E+01
   0.93866E+02    0.79394E+02    0.31568E+02    0.87288E+01
   0.93840E+02    0.79411E+02    0.31679E+02    0.87328E+01
   0.93813E+02    0.79427E+02    0.31679E+02    0.87328E+01
   0.93786E+02    0.79442E+02    0.31796E+02    0.87353E+01
   0.93759E+02    0.79457E+02    0.31796E+02    0.87353E+01
   0.93731E+02    0.79474E+02    0.31916E+02    0.87363E+01
   0.93702E+02    0.79490E+02    0.31916E+02    0.87363E+01
   0.93674E+02    0.79506E+02    0.32036E+02    0.87362E+01
   0.93646E+02    0.79520E+02    0.32036E+02    0.87362E+01
   0.93618E+02    0.79534E+02    0.32155E+02    0.87350E+01
   0.93590E+02    0.79548E+02    0.32155E+02    0.87350E+01
   0.93563E+02    0.79561E+02    0.32270E+02    0.87329E+01
   0.93536E+02    0.79574E+02    0.32270E+02    0.87329E+01
   0.93511E+02    0.79585E+02    0.32378E+02    0.87302E+01
   0.93485E+02    0.79596E+02    0.32378E+02    0.87302E+01
   0.93462E+02    0.79605E+02    0.32478E+02    0.87270E+01
   0.93439E+02    0.79614E+02    0.32478E+02    0.87270E+01
   0.93417E+02    0.79622E+02    0.32568E+02    0.87234E+01
   0.93396E+02    0.79630E+02    0.32568E+02    0.87234E+01
   0.93377E+02    0.79635E+02    0.32646E+02    0.87197E+01
   0.93359E+02    0.79639E+02    0.32646E+02    0.87197E+01
   0.93343E+02    0.79642E+02    0.32713E+02    0.87161E+01
   0.93327E+02    0.79645E+02    0.32713E+02    0.87161E+01
   0.93314E+02    0.79647E+02    0.32765E+02    0.87127E+01
   0.93301E+02    0.79648E+02    0.32765E+02    0.87127E+01
   0.93291E+02    0.79645E+02    0.32805E+02    0.87097E+01
   0.93282E+02    0.79643E+02    0.32805E+02    0.87097E+01
   0.93275E+02    0.79640E+02    0.32830E+02    0.87072E+01
   0.93269E+02    0.79637E+02    0.32830E+02    0.87072E+01
   0.93264E+02    0.79633E+02    0.32841E+02    0.87054E+01
   0.93261E+02    0.79626E+02    0.32841E+02    0.87054E+01
   0.93261E+02    0.79617E+02    0.32838E+02    0.87045E+01
   0.93261E+02    0.79610E+02    0.32838E+02    0.87045E+01
   0.93263E+02    0.79603E+02    0.32822E+02    0.87044E+01
   0.93266E+02    0.79595E+02    0.32822E+02    0.87044E+01
   0.93271E+02    0.79583E+02    0.32794E+02    0.87055E+01
   0.93278E+02    0.79572E+02    0.32794E+02    0.87055E+01
   0.93286E+02    0.79561E+02    0.32755E+02    0.87076E+01
   0.93295E+02    0.79551E+02    0.32755E+02    0.87076E+01
   0.93305E+02    0.79540E+02    0.32704E+02    0.87108E+01
   0.93316E+02    0.79527E+02    0.32704E+02    0.87108E+01
   0.93329E+02    0.79514E+02    0.32645E+02    0.87152E+01
   0.93343E+02    0.79501E+02    0.32645E+02    0.87152E+01
   0.93357E+02    0.79490E+02    0.32578E+02    0.87206E+01
   0.93373E+02    0.79478E+02    0.32578E+02    0.87206E+01
   0.93389E+02    0.79465E+02    0.32505E+02    0.87272E+01
   0.93406E+02    0.79452E+02    0.32505E+02    0.87272E+01
   0.93424E+02    0.79440E+02    0.32427E+02    0.87345E+01
   0.93442E+02    0.79428E+02    0.32427E+02    0.87345E+01
   0.93461E+02    0.79417E+02    0.32346E+02    0.87428E+01
   0.93479E+02    0.79405E+02    0.32346E+02    0.87428E+01
   0.93499E+02    0.79395E+02    0.32264E+02    0.87516E+01
   0.93518E+02    0.79384E+02    0.32264E+02    0.87516E+01
   0.93538E+02    0.79374E+02    0.32182E+02    0.87609E+01
   0.93557E+02    0.79365E+02    0.32182E+02    0.87609E+01
   0.93576E+02    0.79356E+02    0.32102E+02    0.87705E+01
   0.93595E+02    0.79348E+02    0.32102E+02    0.87705E+01
   0.93613E+02    0.79340E+02    0.32025E+02    0.87802E+01
   0.93631E+02    0.79333E+02    0.32025E+02    0.87802E+01
   0.93649E+02    0.79327E+02    0.31953E+02    0.87898E+01
   0.93666E+02    0.79321E+02    0.31953E+02    0.87898E+01
   0.93682E+02    0.79317E+02    0.31887E+02    0.87990E+01
   0.93697E+02    0.79312E+02    0.31887E+02    0.87990E+01
   0.93711E+02    0.79309E+02    0.31828E+02    0.88078E+01
   0.93725E+02    0.79305E+02    0.31828E+02    0.88078E+01
   0.93737E+02    0.79305E+02    0.31778E+02    0.88158E+01
   0.93749E+02    0.79303E+02    0.31778E+02    0.88158E+01
   0.93759E+02    0.79303E+02    0.31737E+02    0.88231E+01
   0.93768E+02    0.79302E+02    0.31737E+02    0.88231E+01
   0.93776E+02    0.79302E+02    0.31706E+02    0.88293E+01
   0.93783E+02    0.79305E+02    0.31706E+02    0.88293E+01
   0.93788E+02    0.79308E+02    0.31684E+02    0.88346E+01
   0.93792E+02    0.79310E+02    0.31684E+02    0.88346E+01
   0.93795E+02    0.79313E+02    0.31674E+02    0.88387E+01
   0.93797E+02    0.79316E+02    0.31674E+02    0.88387E+01
   0.93798E+02    0.79322E+02    0.31673E+02    0.88415E+01
   0.93797E+02    0.79328E+02    0.31673E+02    0.88415E+01
   0.93795E+02    0.79333E+02    0.31682E+02    0.88432E+01
   0.93792E+02    0.79338E+02    0.31682E+02    0.88432E+01
   0.93788E+02    0.79344E+02    0.31701E+02    0.88437E+01
   0.93783E+02    0.79352E+02    0.31701E+02    0.88437E+01
   0.93776E+02    0.79361E+02    0.31728E+02    0.88429E+01
   0.93769E+02    0.79368E+02    0.31728E+02    0.88429E+01
   0.93761E+02    0.79375E+02    0.31763E+02    0.88410E+01
   0.93753E+02    0.79382E+02    0.31763E+02    0.88410E+01
   0.93743E+02    0.79392E+02    0.31805E+02    0.88380E+01
   0.93732E+02    0.79401E+02    0.31805E+02    0.88380E+01
   0.93721E+02    0.79410E+02    0.31853E+02    0.88340E+01
   0.93709E+02    0.79418E+02    0.31853E+02    0.88340E+01
   0.93697E+02    0.79427E+02    0.31906E+02    0.88291E+01
   0.93685E+02    0.79436E+02    0.31906E+02    0.88291E+01
   0.93672E+02    0.79445E+02    0.31961E+02    0.88233E+01
   0.93658E+02    0.79454E+02    0.31961E+02    0.88233E+01
   0.93645E+02    0.79462E+02    0.32019E+02    0.88168E+01
   0.93632E+02    0.79471E+02    0.32019E+02    0.88168E+01
   0.93618E+02    0.79479E+02    0.32078E+02    0.88097E+01
   0.93604E+02    0.79488E+02    0.32078E+02    0.88097E+01
   0.93591E+02    0.79495E+02    0.32136E+02    0.88021E+01
   0.93577E+02    0.79503E+02    0.32136E+02    0.88021E+01
   0.93564E+02    0.79510E+02    0.32193E+02    0.87942E+01
   0.93552E+02    0.79517E+02    0.32193E+02    0.87942E+01
   0.93539E+02    0.79523E+02    0.32247E+02    0.87859E+01
   0.93527E+02    0.79529E+02    0.32247E+02    0.87859E+01
   0.93516E+02    0.79535E+02    0.32298E+02    0.87775E+01
   0.93504E+02    0.79540E+02    0.32298E+02    0.87775E+01
   0.93494E+02    0.79544E+02    0.32344E+02    0.87691E+01
   0.93484E+02    0.79548E+02    0.32344E+02    0.87691E+01
   0.93475E+02    0.79552E+02    0.32385E+02    0.87607E+01
   0.93466E+02    0.79556E+02    0.32385E+02    0.87607E+01
   0.93458E+02    0.79558E+02    0.32420E+02    0.87525E+01
   0.93451E+02    0.79560E+02    0.32420E+02    0.87525E+01
   0.93445E+02    0.79561E+02    0.32449E+02    0.87446E+01
   0.93439E+02    0.79563E+02    0.32449E+02    0.87446E+01
   0.93434E+02    0.79564E+02    0.32471E+02    0.87370E+01
   0.93430E+02    0.79564E+02    0.32471E+02    0.87370E+01
   0.93426E+02    0.79563E+02    0.32487E+02    0.87298E+01
   0.93424E+02    0.79562E+02    0.32487E+02    0.87298E+01
   0.93422E+02    0.79560E+02    0.32496E+02    0.87231E+01
   0.93421E+02    0.79560E+02    0.32496E+02    0.87231E+01
   0.93421E+02    0.79558E+02    0.32498E+02    0.87170E+01
   0.93421E+02    0.79555E+02    0.32498E+02    0.87170E+01
   0.93423E+02    0.79551E+02    0.32494E+02    0.87115E+01
   0.93425E+02    0.79548E+02    0.32494E+02    0.87115E+01
   0.93428E+02    0.79545E+02    0.32484E+02    0.87065E+01
   0.93431E+02    0.79542E+02    0.32484E+02    0.87065E+01
   0.93435E+02    0.79537E+02    0.32468E+02    0.87022E+01
   0.93440E+02    0.79532E+02    0.32468E+02    0.87022E+01
   0.93445E+02    0.79527E+02    0.32448E+02    0.86986E+01
   0.93451E+02    0.79523E+02    0.32448E+02    0.86986E+01
   0.93458E+02    0.79518E+02    0.32422E+02    0.86955E+01
   0.93464E+02    0.79513E+02    0.32422E+02    0.86955E+01
   0.93472E+02    0.79507E+02    0.32393E+02    0.86931E+01
   0.93480E+02    0.79502E+02    0.32393E+02    0.86931E+01
   0.93488E+02    0.79497E+02    0.32361E+02    0.86912E+01
   0.93496E+02    0.79492E+02    0.32361E+02    0.86912E+01
   0.93505E+02    0.79487E+02    0.32327E+02    0.86898E+01
   0.93514E+02    0.79481E+02    0.32327E+02    0.86898E+01
   0.93523E+02    0.79476E+02    0.32291E+02    0.86888E+01
   0.93532E+02    0.79471E+02    0.32291E+02    0.86888E+01
   0.93542E+02    0.79467E+02    0.32254E+02    0.86883E+01
   0.93551E+02    0.79462E+02    0.32254E+02    0.86883E+01
   0.93560E+02    0.79457E+02    0.32217E+02    0.86880E+01
   0.93570E+02    0.79452E+02    0.32217E+02    0.86880E+01
   0.93579E+02    0.79448E+02    0.32181E+02    0.86880E+01
   0.93588E+02    0.79444E+02    0.32181E+02    0.86880E+01
   0.93597E+02    0.79441E+02    0.32147E+02    0.86881E+01
   0.93605E+02    0.79437E+02    0.32147E+02    0.86881E+01
   0.93613E+02    0.79434E+02    0.32115E+02    0.86883E+01
   0.93621E+02    0.79430E+02    0.32115E+02    0.86883E+01
   0.93629E+02    0.79428E+02    0.32086E+02    0.86884E+01
   0.93636E+02    0.79425E+02    0.32086E+02    0.86884E+01
   0.93643E+02    0.79423E+02    0.32060E+02    0.86885E+01
   0.93649E+02    0.79421E+02    0.32060E+02    0.86885E+01
   0.93655E+02    0.79419E+02    0.32038E+02    0.86885E+01
   0.93660E+02    0.79418E+02    0.32038E+02    0.86885E+01
   0.93665E+02    0.79417E+02    0.32020E+02    0.86882E+01
   0.93670E+02    0.79417E+02    0.32020E+02    0.86882E+01
   0.93673E+02    0.79416E+02    0.32006E+02    0.86877E+01
   0.93677E+02    0.79415E+02    0.32006E+02    0.86877E+01
   0.93679E+02    0.79415E+02    0.31997E+02    0.86869E+01
   0.93681E+02    0.79416E+02    0.31997E+02    0.86869E+01
   0.93683E+02    0.79417E+02    0.31992E+02    0.86858E+01
   0.93684E+02    0.79418E+02    0.31992E+02    0.86858E+01
   0.93684E+02    0.79418E+02    0.31992E+02    0.86843E+01
   0.93684E+02    0.79419E+02    0.31992E+02    0.86843E+01
   0.93683E+02    0.79421E+02    0.31996E+02    0.86825E+01
   0.93682E+02    0.79424E+02    0.31996E+02    0.86825E+01
   0.93681E+02    0.79425E+02    0.32004E+02    0.86803E+01
   0.93679E+02    0.79427E+02    0.32004E+02    0.86803E+01
   0.93676E+02    0.79429E+02    0.32016E+02    0.86777E+01
   0.93673E+02    0.79432E+02    0.32016E+02    0.86777E+01
   0.93669E+02    0.79434E+02    0.32031E+02    0.86749E+01
   0.93666E+02    0.79437E+02    0.32031E+02    0.86749E+01
   0.93661E+02    0.79439E+02    0.32050E+02    0.86717E+01
   0.93657E+02    0.79441E+02    0.32050E+02    0.86717E+01
   0.93652E+02    0.79444E+02    0.32071E+02    0.86683E+01
   0.93647E+02    0.79447E+02    0.32071E+02    0.86683E+01
   0.93642E+02    0.79450E+02    0.32094E+02    0.86646E+01
   0.93636E+02    0.79453E+02    0.32094E+02    0.86646E+01
   0.93631E+02    0.79455E+02    0.32118E+02    0.86607E+01
   0.93625E+02    0.79458E+02    0.32118E+02    0.86607E+01
   0.93619E+02    0.79460E+02    0.32143E+02    0.86567E+01
   0.93613E+02    0.79463E+02    0.32143E+02    0.86567E+01
   0.93607E+02    0.79465E+02    0.32168E+02    0.86526E+01
   0.93602E+02    0.79467E+02    0.32168E+02    0.86526E+01
   0.93596E+02    0.79469E+02    0.32194E+02    0.86484E+01
   0.93590E+02    0.79472E+02    0.32194E+02    0.86484E+01
   0.93584E+02    0.79473E+02    0.32218E+02    0.86442E+01
   0.93579E+02    0.79475E+02    0.32218E+02    0.86442E+01
   0.93573E+02    0.79476E+02    0.32241E+02    0.86401E+01
   0.93568E+02    0.79478E+02    0.32241E+02    0.86401E+01
   0.93563E+02    0.79478E+02    0.32263E+02    0.86360E+01
   0.93558E+02    0.79479E+02    0.32263E+02    0.86360E+01
   0.93554E+02    0.79480E+02    0.32282E+02    0.86321E+01
   0.93549E+02    0.79481E+02    0.32282E+02    0.86321E+01
   0.93546E+02    0.79480E+02    0.32299E+02    0.86284E+01
   0.93542E+02    0.79480E+02    0.32299E+02    0.86284E+01
   0.93539E+02    0.79480E+02    0.32314E+02    0.86249E+01
   0.93536E+02    0.79480E+02    0.32314E+02    0.86249E+01
   0.93533E+02    0.79479E+02    0.32326E+02    0.86217E+01
   0.93531E+02    0.79478E+02    0.32326E+02    0.86217E+01
   0.93529E+02    0.79476E+02    0.32334E+02    0.86188E+01
   0.93527E+02    0.79475E+02    0.32334E+02    0.86188E+01
   0.93526E+02    0.79474E+02    0.32340E+02    0.86162E+01
   0.93525E+02    0.79472E+02    0.32340E+02    0.86162E+01
   0.93525E+02    0.79469E+02    0.32343E+02    0.86140E+01
   0.93525E+02    0.79467E+02    0.32343E+02    0.86140E+01
   0.93525E+02    0.79464E+02    0.32342E+02    0.86122E+01
   0.93525E+02    0.79462E+02    0.32342E+02    0.86122E+01
   0.93526E+02    0.79460E+02    0.32339E+02    0.86107E+01
   0.93528E+02    0.79456E+02    0.32339E+02    0.86107E+01
   0.93529E+02    0.79453E+02    0.32333E+02    0.86096E+01
   0.93531E+02    0.79450E+02    0.32333E+02    0.86096E+01
   0.93534E+02    0.79447E+02    0.32324E+02    0.86089E+01
   0.93536E+02    0.79444E+02    0.32324E+02    0.86089E+01
   0.93539E+02    0.79440E+02    0.32313E+02    0.86086E+01
   0.93542E+02    0.79436E+02    0.32313E+02    0.86086E+01
   0.93545E+02    0.79432E+02    0.32301E+02    0.86086E+01
   0.93549E+02    0.79429E+02    0.32301E+02    0.86086E+01
   0.93552E+02    0.79425E+02    0.32286E+02    0.86090E+01
   0.93556E+02    0.79421E+02    0.32286E+02    0.86090E+01
   0.93560E+02    0.79417E+02    0.32270E+02    0.86097E+01
   0.93565E+02    0.79413E+02    0.32270E+02    0.86097E+01
   0.93569E+02    0.79410E+02    0.32254E+02    0.86108E+01
   0.93573E+02    0.79406E+02    0.32254E+02    0.86108E+01
   0.93578E+02    0.79402E+02    0.32236E+02    0.86120E+01
   0.93582E+02    0.79399E+02    0.32236E+02    0.86120E+01
   0.93587E+02    0.79395E+02    0.32219E+02    0.86135E+01
   0.93591E+02    0.79392E+02    0.32219E+02    0.86135E+01
   0.93595E+02    0.79386E+02    0.32201E+02    0.86152E+01
   0.93594E+02    0.79360E+02    0.32201E+02    0.86152E+01
   0.93592E+02    0.79301E+02    0.32184E+02    0.86171E+01
   0.93591E+02    0.79223E+02    0.32184E+02    0.86171E+01
   0.93594E+02    0.79154E+02    0.32225E+02    0.86248E+01
   0.93598E+02    0.79122E+02    0.32225E+02    0.86248E+01
   0.93600E+02    0.79142E+02    0.32468E+02    0.86542E+01
   0.93594E+02    0.79196E+02    0.32468E+02    0.86542E+01
   0.93595E+02    0.79247E+02    0.32869E+02    0.87006E+01
   0.93594E+02    0.79278E+02    0.32869E+02    0.87006E+01
   0.93612E+02    0.79289E+02    0.33259E+02    0.87460E+01
   0.93630E+02    0.79296E+02    0.33259E+02    0.87460E+01
   0.93658E+02    0.79307E+02    0.33608E+02    0.87921E+01
   0.93682E+02    0.79331E+02    0.33608E+02    0.87921E+01
   0.93709E+02    0.79363E+02    0.33910E+02    0.88419E+01
   0.93731E+02    0.79400E+02    0.33910E+02    0.88419E+01
   0.93757E+02    0.79436E+02    0.34167E+02    0.88921E+01
   0.93778E+02    0.79472E+02    0.34167E+02    0.88921E+01
   0.93802E+02    0.79506E+02    0.34382E+02    0.89396E+01
   0.93821E+02    0.79539E+02    0.34382E+02    0.89396E+01
   0.93840E+02    0.79573E+02    0.34556E+02    0.89832E+01
   0.93853E+02    0.79610E+02    0.34556E+02    0.89832E+01
   0.93864E+02    0.79645E+02    0.34696E+02    0.90223E+01
   0.93869E+02    0.79679E+02    0.34696E+02    0.90223E+01
   0.93871E+02    0.79712E+02    0.34805E+02    0.90562E+01
   0.93868E+02    0.79743E+02    0.34805E+02    0.90562E+01
   0.93862E+02    0.79774E+02    0.34887E+02    0.90848E+01
   0.93851E+02    0.79804E+02    0.34887E+02    0.90848E+01
   0.93837E+02    0.79833E+02    0.34945E+02    0.91084E+01
   0.93819E+02    0.79861E+02    0.34945E+02    0.91084E+01
   0.93799E+02    0.79888E+02    0.34981E+02    0.91275E+01
   0.93774E+02    0.79914E+02    0.34981E+02    0.91275E+01
   0.93748E+02    0.79940E+02    0.35000E+02    0.91427E+01
   0.93718E+02    0.79965E+02    0.35000E+02    0.91427E+01
   0.93689E+02    0.79989E+02    0.35001E+02    0.91544E+01
   0.93655E+02    0.80012E+02    0.35001E+02    0.91544E+01
   0.93623E+02    0.80035E+02    0.34988E+02    0.91632E+01
   0.93587E+02    0.80057E+02    0.34988E+02    0.91632E+01
   0.93553E+02    0.80078E+02    0.34960E+02    0.91695E+01
   0.93515E+02    0.80099E+02    0.34960E+02    0.91695E+01
   0.93480E+02    0.80119E+02    0.34919E+02    0.91735E+01
   0.93443E+02    0.80138E+02    0.34919E+02    0.91735E+01
   0.93409E+02    0.80156E+02    0.34864E+02    0.91757E+01
   0.93373E+02    0.80174E+02    0.34864E+02    0.91757E+01
   0.93339E+02    0.80192E+02    0.34797E+02    0.91761E+01
   0.93305E+02    0.80208E+02    0.34797E+02    0.91761E+01
   0.93274E+02    0.80221E+02    0.34717E+02    0.91749E+01
   0.93242E+02    0.80234E+02    0.34717E+02    0.91749E+01
   0.93213E+02    0.80247E+02    0.34624E+02    0.91721E+01
   0.93185E+02    0.80259E+02    0.34624E+02    0.91721E+01
   0.93159E+02    0.80270E+02    0.34519E+02    0.91679E+01
   0.93134E+02    0.80276E+02    0.34519E+02    0.91679E+01
   0.93112E+02    0.80282E+02    0.34402E+02    0.91622E+01
   0.93091E+02    0.80287E+02    0.34402E+02    0.91622E+01
   0.93072E+02    0.80292E+02    0.34273E+02    0.91553E+01
   0.93054E+02    0.80294E+02    0.34273E+02    0.91553E+01
   0.93040E+02    0.80291E+02    0.34134E+02    0.91473E+01
   0.93027E+02    0.80288E+02    0.34134E+02    0.91473E+01
   0.93016E+02    0.80284E+02    0.33984E+02    0.91383E+01
   0.93007E+02    0.80279E+02    0.33984E+02    0.91383E+01
   0.92999E+02    0.80273E+02    0.33825E+02    0.91286E+01
   0.92994E+02    0.80261E+02    0.33825E+02    0.91286E+01
   0.92991E+02    0.80248E+02    0.33657E+02    0.91184E+01
   0.92990E+02    0.80235E+02    0.33657E+02    0.91184E+01
   0.92991E+02    0.80222E+02    0.33482E+02    0.91078E+01
   0.92994E+02    0.80205E+02    0.33482E+02    0.91078E+01
   0.92999E+02    0.80185E+02    0.33301E+02    0.90975E+01
   0.93006E+02    0.80163E+02    0.33301E+02    0.90975E+01
   0.93014E+02    0.80143E+02    0.33115E+02    0.90875E+01
   0.93025E+02    0.80121E+02    0.33115E+02    0.90875E+01
   0.93037E+02    0.80099E+02    0.32925E+02    0.90783E+01
   0.93051E+02    0.80072E+02    0.32925E+02    0.90783E+01
   0.93066E+02    0.80046E+02    0.32733E+02    0.90701E+01
   0.93084E+02    0.80019E+02    0.32733E+02    0.90701E+01
   0.93102E+02    0.79994E+02    0.32539E+02    0.90630E+01
   0.93123E+02    0.79967E+02    0.32539E+02    0.90630E+01
   0.93144E+02    0.79939E+02    0.32346E+02    0.90573E+01
   0.93167E+02    0.79910E+02    0.32346E+02    0.90573E+01
   0.93191E+02    0.79883E+02    0.32154E+02    0.90530E+01
   0.93216E+02    0.79854E+02    0.32154E+02    0.90530E+01
   0.93241E+02    0.79828E+02    0.31966E+02    0.90501E+01
   0.93268E+02    0.79800E+02    0.31966E+02    0.90501E+01
   0.93295E+02    0.79774E+02    0.31784E+02    0.90487E+01
   0.93323E+02    0.79747E+02    0.31784E+02    0.90487E+01
   0.93351E+02    0.79723E+02    0.31608E+02    0.90486E+01
   0.93380E+02    0.79698E+02    0.31608E+02    0.90486E+01
   0.93408E+02    0.79676E+02    0.31441E+02    0.90498E+01
   0.93437E+02    0.79653E+02    0.31441E+02    0.90498E+01
   0.93465E+02    0.79633E+02    0.31285E+02    0.90520E+01
   0.93494E+02    0.79611E+02    0.31285E+02    0.90520E+01
   0.93521E+02    0.79593E+02    0.31141E+02    0.90551E+01
   0.93548E+02    0.79576E+02    0.31141E+02    0.90551E+01
   0.93574E+02    0.79563E+02    0.31010E+02    0.90588E+01
   0.93600E+02    0.79546E+02    0.31010E+02    0.90588E+01
   0.93624E+02    0.79533E+02    0.30895E+02    0.90629E+01
   0.93648E+02    0.79520E+02    0.30895E+02    0.90629E+01
   0.93670E+02    0.79514E+02    0.30797E+02    0.90670E+01
   0.93691E+02    0.79506E+02    0.30797E+02    0.90670E+01
   0.93710E+02    0.79501E+02    0.30717E+02    0.90711E+01
   0.93728E+02    0.79492E+02    0.30717E+02    0.90711E+01
   0.93745E+02    0.79489E+02    0.30655E+02    0.90748E+01
   0.93759E+02    0.79490E+02    0.30655E+02    0.90748E+01
   0.93772E+02    0.79493E+02    0.30612E+02    0.90779E+01
   0.93783E+02    0.79493E+02    0.30612E+02    0.90779E+01
   0.93792E+02    0.79495E+02    0.30590E+02    0.90802E+01
   0.93801E+02    0.79497E+02    0.30590E+02    0.90802E+01
   0.93806E+02    0.79508E+02    0.30587E+02    0.90815E+01
   0.93810E+02    0.79517E+02    0.30587E+02    0.90815E+01
   0.93811E+02    0.79527E+02    0.30603E+02    0.90818E+01
   0.93812E+02    0.79534E+02    0.30603E+02    0.90818E+01
   0.93811E+02    0.79545E+02    0.30639E+02    0.90808E+01
   0.93808E+02    0.79561E+02    0.30639E+02    0.90808E+01
   0.93803E+02    0.79579E+02    0.30692E+02    0.90786E+01
   0.93796E+02    0.79593E+02    0.30692E+02    0.90786E+01
   0.93788E+02    0.79608E+02    0.30762E+02    0.90750E+01
   0.93780E+02    0.79623E+02    0.30762E+02    0.90750E+01
   0.93769E+02    0.79645E+02    0.30848E+02    0.90700E+01
   0.93756E+02    0.79667E+02    0.30848E+02    0.90700E+01
   0.93743E+02    0.79687E+02    0.30947E+02    0.90638E+01
   0.93729E+02    0.79706E+02    0.30947E+02    0.90638E+01
   0.93714E+02    0.79727E+02    0.31057E+02    0.90561E+01
   0.93698E+02    0.79750E+02    0.31057E+02    0.90561E+01
   0.93680E+02    0.79775E+02    0.31178E+02    0.90472E+01
   0.93662E+02    0.79798E+02    0.31178E+02    0.90472E+01
   0.93644E+02    0.79820E+02    0.31306E+02    0.90371E+01
   0.93625E+02    0.79843E+02    0.31306E+02    0.90371E+01
   0.93606E+02    0.79868E+02    0.31439E+02    0.90257E+01
   0.93586E+02    0.79892E+02    0.31439E+02    0.90257E+01
   0.93566E+02    0.79917E+02    0.31575E+02    0.90133E+01
   0.93546E+02    0.79940E+02    0.31575E+02    0.90133E+01
   0.93526E+02    0.79963E+02    0.31712E+02    0.89999E+01
   0.93506E+02    0.79987E+02    0.31712E+02    0.89999E+01
   0.93486E+02    0.80010E+02    0.31849E+02    0.89857E+01
   0.93466E+02    0.80033E+02    0.31849E+02    0.89857E+01
   0.93447E+02    0.80056E+02    0.31982E+02    0.89707E+01
   0.93428E+02    0.80079E+02    0.31982E+02    0.89707E+01
   0.93409E+02    0.80099E+02    0.32110E+02    0.89551E+01
   0.93391E+02    0.80120E+02    0.32110E+02    0.89551E+01
   0.93374E+02    0.80141E+02    0.32232E+02    0.89390E+01
   0.93357E+02    0.80162E+02    0.32232E+02    0.89390E+01
   0.93340E+02    0.80181E+02    0.32346E+02    0.89226E+01
   0.93324E+02    0.80199E+02    0.32346E+02    0.89226E+01
   0.93310E+02    0.80215E+02    0.32451E+02    0.89060E+01
   0.93296E+02    0.80234E+02    0.32451E+02    0.89060E+01
   0.93283E+02    0.80251E+02    0.32545E+02    0.88892E+01
   0.93270E+02    0.80268E+02    0.32545E+02    0.88892E+01
   0.93259E+02    0.80281E+02    0.32629E+02    0.88726E+01
   0.93248E+02    0.80294E+02    0.32629E+02    0.88726E+01
   0.93239E+02    0.80307E+02    0.32701E+02    0.88561E+01
   0.93230E+02    0.80322E+02    0.32701E+02    0.88561E+01
   0.93222E+02    0.80334E+02    0.32761E+02    0.88399E+01
   0.93215E+02    0.80343E+02    0.32761E+02    0.88399E+01
   0.93210E+02    0.80352E+02    0.32808E+02    0.88240E+01
   0.93205E+02    0.80362E+02    0.32808E+02    0.88240E+01
   0.93201E+02    0.80372E+02    0.32844E+02    0.88086E+01
   0.93198E+02    0.80381E+02    0.32844E+02    0.88086E+01
   0.93196E+02    0.80386E+02    0.32867E+02    0.87938E+01
   0.93195E+02    0.80391E+02    0.32867E+02    0.87938E+01
   0.93195E+02    0.80396E+02    0.32879E+02    0.87796E+01
   0.93196E+02    0.80403E+02    0.32879E+02    0.87796E+01
