   0.18579E+02    0.22633E+01    0.48436E+01    0.22986E+01
   0.18579E+02    0.22633E+01    0.48436E+01    0.22986E+01
   0.17079E+02    0.21133E+01    0.45436E+01    0.19986E+01
   0.17079E+02    0.21133E+01    0.45436E+01    0.19986E+01
   0.16355E+02    0.19817E+01    0.35929E+01    0.14913E+01
   0.16355E+02    0.19817E+01    0.35929E+01    0.14913E+01
   0.16573E+02    0.20231E+01    0.41713E+01    0.17807E+01
   0.16573E+02    0.20231E+01    0.41713E+01    0.17807E+01
   0.15934E+02    0.20419E+01    0.46593E+01    0.20717E+01
   0.15934E+02    0.20419E+01    0.46593E+01    0.20717E+01
   0.15090E+02    0.19957E+01    0.42380E+01    0.18805E+01
   0.15090E+02    0.19957E+01    0.42380E+01    0.18805E+01
   0.14598E+02    0.19583E+01    0.39203E+01    0.17192E+01
   0.14598E+02    0.19583E+01    0.39203E+01    0.17192E+01
   0.14283E+02    0.19437E+01    0.38835E+01    0.17002E+01
   0.14283E+02    0.19437E+01    0.38835E+01    0.17002E+01
   0.14013E+02    0.19296E+01    0.38534E+01    0.16850E+01
   0.14013E+02    0.19296E+01    0.38534E+01    0.16850E+01
   0.13847E+02    0.19142E+01    0.37797E+01    0.16451E+01
   0.13847E+02    0.19142E+01    0.37797E+01    0.16451E+01
   0.13821E+02    0.19043E+01    0.37300E+01    0.16156E+01
   0.13821E+02    0.19043E+01    0.37300E+01    0.16156E+01
   0.13921E+02    0.19010E+01    0.37171E+01    0.16042E+01
   0.13921E+02    0.19010E+01    0.37171E+01    0.16042E+01
   0.14144E+02    0.19029E+01    0.37251E+01    0.16026E+01
   0.14144E+02    0.19029E+01    0.37251E+01    0.16026E+01
   0.14497E+02    0.19103E+01    0.37523E+01    0.16093E+01
   0.14497E+02    0.19103E+01    0.37523E+01    0.16093E+01
   0.14985E+02    0.19235E+01    0.38066E+01    0.16283E+01
   0.14985E+02    0.19235E+01    0.38066E+01    0.16283E+01
   0.15601E+02    0.19421E+01    0.38868E+01    0.16588E+01
   0.15601E+02    0.19421E+01    0.38868E+01    0.16588E+01
   0.16339E+02    0.19654E+01    0.39891E+01    0.16991E+01
   0.16339E+02    0.19654E+01    0.39891E+01    0.16991E+01
   0.17191E+02    0.19927E+01    0.41116E+01    0.17478E+01
   0.17191E+02    0.19927E+01    0.41116E+01    0.17478E+01
   0.18140E+02    0.20231E+01    0.42517E+01    0.18036E+01
   0.18140E+02    0.20231E+01    0.42517E+01    0.18036E+01
   0.19170E+02    0.20556E+01    0.44050E+01    0.18643E+01
   0.19170E+02    0.20556E+01    0.44050E+01    0.18643E+01
   0.20257E+02    0.20894E+01    0.45681E+01    0.19281E+01
   0.20257E+02    0.20894E+01    0.45681E+01    0.19281E+01
   0.21372E+02    0.21232E+01    0.47341E+01    0.19915E+01
   0.21372E+02    0.21232E+01    0.47341E+01    0.19915E+01
   0.22483E+02    0.21561E+01    0.48978E+01    0.20521E+01
   0.22483E+02    0.21561E+01    0.48978E+01    0.20521E+01
   0.23559E+02    0.21876E+01    0.50548E+01    0.21081E+01
   0.23559E+02    0.21876E+01    0.50548E+01    0.21081E+01
   0.24565E+02    0.22169E+01    0.51969E+01    0.21558E+01
   0.24565E+02    0.22169E+01    0.51969E+01    0.21558E+01
   0.25475E+02    0.22439E+01    0.53237E+01    0.21956E+01
   0.25475E+02    0.22439E+01    0.53237E+01    0.21956E+01
   0.26261E+02    0.22682E+01    0.54292E+01    0.22255E+01
   0.26261E+02    0.22682E+01    0.54292E+01    0.22255E+01
   0.26906E+02    0.22901E+01    0.55119E+01    0.22451E+01
   0.26906E+02    0.22901E+01    0.55119E+01    0.22451E+01
   0.27395E+02    0.23098E+01    0.55738E+01    0.22565E+01
   0.27395E+02    0.23098E+01    0.55738E+01    0.22565E+01
   0.27722E+02    0.23274E+01    0.56114E+01    0.22583E+01
   0.27722E+02    0.23274E+01    0.56114E+01    0.22583E+01
   0.27886E+02    0.23433E+01    0.56305E+01    0.22539E+01
   0.27886E+02    0.23433E+01    0.56305E+01    0.22539E+01
   0.27892E+02    0.23577E+01    0.56315E+01    0.22438E+01
   0.27892E+02    0.23577E+01    0.56315E+01    0.22438E+01
   0.27747E+02    0.23709E+01    0.56168E+01    0.22294E+01
   0.27747E+02    0.23709E+01    0.56168E+01    0.22294E+01
   0.27465E+02    0.23834E+01    0.55923E+01    0.22134E+01
   0.27465E+02    0.23834E+01    0.55923E+01    0.22134E+01
   0.27059E+02    0.23951E+01    0.55587E+01    0.21962E+01
   0.27059E+02    0.23951E+01    0.55587E+01    0.21962E+01
   0.26543E+02    0.24058E+01    0.55156E+01    0.21772E+01
   0.26543E+02    0.24058E+01    0.55156E+01    0.21772E+01
   0.25937E+02    0.24159E+01    0.54697E+01    0.21592E+01
   0.25937E+02    0.24159E+01    0.54697E+01    0.21592E+01
   0.25258E+02    0.24257E+01    0.54307E+01    0.21470E+01
   0.25258E+02    0.24257E+01    0.54307E+01    0.21470E+01
   0.24516E+02    0.24348E+01    0.53949E+01    0.21386E+01
   0.24516E+02    0.24348E+01    0.53949E+01    0.21386E+01
   0.23726E+02    0.24427E+01    0.53592E+01    0.21320E+01
   0.23726E+02    0.24427E+01    0.53592E+01    0.21320E+01
   0.22907E+02    0.24490E+01    0.53251E+01    0.21273E+01
   0.22907E+02    0.24490E+01    0.53251E+01    0.21273E+01
   0.22073E+02    0.24535E+01    0.52933E+01    0.21244E+01
   0.22073E+02    0.24535E+01    0.52933E+01    0.21244E+01
   0.21242E+02    0.24557E+01    0.52623E+01    0.21220E+01
   0.21242E+02    0.24557E+01    0.52623E+01    0.21220E+01
   0.20427E+02    0.24554E+01    0.52319E+01    0.21194E+01
   0.20427E+02    0.24554E+01    0.52319E+01    0.21194E+01
   0.19644E+02    0.24525E+01    0.52010E+01    0.21156E+01
   0.19644E+02    0.24525E+01    0.52010E+01    0.21156E+01
   0.18905E+02    0.24468E+01    0.51691E+01    0.21100E+01
   0.18905E+02    0.24468E+01    0.51691E+01    0.21100E+01
   0.18221E+02    0.24385E+01    0.51361E+01    0.21021E+01
   0.18221E+02    0.24385E+01    0.51361E+01    0.21021E+01
   0.17599E+02    0.24277E+01    0.51005E+01    0.20911E+01
   0.17599E+02    0.24277E+01    0.51005E+01    0.20911E+01
   0.17039E+02    0.24144E+01    0.50618E+01    0.20768E+01
   0.17039E+02    0.24144E+01    0.50618E+01    0.20768E+01
   0.16539E+02    0.23987E+01    0.50186E+01    0.20585E+01
   0.16539E+02    0.23987E+01    0.50186E+01    0.20585E+01
   0.16103E+02    0.23814E+01    0.49707E+01    0.20363E+01
   0.16103E+02    0.23814E+01    0.49707E+01    0.20363E+01
   0.15738E+02    0.23634E+01    0.49228E+01    0.20127E+01
   0.15738E+02    0.23634E+01    0.49228E+01    0.20127E+01
   0.15449E+02    0.23455E+01    0.48754E+01    0.19879E+01
   0.15449E+02    0.23455E+01    0.48754E+01    0.19879E+01
   0.15244E+02    0.23288E+01    0.48331E+01    0.19644E+01
   0.15244E+02    0.23288E+01    0.48331E+01    0.19644E+01
   0.15127E+02    0.23142E+01    0.48010E+01    0.19446E+01
   0.15127E+02    0.23142E+01    0.48010E+01    0.19446E+01
   0.15101E+02    0.23021E+01    0.47780E+01    0.19282E+01
   0.15101E+02    0.23021E+01    0.47780E+01    0.19282E+01
   0.15171E+02    0.22933E+01    0.47685E+01    0.19172E+01
   0.15171E+02    0.22933E+01    0.47685E+01    0.19172E+01
   0.15339E+02    0.22883E+01    0.47750E+01    0.19128E+01
   0.15339E+02    0.22883E+01    0.47750E+01    0.19128E+01
   0.15606E+02    0.22872E+01    0.47972E+01    0.19149E+01
   0.15606E+02    0.22872E+01    0.47972E+01    0.19149E+01
   0.15972E+02    0.22902E+01    0.48373E+01    0.19246E+01
   0.15972E+02    0.22902E+01    0.48373E+01    0.19246E+01
   0.16433E+02    0.22970E+01    0.48941E+01    0.19410E+01
   0.16433E+02    0.22970E+01    0.48941E+01    0.19410E+01
   0.16984E+02    0.23072E+01    0.49668E+01    0.19639E+01
   0.16984E+02    0.23072E+01    0.49668E+01    0.19639E+01
   0.17614E+02    0.23202E+01    0.50534E+01    0.19922E+01
   0.17614E+02    0.23202E+01    0.50534E+01    0.19922E+01
   0.18308E+02    0.23352E+01    0.51500E+01    0.20240E+01
   0.18308E+02    0.23352E+01    0.51500E+01    0.20240E+01
   0.19049E+02    0.23515E+01    0.52533E+01    0.20579E+01
   0.19049E+02    0.23515E+01    0.52533E+01    0.20579E+01
   0.19818E+02    0.23683E+01    0.53595E+01    0.20923E+01
   0.19818E+02    0.23683E+01    0.53595E+01    0.20923E+01
   0.20594E+02    0.23850E+01    0.54645E+01    0.21254E+01
   0.20594E+02    0.23850E+01    0.54645E+01    0.21254E+01
   0.21356E+02    0.24010E+01    0.55648E+01    0.21559E+01
   0.21356E+02    0.24010E+01    0.55648E+01    0.21559E+01
   0.22082E+02    0.24161E+01    0.56578E+01    0.21830E+01
   0.22082E+02    0.24161E+01    0.56578E+01    0.21830E+01
   0.22751E+02    0.24298E+01    0.57396E+01    0.22052E+01
   0.22751E+02    0.24298E+01    0.57396E+01    0.22052E+01
   0.23349E+02    0.24423E+01    0.58104E+01    0.22231E+01
   0.23349E+02    0.24423E+01    0.58104E+01    0.22231E+01
   0.23858E+02    0.24535E+01    0.58675E+01    0.22361E+01
   0.23858E+02    0.24535E+01    0.58675E+01    0.22361E+01
   0.24270E+02    0.24634E+01    0.59110E+01    0.22446E+01
   0.24270E+02    0.24634E+01    0.59110E+01    0.22446E+01
   0.24576E+02    0.24722E+01    0.59427E+01    0.22497E+01
   0.24576E+02    0.24722E+01    0.59427E+01    0.22497E+01
   0.24773E+02    0.24800E+01    0.59607E+01    0.22511E+01
   0.24773E+02    0.24800E+01    0.59607E+01    0.22511E+01
   0.24862E+02    0.24871E+01    0.59690E+01    0.22505E+01
   0.24862E+02    0.24871E+01    0.59690E+01    0.22505E+01
   0.24846E+02    0.24934E+01    0.59671E+01    0.22480E+01
   0.24846E+02    0.24934E+01    0.59671E+01    0.22480E+01
   0.24729E+02    0.24990E+01    0.59562E+01    0.22440E+01
   0.24729E+02    0.24990E+01    0.59562E+01    0.22440E+01
   0.24521E+02    0.25038E+01    0.59394E+01    0.22397E+01
   0.24521E+02    0.25038E+01    0.59394E+01    0.22397E+01
   0.24229E+02    0.25079E+01    0.59156E+01    0.22343E+01
   0.24229E+02    0.25079E+01    0.59156E+01    0.22343E+01
   0.23866E+02    0.25112E+01    0.58877E+01    0.22289E+01
   0.23866E+02    0.25112E+01    0.58877E+01    0.22289E+01
   0.23441E+02    0.25135E+01    0.58559E+01    0.22232E+01
   0.23441E+02    0.25135E+01    0.58559E+01    0.22232E+01
   0.22968E+02    0.25147E+01    0.58205E+01    0.22169E+01
   0.22968E+02    0.25147E+01    0.58205E+01    0.22169E+01
   0.22458E+02    0.25147E+01    0.57832E+01    0.22105E+01
   0.22458E+02    0.25147E+01    0.57832E+01    0.22105E+01
   0.21924E+02    0.25135E+01    0.57438E+01    0.22033E+01
   0.21924E+02    0.25135E+01    0.57438E+01    0.22033E+01
   0.21377E+02    0.25109E+01    0.57026E+01    0.21954E+01
   0.21377E+02    0.25109E+01    0.57026E+01    0.21954E+01
   0.20830E+02    0.25070E+01    0.56608E+01    0.21867E+01
   0.20830E+02    0.25070E+01    0.56608E+01    0.21867E+01
   0.20293E+02    0.25017E+01    0.56182E+01    0.21771E+01
   0.20293E+02    0.25017E+01    0.56182E+01    0.21771E+01
   0.19775E+02    0.24951E+01    0.55749E+01    0.21663E+01
   0.19775E+02    0.24951E+01    0.55749E+01    0.21663E+01
   0.19286E+02    0.24874E+01    0.55327E+01    0.21549E+01
   0.19286E+02    0.24874E+01    0.55327E+01    0.21549E+01
   0.18832E+02    0.24787E+01    0.54902E+01    0.21423E+01
   0.18832E+02    0.24787E+01    0.54902E+01    0.21423E+01
   0.18422E+02    0.24693E+01    0.54495E+01    0.21292E+01
   0.18422E+02    0.24693E+01    0.54495E+01    0.21292E+01
   0.18059E+02    0.24595E+01    0.54111E+01    0.21160E+01
   0.18059E+02    0.24595E+01    0.54111E+01    0.21160E+01
   0.17748E+02    0.24494E+01    0.53742E+01    0.21022E+01
   0.17748E+02    0.24494E+01    0.53742E+01    0.21022E+01
   0.17493E+02    0.24394E+01    0.53420E+01    0.20894E+01
   0.17493E+02    0.24394E+01    0.53420E+01    0.20894E+01
   0.17294E+02    0.24298E+01    0.53128E+01    0.20768E+01
   0.17294E+02    0.24298E+01    0.53128E+01    0.20768E+01
   0.17153E+02    0.24209E+01    0.52886E+01    0.20654E+01
   0.17153E+02    0.24209E+01    0.52886E+01    0.20654E+01
   0.17071E+02    0.24130E+01    0.52702E+01    0.20558E+01
   0.17071E+02    0.24130E+01    0.52702E+01    0.20558E+01
   0.17045E+02    0.24061E+01    0.52565E+01    0.20474E+01
   0.17045E+02    0.24061E+01    0.52565E+01    0.20474E+01
   0.17077E+02    0.24005E+01    0.52500E+01    0.20415E+01
   0.17077E+02    0.24005E+01    0.52500E+01    0.20415E+01
   0.17161E+02    0.23963E+01    0.52490E+01    0.20375E+01
   0.17161E+02    0.23963E+01    0.52490E+01    0.20375E+01
   0.17296E+02    0.23935E+01    0.52543E+01    0.20357E+01
   0.17296E+02    0.23935E+01    0.52543E+01    0.20357E+01
   0.17479E+02    0.23922E+01    0.52661E+01    0.20363E+01
   0.17479E+02    0.23922E+01    0.52661E+01    0.20363E+01
   0.17704E+02    0.23922E+01    0.52830E+01    0.20388E+01
   0.17704E+02    0.23922E+01    0.52830E+01    0.20388E+01
   0.17967E+02    0.23935E+01    0.53055E+01    0.20435E+01
   0.17967E+02    0.23935E+01    0.53055E+01    0.20435E+01
   0.18260E+02    0.23961E+01    0.53323E+01    0.20498E+01
   0.18260E+02    0.23961E+01    0.53323E+01    0.20498E+01
   0.18579E+02    0.23996E+01    0.53626E+01    0.20574E+01
   0.18579E+02    0.23996E+01    0.53626E+01    0.20574E+01
   0.18916E+02    0.24040E+01    0.53958E+01    0.20663E+01
   0.18916E+02    0.24040E+01    0.53958E+01    0.20663E+01
   0.19263E+02    0.24091E+01    0.54306E+01    0.20758E+01
   0.19263E+02    0.24091E+01    0.54306E+01    0.20758E+01
   0.19613E+02    0.24147E+01    0.54659E+01    0.20857E+01
   0.19613E+02    0.24147E+01    0.54659E+01    0.20857E+01
   0.19958E+02    0.24207E+01    0.55014E+01    0.20959E+01
   0.19958E+02    0.24207E+01    0.55014E+01    0.20959E+01
   0.20290E+02    0.24269E+01    0.55356E+01    0.21058E+01
   0.20290E+02    0.24269E+01    0.55356E+01    0.21058E+01
   0.20602E+02    0.24332E+01    0.55677E+01    0.21153E+01
   0.20602E+02    0.24332E+01    0.55677E+01    0.21153E+01
   0.20888E+02    0.24395E+01    0.55977E+01    0.21244E+01
   0.20888E+02    0.24395E+01    0.55977E+01    0.21244E+01
   0.21142E+02    0.24456E+01    0.56238E+01    0.21324E+01
   0.21142E+02    0.24456E+01    0.56238E+01    0.21324E+01
   0.21359E+02    0.24516E+01    0.56471E+01    0.21399E+01
   0.21359E+02    0.24516E+01    0.56471E+01    0.21399E+01
   0.21536E+02    0.24574E+01    0.56662E+01    0.21465E+01
   0.21536E+02    0.24574E+01    0.56662E+01    0.21465E+01
   0.21669E+02    0.24628E+01    0.56809E+01    0.21520E+01
   0.21669E+02    0.24628E+01    0.56809E+01    0.21520E+01
   0.21758E+02    0.24679E+01    0.56925E+01    0.21570E+01
   0.21758E+02    0.24679E+01    0.56925E+01    0.21570E+01
   0.21802E+02    0.24726E+01    0.56990E+01    0.21607E+01
   0.21802E+02    0.24726E+01    0.56990E+01    0.21607E+01
   0.21802E+02    0.24769E+01    0.57024E+01    0.21639E+01
   0.21802E+02    0.24769E+01    0.57024E+01    0.21639E+01
   0.21760E+02    0.24807E+01    0.57018E+01    0.21663E+01
   0.21760E+02    0.24807E+01    0.57018E+01    0.21663E+01
   0.21678E+02    0.24839E+01    0.56972E+01    0.21675E+01
   0.21678E+02    0.24839E+01    0.56972E+01    0.21675E+01
   0.21560E+02    0.24866E+01    0.56903E+01    0.21684E+01
   0.21560E+02    0.24866E+01    0.56903E+01    0.21684E+01
   0.21409E+02    0.24887E+01    0.56796E+01    0.21681E+01
   0.21409E+02    0.24887E+01    0.56796E+01    0.21681E+01
   0.21232E+02    0.24903E+01    0.56668E+01    0.21673E+01
   0.21232E+02    0.24903E+01    0.56668E+01    0.21673E+01
   0.21032E+02    0.24911E+01    0.56518E+01    0.21657E+01
   0.21032E+02    0.24911E+01    0.56518E+01    0.21657E+01
   0.20814E+02    0.24914E+01    0.56346E+01    0.21633E+01
   0.20814E+02    0.24914E+01    0.56346E+01    0.21633E+01
   0.20585E+02    0.24910E+01    0.56162E+01    0.21603E+01
   0.20585E+02    0.24910E+01    0.56162E+01    0.21603E+01
   0.20349E+02    0.24901E+01    0.55966E+01    0.21567E+01
   0.20349E+02    0.24901E+01    0.55966E+01    0.21567E+01
   0.20111E+02    0.24885E+01    0.55762E+01    0.21525E+01
   0.20111E+02    0.24885E+01    0.55762E+01    0.21525E+01
   0.19877E+02    0.24865E+01    0.55557E+01    0.21479E+01
   0.19877E+02    0.24865E+01    0.55557E+01    0.21479E+01
   0.19651E+02    0.24840E+01    0.55352E+01    0.21429E+01
   0.19651E+02    0.24840E+01    0.55352E+01    0.21429E+01
   0.19436E+02    0.24811E+01    0.55149E+01    0.21375E+01
   0.19436E+02    0.24811E+01    0.55149E+01    0.21375E+01
   0.19238E+02    0.24780E+01    0.54959E+01    0.21322E+01
   0.19238E+02    0.24780E+01    0.54959E+01    0.21322E+01
   0.19058E+02    0.24746E+01    0.54776E+01    0.21266E+01
   0.19058E+02    0.24746E+01    0.54776E+01    0.21266E+01
   0.18900E+02    0.24711E+01    0.54609E+01    0.21213E+01
   0.18900E+02    0.24711E+01    0.54609E+01    0.21213E+01
   0.18765E+02    0.24676E+01    0.54463E+01    0.21163E+01
   0.18765E+02    0.24676E+01    0.54463E+01    0.21163E+01
   0.18656E+02    0.24642E+01    0.54331E+01    0.21114E+01
   0.18656E+02    0.24642E+01    0.54331E+01    0.21114E+01
   0.18573E+02    0.24610E+01    0.54229E+01    0.21074E+01
   0.18573E+02    0.24610E+01    0.54229E+01    0.21074E+01
   0.18516E+02    0.24581E+01    0.54145E+01    0.21036E+01
   0.18516E+02    0.24581E+01    0.54145E+01    0.21036E+01
   0.18487E+02    0.24554E+01    0.54089E+01    0.21006E+01
   0.18487E+02    0.24554E+01    0.54089E+01    0.21006E+01
   0.18483E+02    0.24532E+01    0.54061E+01    0.20985E+01
   0.18483E+02    0.24532E+01    0.54061E+01    0.20985E+01
   0.18505E+02    0.24514E+01    0.54054E+01    0.20970E+01
   0.18505E+02    0.24514E+01    0.54054E+01    0.20970E+01
   0.18551E+02    0.24500E+01    0.54077E+01    0.20964E+01
   0.18551E+02    0.24500E+01    0.54077E+01    0.20964E+01
   0.18619E+02    0.24491E+01    0.54121E+01    0.20965E+01
   0.18619E+02    0.24491E+01    0.54121E+01    0.20965E+01
   0.18707E+02    0.24486E+01    0.54188E+01    0.20973E+01
   0.18707E+02    0.24486E+01    0.54188E+01    0.20973E+01
   0.18813E+02    0.24485E+01    0.54276E+01    0.20989E+01
   0.18813E+02    0.24485E+01    0.54276E+01    0.20989E+01
   0.18933E+02    0.24488E+01    0.54379E+01    0.21010E+01
   0.18933E+02    0.24488E+01    0.54379E+01    0.21010E+01
   0.19065E+02    0.24495E+01    0.54498E+01    0.21037E+01
   0.19065E+02    0.24495E+01    0.54498E+01    0.21037E+01
   0.19206E+02    0.24505E+01    0.54627E+01    0.21068E+01
   0.19206E+02    0.24505E+01    0.54627E+01    0.21068E+01
   0.19352E+02    0.24518E+01    0.54761E+01    0.21102E+01
   0.19352E+02    0.24518E+01    0.54761E+01    0.21102E+01
   0.19500E+02    0.24533E+01    0.54900E+01    0.21139E+01
   0.19500E+02    0.24533E+01    0.54900E+01    0.21139E+01
   0.19647E+02    0.24549E+01    0.55040E+01    0.21176E+01
   0.19647E+02    0.24549E+01    0.55040E+01    0.21176E+01
   0.19790E+02    0.24566E+01    0.55174E+01    0.21213E+01
   0.19790E+02    0.24566E+01    0.55174E+01    0.21213E+01
   0.19927E+02    0.24584E+01    0.55305E+01    0.21250E+01
   0.19927E+02    0.24584E+01    0.55305E+01    0.21250E+01
   0.20054E+02    0.24602E+01    0.55425E+01    0.21285E+01
   0.20054E+02    0.24602E+01    0.55425E+01    0.21285E+01
   0.20169E+02    0.24620E+01    0.55533E+01    0.21318E+01
   0.20169E+02    0.24620E+01    0.55533E+01    0.21318E+01
   0.20271E+02    0.24637E+01    0.55632E+01    0.21349E+01
   0.20271E+02    0.24637E+01    0.55632E+01    0.21349E+01
   0.20358E+02    0.24653E+01    0.55712E+01    0.21375E+01
   0.20358E+02    0.24653E+01    0.55712E+01    0.21375E+01
   0.20428E+02    0.24668E+01    0.55781E+01    0.21400E+01
   0.20428E+02    0.24668E+01    0.55781E+01    0.21400E+01
   0.20482E+02    0.24682E+01    0.55833E+01    0.21421E+01
   0.20482E+02    0.24682E+01    0.55833E+01    0.21421E+01
   0.20519E+02    0.24693E+01    0.55867E+01    0.21437E+01
   0.20519E+02    0.24693E+01    0.55867E+01    0.21437E+01
   0.20539E+02    0.24704E+01    0.55891E+01    0.21452E+01
   0.20539E+02    0.24704E+01    0.55891E+01    0.21452E+01
   0.20542E+02    0.24712E+01    0.55895E+01    0.21460E+01
   0.20542E+02    0.24712E+01    0.55895E+01    0.21460E+01
   0.20530E+02    0.24719E+01    0.55889E+01    0.21468E+01
   0.20530E+02    0.24719E+01    0.55889E+01    0.21468E+01
   0.20504E+02    0.24723E+01    0.55870E+01    0.21471E+01
   0.20504E+02    0.24723E+01    0.55870E+01    0.21471E+01
   0.20465E+02    0.24726E+01    0.55837E+01    0.21470E+01
   0.20465E+02    0.24726E+01    0.55837E+01    0.21470E+01
   0.20416E+02    0.24727E+01    0.55798E+01    0.21469E+01
   0.20416E+02    0.24727E+01    0.55798E+01    0.21469E+01
   0.20356E+02    0.24725E+01    0.55748E+01    0.21463E+01
   0.20356E+02    0.24725E+01    0.55748E+01    0.21463E+01
   0.20290E+02    0.24723E+01    0.55693E+01    0.21455E+01
   0.20290E+02    0.24723E+01    0.55693E+01    0.21455E+01
   0.20218E+02    0.24718E+01    0.55633E+01    0.21446E+01
   0.20218E+02    0.24718E+01    0.55633E+01    0.21446E+01
   0.20142E+02    0.24712E+01    0.55569E+01    0.21434E+01
   0.20142E+02    0.24712E+01    0.55569E+01    0.21434E+01
   0.20065E+02    0.24704E+01    0.55504E+01    0.21421E+01
   0.20065E+02    0.24704E+01    0.55504E+01    0.21421E+01
   0.19988E+02    0.24695E+01    0.55440E+01    0.21408E+01
   0.19988E+02    0.24695E+01    0.55440E+01    0.21408E+01
   0.19914E+02    0.24686E+01    0.55377E+01    0.21393E+01
   0.19914E+02    0.24686E+01    0.55377E+01    0.21393E+01
   0.19842E+02    0.24675E+01    0.55317E+01    0.21379E+01
   0.19842E+02    0.24675E+01    0.55317E+01    0.21379E+01
   0.19776E+02    0.24665E+01    0.55262E+01    0.21365E+01
   0.19776E+02    0.24665E+01    0.55262E+01    0.21365E+01
   0.19716E+02    0.24653E+01    0.55211E+01    0.21350E+01
   0.19716E+02    0.24653E+01    0.55211E+01    0.21350E+01
   0.19663E+02    0.24643E+01    0.55170E+01    0.21338E+01
   0.19663E+02    0.24643E+01    0.55170E+01    0.21338E+01
   0.19617E+02    0.24632E+01    0.55133E+01    0.21326E+01
   0.19617E+02    0.24632E+01    0.55133E+01    0.21326E+01
   0.19581E+02    0.24622E+01    0.55105E+01    0.21316E+01
   0.19581E+02    0.24622E+01    0.55105E+01    0.21316E+01
   0.19553E+02    0.24612E+01    0.55088E+01    0.21309E+01
   0.19553E+02    0.24612E+01    0.55088E+01    0.21309E+01
   0.19534E+02    0.24603E+01    0.55075E+01    0.21302E+01
   0.19534E+02    0.24603E+01    0.55075E+01    0.21302E+01
   0.19524E+02    0.24596E+01    0.55075E+01    0.21298E+01
   0.19524E+02    0.24596E+01    0.55075E+01    0.21298E+01
   0.19523E+02    0.24589E+01    0.55081E+01    0.21296E+01
   0.19523E+02    0.24589E+01    0.55081E+01    0.21296E+01
   0.19530E+02    0.24584E+01    0.55096E+01    0.21296E+01
   0.19530E+02    0.24584E+01    0.55096E+01    0.21296E+01
   0.19545E+02    0.24579E+01    0.55119E+01    0.21299E+01
   0.19545E+02    0.24579E+01    0.55119E+01    0.21299E+01
   0.19567E+02    0.24576E+01    0.55147E+01    0.21302E+01
   0.19567E+02    0.24576E+01    0.55147E+01    0.21302E+01
   0.19595E+02    0.24575E+01    0.55184E+01    0.21309E+01
   0.19595E+02    0.24575E+01    0.55184E+01    0.21309E+01
   0.19628E+02    0.24574E+01    0.55224E+01    0.21316E+01
   0.19628E+02    0.24574E+01    0.55224E+01    0.21316E+01
   0.19666E+02    0.24574E+01    0.55268E+01    0.21325E+01
   0.19666E+02    0.24574E+01    0.55268E+01    0.21325E+01
   0.19707E+02    0.24575E+01    0.55316E+01    0.21335E+01
   0.19707E+02    0.24575E+01    0.55316E+01    0.21335E+01
   0.19750E+02    0.24577E+01    0.55365E+01    0.21346E+01
   0.19750E+02    0.24577E+01    0.55365E+01    0.21346E+01
   0.19794E+02    0.24579E+01    0.55415E+01    0.21358E+01
   0.19794E+02    0.24579E+01    0.55415E+01    0.21358E+01
   0.19838E+02    0.24582E+01    0.55465E+01    0.21369E+01
   0.19838E+02    0.24582E+01    0.55465E+01    0.21369E+01
   0.19881E+02    0.24585E+01    0.55513E+01    0.21381E+01
   0.19881E+02    0.24585E+01    0.55513E+01    0.21381E+01
   0.19923E+02    0.24589E+01    0.55559E+01    0.21392E+01
   0.19923E+02    0.24589E+01    0.55559E+01    0.21392E+01
   0.19961E+02    0.24592E+01    0.55602E+01    0.21403E+01
   0.19961E+02    0.24592E+01    0.55602E+01    0.21403E+01
   0.19996E+02    0.24596E+01    0.55641E+01    0.21413E+01
   0.19996E+02    0.24596E+01    0.55641E+01    0.21413E+01
   0.20027E+02    0.24599E+01    0.55676E+01    0.21422E+01
   0.20027E+02    0.24599E+01    0.55676E+01    0.21422E+01
   0.20054E+02    0.24602E+01    0.55705E+01    0.21431E+01
   0.20054E+02    0.24602E+01    0.55705E+01    0.21431E+01
   0.20075E+02    0.24604E+01    0.55729E+01    0.21437E+01
   0.20075E+02    0.24604E+01    0.55729E+01    0.21437E+01
   0.20091E+02    0.24606E+01    0.55748E+01    0.21444E+01
   0.20091E+02    0.24606E+01    0.55748E+01    0.21444E+01
   0.20103E+02    0.24608E+01    0.55780E+01    0.21457E+01
   0.20103E+02    0.24608E+01    0.55780E+01    0.21457E+01
   0.20114E+02    0.24609E+01    0.55968E+01    0.21546E+01
   0.20114E+02    0.24609E+01    0.55968E+01    0.21546E+01
   0.20123E+02    0.24593E+01    0.56247E+01    0.21683E+01
   0.20123E+02    0.24593E+01    0.56247E+01    0.21683E+01
   0.20125E+02    0.24544E+01    0.56296E+01    0.21711E+01
   0.20125E+02    0.24544E+01    0.56296E+01    0.21711E+01
   0.20122E+02    0.24469E+01    0.56122E+01    0.21621E+01
   0.20122E+02    0.24469E+01    0.56122E+01    0.21621E+01
   0.20107E+02    0.24379E+01    0.55913E+01    0.21505E+01
   0.20107E+02    0.24379E+01    0.55913E+01    0.21505E+01
   0.20065E+02    0.24275E+01    0.55626E+01    0.21354E+01
   0.20065E+02    0.24275E+01    0.55626E+01    0.21354E+01
   0.19999E+02    0.24160E+01    0.55203E+01    0.21143E+01
   0.19999E+02    0.24160E+01    0.55203E+01    0.21143E+01
   0.19915E+02    0.24042E+01    0.54702E+01    0.20901E+01
   0.19915E+02    0.24042E+01    0.54702E+01    0.20901E+01
   0.19822E+02    0.23928E+01    0.54181E+01    0.20656E+01
   0.19822E+02    0.23928E+01    0.54181E+01    0.20656E+01
   0.19725E+02    0.23824E+01    0.53660E+01    0.20419E+01
   0.19725E+02    0.23824E+01    0.53660E+01    0.20419E+01
   0.19635E+02    0.23731E+01    0.53154E+01    0.20194E+01
   0.19635E+02    0.23731E+01    0.53154E+01    0.20194E+01
   0.19556E+02    0.23655E+01    0.52688E+01    0.19991E+01
   0.19556E+02    0.23655E+01    0.52688E+01    0.19991E+01
   0.19496E+02    0.23596E+01    0.52277E+01    0.19817E+01
   0.19496E+02    0.23596E+01    0.52277E+01    0.19817E+01
   0.19457E+02    0.23557E+01    0.51931E+01    0.19674E+01
   0.19457E+02    0.23557E+01    0.51931E+01    0.19674E+01
   0.19444E+02    0.23539E+01    0.51653E+01    0.19563E+01
   0.19444E+02    0.23539E+01    0.51653E+01    0.19563E+01
   0.19460E+02    0.23544E+01    0.51456E+01    0.19488E+01
   0.19460E+02    0.23544E+01    0.51456E+01    0.19488E+01
   0.19505E+02    0.23572E+01    0.51337E+01    0.19449E+01
   0.19505E+02    0.23572E+01    0.51337E+01    0.19449E+01
   0.19580E+02    0.23623E+01    0.51300E+01    0.19444E+01
   0.19580E+02    0.23623E+01    0.51300E+01    0.19444E+01
   0.19685E+02    0.23697E+01    0.51348E+01    0.19476E+01
   0.19685E+02    0.23697E+01    0.51348E+01    0.19476E+01
   0.19819E+02    0.23793E+01    0.51471E+01    0.19538E+01
   0.19819E+02    0.23793E+01    0.51471E+01    0.19538E+01
   0.19979E+02    0.23912E+01    0.51674E+01    0.19634E+01
   0.19979E+02    0.23912E+01    0.51674E+01    0.19634E+01
   0.20162E+02    0.24051E+01    0.51945E+01    0.19758E+01
   0.20162E+02    0.24051E+01    0.51945E+01    0.19758E+01
   0.20366E+02    0.24209E+01    0.52278E+01    0.19906E+01
   0.20366E+02    0.24209E+01    0.52278E+01    0.19906E+01
   0.20589E+02    0.24386E+01    0.52678E+01    0.20082E+01
   0.20589E+02    0.24386E+01    0.52678E+01    0.20082E+01
   0.20829E+02    0.24580E+01    0.53129E+01    0.20276E+01
   0.20829E+02    0.24580E+01    0.53129E+01    0.20276E+01
   0.21084E+02    0.24790E+01    0.53635E+01    0.20491E+01
   0.21084E+02    0.24790E+01    0.53635E+01    0.20491E+01
   0.21346E+02    0.25010E+01    0.54175E+01    0.20718E+01
   0.21346E+02    0.25010E+01    0.54175E+01    0.20718E+01
   0.21607E+02    0.25239E+01    0.54728E+01    0.20946E+01
   0.21607E+02    0.25239E+01    0.54728E+01    0.20946E+01
   0.21860E+02    0.25472E+01    0.55283E+01    0.21172E+01
   0.21860E+02    0.25472E+01    0.55283E+01    0.21172E+01
   0.22095E+02    0.25705E+01    0.55811E+01    0.21383E+01
   0.22095E+02    0.25705E+01    0.55811E+01    0.21383E+01
   0.22305E+02    0.25937E+01    0.56306E+01    0.21577E+01
   0.22305E+02    0.25937E+01    0.56306E+01    0.21577E+01
   0.22481E+02    0.26164E+01    0.56749E+01    0.21748E+01
   0.22481E+02    0.26164E+01    0.56749E+01    0.21748E+01
   0.22617E+02    0.26385E+01    0.57128E+01    0.21892E+01
   0.22617E+02    0.26385E+01    0.57128E+01    0.21892E+01
   0.22707E+02    0.26597E+01    0.57440E+01    0.22008E+01
   0.22707E+02    0.26597E+01    0.57440E+01    0.22008E+01
   0.22746E+02    0.26800E+01    0.57673E+01    0.22094E+01
   0.22746E+02    0.26800E+01    0.57673E+01    0.22094E+01
   0.22733E+02    0.26991E+01    0.57828E+01    0.22151E+01
   0.22733E+02    0.26991E+01    0.57828E+01    0.22151E+01
   0.22667E+02    0.27172E+01    0.57907E+01    0.22180E+01
   0.22667E+02    0.27172E+01    0.57907E+01    0.22180E+01
   0.22550E+02    0.27342E+01    0.57914E+01    0.22185E+01
   0.22550E+02    0.27342E+01    0.57914E+01    0.22185E+01
   0.22387E+02    0.27502E+01    0.57858E+01    0.22170E+01
   0.22387E+02    0.27502E+01    0.57858E+01    0.22170E+01
   0.22183E+02    0.27652E+01    0.57753E+01    0.22139E+01
   0.22183E+02    0.27652E+01    0.57753E+01    0.22139E+01
   0.21945E+02    0.27792E+01    0.57602E+01    0.22094E+01
   0.21945E+02    0.27792E+01    0.57602E+01    0.22094E+01
   0.21678E+02    0.27923E+01    0.57416E+01    0.22039E+01
   0.21678E+02    0.27923E+01    0.57416E+01    0.22039E+01
   0.21390E+02    0.28044E+01    0.57201E+01    0.21975E+01
   0.21390E+02    0.28044E+01    0.57201E+01    0.21975E+01
   0.21087E+02    0.28154E+01    0.56944E+01    0.21894E+01
   0.21087E+02    0.28154E+01    0.56944E+01    0.21894E+01
   0.20777E+02    0.28256E+01    0.56676E+01    0.21809E+01
   0.20777E+02    0.28256E+01    0.56676E+01    0.21809E+01
   0.20465E+02    0.28349E+01    0.56416E+01    0.21729E+01
   0.20465E+02    0.28349E+01    0.56416E+01    0.21729E+01
   0.20155E+02    0.28435E+01    0.56146E+01    0.21645E+01
   0.20155E+02    0.28435E+01    0.56146E+01    0.21645E+01
   0.19853E+02    0.28512E+01    0.55862E+01    0.21552E+01
   0.19853E+02    0.28512E+01    0.55862E+01    0.21552E+01
   0.19566E+02    0.28582E+01    0.55579E+01    0.21458E+01
   0.19566E+02    0.28582E+01    0.55579E+01    0.21458E+01
   0.19296E+02    0.28646E+01    0.55298E+01    0.21360E+01
   0.19296E+02    0.28646E+01    0.55298E+01    0.21360E+01
   0.19049E+02    0.28705E+01    0.55016E+01    0.21258E+01
   0.19049E+02    0.28705E+01    0.55016E+01    0.21258E+01
   0.18829E+02    0.28761E+01    0.54753E+01    0.21159E+01
   0.18829E+02    0.28761E+01    0.54753E+01    0.21159E+01
   0.18637E+02    0.28815E+01    0.54502E+01    0.21060E+01
   0.18637E+02    0.28815E+01    0.54502E+01    0.21060E+01
   0.18478E+02    0.28868E+01    0.54262E+01    0.20960E+01
   0.18478E+02    0.28868E+01    0.54262E+01    0.20960E+01
   0.18353E+02    0.28924E+01    0.54053E+01    0.20869E+01
   0.18353E+02    0.28924E+01    0.54053E+01    0.20869E+01
   0.18264E+02    0.28982E+01    0.53868E+01    0.20782E+01
   0.18264E+02    0.28982E+01    0.53868E+01    0.20782E+01
   0.18210E+02    0.29046E+01    0.53715E+01    0.20704E+01
   0.18210E+02    0.29046E+01    0.53715E+01    0.20704E+01
   0.18192E+02    0.29116E+01    0.53596E+01    0.20637E+01
   0.18192E+02    0.29116E+01    0.53596E+01    0.20637E+01
   0.18210E+02    0.29193E+01    0.53509E+01    0.20579E+01
   0.18210E+02    0.29193E+01    0.53509E+01    0.20579E+01
   0.18262E+02    0.29279E+01    0.53462E+01    0.20535E+01
   0.18262E+02    0.29279E+01    0.53462E+01    0.20535E+01
   0.18346E+02    0.29373E+01    0.53448E+01    0.20502E+01
   0.18346E+02    0.29373E+01    0.53448E+01    0.20502E+01
   0.18460E+02    0.29476E+01    0.53470E+01    0.20482E+01
   0.18460E+02    0.29476E+01    0.53470E+01    0.20482E+01
   0.18602E+02    0.29589E+01    0.53527E+01    0.20474E+01
   0.18602E+02    0.29589E+01    0.53527E+01    0.20474E+01
   0.18767E+02    0.29710E+01    0.53612E+01    0.20477E+01
   0.18767E+02    0.29710E+01    0.53612E+01    0.20477E+01
   0.18953E+02    0.29840E+01    0.53725E+01    0.20492E+01
   0.18953E+02    0.29840E+01    0.53725E+01    0.20492E+01
   0.19154E+02    0.29977E+01    0.53861E+01    0.20515E+01
   0.19154E+02    0.29977E+01    0.53861E+01    0.20515E+01
   0.19368E+02    0.30121E+01    0.54014E+01    0.20545E+01
   0.19368E+02    0.30121E+01    0.54014E+01    0.20545E+01
   0.19588E+02    0.30270E+01    0.54180E+01    0.20582E+01
   0.19588E+02    0.30270E+01    0.54180E+01    0.20582E+01
   0.19810E+02    0.30424E+01    0.54354E+01    0.20623E+01
   0.19810E+02    0.30424E+01    0.54354E+01    0.20623E+01
   0.20030E+02    0.30581E+01    0.54527E+01    0.20666E+01
   0.20030E+02    0.30581E+01    0.54527E+01    0.20666E+01
   0.20242E+02    0.30740E+01    0.54700E+01    0.20710E+01
   0.20242E+02    0.30740E+01    0.54700E+01    0.20710E+01
   0.20442E+02    0.30899E+01    0.54862E+01    0.20753E+01
   0.20442E+02    0.30899E+01    0.54862E+01    0.20753E+01
   0.20627E+02    0.31059E+01    0.55010E+01    0.20793E+01
   0.20627E+02    0.31059E+01    0.55010E+01    0.20793E+01
   0.20792E+02    0.31217E+01    0.55144E+01    0.20832E+01
   0.20792E+02    0.31217E+01    0.55144E+01    0.20832E+01
   0.20933E+02    0.31373E+01    0.55253E+01    0.20864E+01
   0.20933E+02    0.31373E+01    0.55253E+01    0.20864E+01
   0.21050E+02    0.31526E+01    0.55344E+01    0.20892E+01
   0.21050E+02    0.31526E+01    0.55344E+01    0.20892E+01
   0.21139E+02    0.31675E+01    0.55408E+01    0.20915E+01
   0.21139E+02    0.31675E+01    0.55408E+01    0.20915E+01
   0.21198E+02    0.31819E+01    0.55443E+01    0.20930E+01
   0.21198E+02    0.31819E+01    0.55443E+01    0.20930E+01
   0.21229E+02    0.31958E+01    0.55458E+01    0.20941E+01
   0.21229E+02    0.31958E+01    0.55458E+01    0.20941E+01
   0.21230E+02    0.32091E+01    0.55440E+01    0.20943E+01
   0.21230E+02    0.32091E+01    0.55440E+01    0.20943E+01
   0.21202E+02    0.32219E+01    0.55401E+01    0.20941E+01
   0.21202E+02    0.32219E+01    0.55401E+01    0.20941E+01
   0.21146E+02    0.32339E+01    0.55336E+01    0.20933E+01
   0.21146E+02    0.32339E+01    0.55336E+01    0.20933E+01
   0.21066E+02    0.32452E+01    0.55246E+01    0.20916E+01
   0.21066E+02    0.32452E+01    0.55246E+01    0.20916E+01
   0.20962E+02    0.32558E+01    0.55139E+01    0.20896E+01
   0.20962E+02    0.32558E+01    0.55139E+01    0.20896E+01
   0.20837E+02    0.32656E+01    0.55009E+01    0.20869E+01
   0.20837E+02    0.32656E+01    0.55009E+01    0.20869E+01
   0.20695E+02    0.32747E+01    0.54865E+01    0.20837E+01
   0.20695E+02    0.32747E+01    0.54865E+01    0.20837E+01
   0.20539E+02    0.32831E+01    0.54708E+01    0.20801E+01
   0.20539E+02    0.32831E+01    0.54708E+01    0.20801E+01
   0.20373E+02    0.32906E+01    0.54538E+01    0.20760E+01
   0.20373E+02    0.32906E+01    0.54538E+01    0.20760E+01
   0.20200E+02    0.32975E+01    0.54361E+01    0.20715E+01
   0.20200E+02    0.32975E+01    0.54361E+01    0.20715E+01
   0.20023E+02    0.33037E+01    0.54179E+01    0.20667E+01
   0.20023E+02    0.33037E+01    0.54179E+01    0.20667E+01
   0.19847E+02    0.33092E+01    0.53992E+01    0.20615E+01
   0.19847E+02    0.33092E+01    0.53992E+01    0.20615E+01
   0.19674E+02    0.33142E+01    0.53807E+01    0.20562E+01
   0.19674E+02    0.33142E+01    0.53807E+01    0.20562E+01
   0.19508E+02    0.33186E+01    0.53624E+01    0.20507E+01
   0.19508E+02    0.33186E+01    0.53624E+01    0.20507E+01
   0.19351E+02    0.33226E+01    0.53446E+01    0.20451E+01
   0.19351E+02    0.33226E+01    0.53446E+01    0.20451E+01
   0.19206E+02    0.33263E+01    0.53278E+01    0.20397E+01
   0.19206E+02    0.33263E+01    0.53278E+01    0.20397E+01
   0.19076E+02    0.33298E+01    0.53118E+01    0.20343E+01
   0.19076E+02    0.33298E+01    0.53118E+01    0.20343E+01
   0.18962E+02    0.33330E+01    0.52972E+01    0.20291E+01
   0.18962E+02    0.33330E+01    0.52972E+01    0.20291E+01
   0.18866E+02    0.33363E+01    0.52842E+01    0.20243E+01
   0.18866E+02    0.33363E+01    0.52842E+01    0.20243E+01
   0.18789E+02    0.33395E+01    0.52726E+01    0.20197E+01
   0.18789E+02    0.33395E+01    0.52726E+01    0.20197E+01
   0.18732E+02    0.33429E+01    0.52632E+01    0.20157E+01
   0.18732E+02    0.33429E+01    0.52632E+01    0.20157E+01
   0.18695E+02    0.33465E+01    0.52554E+01    0.20122E+01
   0.18695E+02    0.33465E+01    0.52554E+01    0.20122E+01
   0.18679E+02    0.33503E+01    0.52498E+01    0.20092E+01
   0.18679E+02    0.33503E+01    0.52498E+01    0.20092E+01
   0.18682E+02    0.33545E+01    0.52464E+01    0.20070E+01
   0.18682E+02    0.33545E+01    0.52464E+01    0.20070E+01
   0.18705E+02    0.33591E+01    0.52448E+01    0.20053E+01
   0.18705E+02    0.33591E+01    0.52448E+01    0.20053E+01
   0.18746E+02    0.33640E+01    0.52455E+01    0.20044E+01
   0.18746E+02    0.33640E+01    0.52455E+01    0.20044E+01
   0.18804E+02    0.33694E+01    0.52480E+01    0.20040E+01
   0.18804E+02    0.33694E+01    0.52480E+01    0.20040E+01
   0.18878E+02    0.33752E+01    0.52524E+01    0.20043E+01
   0.18878E+02    0.33752E+01    0.52524E+01    0.20043E+01
   0.18965E+02    0.33814E+01    0.52585E+01    0.20053E+01
   0.18965E+02    0.33814E+01    0.52585E+01    0.20053E+01
   0.19063E+02    0.33879E+01    0.52660E+01    0.20067E+01
   0.19063E+02    0.33879E+01    0.52660E+01    0.20067E+01
   0.19170E+02    0.33948E+01    0.52747E+01    0.20087E+01
   0.19170E+02    0.33948E+01    0.52747E+01    0.20087E+01
   0.19284E+02    0.34020E+01    0.52845E+01    0.20110E+01
   0.19284E+02    0.34020E+01    0.52845E+01    0.20110E+01
   0.19403E+02    0.34094E+01    0.52950E+01    0.20137E+01
   0.19403E+02    0.34094E+01    0.52950E+01    0.20137E+01
   0.19523E+02    0.34169E+01    0.53059E+01    0.20166E+01
   0.19523E+02    0.34169E+01    0.53059E+01    0.20166E+01
   0.19643E+02    0.34246E+01    0.53171E+01    0.20198E+01
   0.19643E+02    0.34246E+01    0.53171E+01    0.20198E+01
   0.19759E+02    0.34323E+01    0.53280E+01    0.20229E+01
   0.19759E+02    0.34323E+01    0.53280E+01    0.20229E+01
   0.19870E+02    0.34400E+01    0.53388E+01    0.20261E+01
   0.19870E+02    0.34400E+01    0.53388E+01    0.20261E+01
   0.19974E+02    0.34476E+01    0.53490E+01    0.20292E+01
   0.19974E+02    0.34476E+01    0.53490E+01    0.20292E+01
   0.20069E+02    0.34551E+01    0.53583E+01    0.20321E+01
   0.20069E+02    0.34551E+01    0.53583E+01    0.20321E+01
   0.20152E+02    0.34624E+01    0.53669E+01    0.20349E+01
   0.20152E+02    0.34624E+01    0.53669E+01    0.20349E+01
   0.20224E+02    0.34695E+01    0.53741E+01    0.20374E+01
   0.20224E+02    0.34695E+01    0.53741E+01    0.20374E+01
   0.20282E+02    0.34763E+01    0.53803E+01    0.20396E+01
   0.20282E+02    0.34763E+01    0.53803E+01    0.20396E+01
   0.20326E+02    0.34828E+01    0.53853E+01    0.20416E+01
   0.20326E+02    0.34828E+01    0.53853E+01    0.20416E+01
   0.20356E+02    0.34890E+01    0.53888E+01    0.20432E+01
   0.20356E+02    0.34890E+01    0.53888E+01    0.20432E+01
   0.20372E+02    0.34948E+01    0.53912E+01    0.20445E+01
   0.20372E+02    0.34948E+01    0.53912E+01    0.20445E+01
   0.20374E+02    0.35002E+01    0.53921E+01    0.20454E+01
   0.20374E+02    0.35002E+01    0.53921E+01    0.20454E+01
   0.20362E+02    0.35052E+01    0.53919E+01    0.20460E+01
   0.20362E+02    0.35052E+01    0.53919E+01    0.20460E+01
   0.20338E+02    0.35099E+01    0.53905E+01    0.20463E+01
   0.20338E+02    0.35099E+01    0.53905E+01    0.20463E+01
   0.20302E+02    0.35141E+01    0.53880E+01    0.20463E+01
   0.20302E+02    0.35141E+01    0.53880E+01    0.20463E+01
   0.20256E+02    0.35180E+01    0.53846E+01    0.20460E+01
   0.20256E+02    0.35180E+01    0.53846E+01    0.20460E+01
   0.20202E+02    0.35214E+01    0.53802E+01    0.20454E+01
   0.20202E+02    0.35214E+01    0.53802E+01    0.20454E+01
   0.20140E+02    0.35245E+01    0.53752E+01    0.20445E+01
   0.20140E+02    0.35245E+01    0.53752E+01    0.20445E+01
   0.20073E+02    0.35273E+01    0.53697E+01    0.20435E+01
   0.20073E+02    0.35273E+01    0.53697E+01    0.20435E+01
   0.20001E+02    0.35298E+01    0.53636E+01    0.20422E+01
   0.20001E+02    0.35298E+01    0.53636E+01    0.20422E+01
   0.19928E+02    0.35319E+01    0.53573E+01    0.20408E+01
   0.19928E+02    0.35319E+01    0.53573E+01    0.20408E+01
   0.19855E+02    0.35338E+01    0.53510E+01    0.20393E+01
   0.19855E+02    0.35338E+01    0.53510E+01    0.20393E+01
   0.19782E+02    0.35355E+01    0.53445E+01    0.20377E+01
   0.19782E+02    0.35355E+01    0.53445E+01    0.20377E+01
   0.19712E+02    0.35371E+01    0.53383E+01    0.20361E+01
   0.19712E+02    0.35371E+01    0.53383E+01    0.20361E+01
   0.19647E+02    0.35385E+01    0.53324E+01    0.20344E+01
   0.19647E+02    0.35385E+01    0.53324E+01    0.20344E+01
   0.19587E+02    0.35398E+01    0.53268E+01    0.20328E+01
   0.19587E+02    0.35398E+01    0.53268E+01    0.20328E+01
   0.19533E+02    0.35411E+01    0.53219E+01    0.20313E+01
   0.19533E+02    0.35411E+01    0.53219E+01    0.20313E+01
   0.19487E+02    0.35424E+01    0.53174E+01    0.20299E+01
   0.19487E+02    0.35424E+01    0.53174E+01    0.20299E+01
   0.19449E+02    0.35437E+01    0.53137E+01    0.20286E+01
   0.19449E+02    0.35437E+01    0.53137E+01    0.20286E+01
   0.19420E+02    0.35451E+01    0.53110E+01    0.20276E+01
   0.19420E+02    0.35451E+01    0.53110E+01    0.20276E+01
   0.19400E+02    0.35467E+01    0.53088E+01    0.20266E+01
   0.19400E+02    0.35467E+01    0.53088E+01    0.20266E+01
   0.19390E+02    0.35484E+01    0.53078E+01    0.20260E+01
   0.19390E+02    0.35484E+01    0.53078E+01    0.20260E+01
   0.19388E+02    0.35503E+01    0.53075E+01    0.20255E+01
   0.19388E+02    0.35503E+01    0.53075E+01    0.20255E+01
   0.19396E+02    0.35524E+01    0.53081E+01    0.20254E+01
   0.19396E+02    0.35524E+01    0.53081E+01    0.20254E+01
   0.19413E+02    0.35547E+01    0.53097E+01    0.20255E+01
   0.19413E+02    0.35547E+01    0.53097E+01    0.20255E+01
   0.19438E+02    0.35572E+01    0.53119E+01    0.20257E+01
   0.19438E+02    0.35572E+01    0.53119E+01    0.20257E+01
   0.19470E+02    0.35600E+01    0.53151E+01    0.20263E+01
   0.19470E+02    0.35600E+01    0.53151E+01    0.20263E+01
   0.19510E+02    0.35630E+01    0.53189E+01    0.20271E+01
   0.19510E+02    0.35630E+01    0.53189E+01    0.20271E+01
   0.19555E+02    0.35663E+01    0.53233E+01    0.20281E+01
   0.19555E+02    0.35663E+01    0.53233E+01    0.20281E+01
   0.19605E+02    0.35697E+01    0.53283E+01    0.20292E+01
   0.19605E+02    0.35697E+01    0.53283E+01    0.20292E+01
   0.19658E+02    0.35733E+01    0.53337E+01    0.20306E+01
   0.19658E+02    0.35733E+01    0.53337E+01    0.20306E+01
   0.19714E+02    0.35771E+01    0.53393E+01    0.20320E+01
   0.19714E+02    0.35771E+01    0.53393E+01    0.20320E+01
   0.19772E+02    0.35811E+01    0.53452E+01    0.20335E+01
   0.19772E+02    0.35811E+01    0.53452E+01    0.20335E+01
   0.19829E+02    0.35852E+01    0.53511E+01    0.20351E+01
   0.19829E+02    0.35852E+01    0.53511E+01    0.20351E+01
   0.19886E+02    0.35894E+01    0.53569E+01    0.20367E+01
   0.19886E+02    0.35894E+01    0.53569E+01    0.20367E+01
   0.19941E+02    0.35936E+01    0.53627E+01    0.20383E+01
   0.19941E+02    0.35936E+01    0.53627E+01    0.20383E+01
   0.19993E+02    0.35979E+01    0.53680E+01    0.20399E+01
   0.19993E+02    0.35979E+01    0.53680E+01    0.20399E+01
   0.20041E+02    0.36022E+01    0.53731E+01    0.20414E+01
   0.20041E+02    0.36022E+01    0.53731E+01    0.20414E+01
   0.20085E+02    0.36065E+01    0.53777E+01    0.20428E+01
   0.20085E+02    0.36065E+01    0.53777E+01    0.20428E+01
   0.20123E+02    0.36107E+01    0.53818E+01    0.20440E+01
   0.20123E+02    0.36107E+01    0.53818E+01    0.20440E+01
   0.20155E+02    0.36149E+01    0.53853E+01    0.20452E+01
   0.20155E+02    0.36149E+01    0.53853E+01    0.20452E+01
   0.20181E+02    0.36190E+01    0.53882E+01    0.20462E+01
   0.20181E+02    0.36190E+01    0.53882E+01    0.20462E+01
   0.20200E+02    0.36230E+01    0.53904E+01    0.20470E+01
   0.20200E+02    0.36230E+01    0.53904E+01    0.20470E+01
   0.20213E+02    0.36269E+01    0.53920E+01    0.20477E+01
   0.20213E+02    0.36269E+01    0.53920E+01    0.20477E+01
   0.20219E+02    0.36307E+01    0.53929E+01    0.20481E+01
   0.20219E+02    0.36307E+01    0.53929E+01    0.20481E+01
   0.20218E+02    0.36344E+01    0.53932E+01    0.20484E+01
   0.20218E+02    0.36344E+01    0.53932E+01    0.20484E+01
   0.20211E+02    0.36379E+01    0.53927E+01    0.20485E+01
   0.20211E+02    0.36379E+01    0.53927E+01    0.20485E+01
   0.20199E+02    0.36412E+01    0.53918E+01    0.20485E+01
   0.20199E+02    0.36412E+01    0.53918E+01    0.20485E+01
   0.20180E+02    0.36445E+01    0.53903E+01    0.20483E+01
   0.20180E+02    0.36445E+01    0.53903E+01    0.20483E+01
   0.20158E+02    0.36475E+01    0.53882E+01    0.20479E+01
   0.20158E+02    0.36475E+01    0.53882E+01    0.20479E+01
   0.20131E+02    0.36505E+01    0.53857E+01    0.20474E+01
   0.20131E+02    0.36505E+01    0.53857E+01    0.20474E+01
   0.20101E+02    0.36533E+01    0.53829E+01    0.20467E+01
   0.20101E+02    0.36533E+01    0.53829E+01    0.20467E+01
   0.20068E+02    0.36560E+01    0.53797E+01    0.20460E+01
   0.20068E+02    0.36560E+01    0.53797E+01    0.20460E+01
   0.20033E+02    0.36586E+01    0.53763E+01    0.20451E+01
   0.20033E+02    0.36586E+01    0.53763E+01    0.20451E+01
   0.19998E+02    0.36611E+01    0.53728E+01    0.20442E+01
   0.19998E+02    0.36611E+01    0.53728E+01    0.20442E+01
   0.19962E+02    0.36635E+01    0.53691E+01    0.20431E+01
   0.19962E+02    0.36635E+01    0.53691E+01    0.20431E+01
   0.19926E+02    0.36659E+01    0.53655E+01    0.20421E+01
   0.19926E+02    0.36659E+01    0.53655E+01    0.20421E+01
   0.19892E+02    0.36682E+01    0.53619E+01    0.20410E+01
   0.19892E+02    0.36682E+01    0.53619E+01    0.20410E+01
   0.19860E+02    0.36705E+01    0.53584E+01    0.20399E+01
   0.19860E+02    0.36705E+01    0.53584E+01    0.20399E+01
   0.19830E+02    0.36728E+01    0.53551E+01    0.20389E+01
   0.19830E+02    0.36728E+01    0.53551E+01    0.20389E+01
   0.19804E+02    0.36751E+01    0.53519E+01    0.20378E+01
   0.19804E+02    0.36751E+01    0.53519E+01    0.20378E+01
   0.19780E+02    0.36775E+01    0.53492E+01    0.20369E+01
   0.19780E+02    0.36775E+01    0.53492E+01    0.20369E+01
   0.19761E+02    0.36799E+01    0.53466E+01    0.20359E+01
   0.19761E+02    0.36799E+01    0.53466E+01    0.20359E+01
   0.19745E+02    0.36823E+01    0.53445E+01    0.20350E+01
   0.19745E+02    0.36823E+01    0.53445E+01    0.20350E+01
   0.19734E+02    0.36849E+01    0.53427E+01    0.20343E+01
   0.19734E+02    0.36849E+01    0.53427E+01    0.20343E+01
   0.19727E+02    0.36875E+01    0.53413E+01    0.20336E+01
   0.19727E+02    0.36875E+01    0.53413E+01    0.20336E+01
   0.19725E+02    0.36903E+01    0.53403E+01    0.20330E+01
   0.19725E+02    0.36903E+01    0.53403E+01    0.20330E+01
   0.19726E+02    0.36932E+01    0.53397E+01    0.20325E+01
   0.19726E+02    0.36932E+01    0.53397E+01    0.20325E+01
   0.19732E+02    0.36962E+01    0.53394E+01    0.20322E+01
   0.19732E+02    0.36962E+01    0.53394E+01    0.20322E+01
   0.19741E+02    0.36993E+01    0.53396E+01    0.20319E+01
   0.19741E+02    0.36993E+01    0.53396E+01    0.20319E+01
   0.19754E+02    0.37025E+01    0.53400E+01    0.20317E+01
   0.19754E+02    0.37025E+01    0.53400E+01    0.20317E+01
   0.19770E+02    0.37059E+01    0.53408E+01    0.20316E+01
   0.19770E+02    0.37059E+01    0.53408E+01    0.20316E+01
   0.19789E+02    0.37093E+01    0.53418E+01    0.20317E+01
   0.19789E+02    0.37093E+01    0.53418E+01    0.20317E+01
   0.19809E+02    0.37129E+01    0.53431E+01    0.20317E+01
   0.19809E+02    0.37129E+01    0.53431E+01    0.20317E+01
   0.19831E+02    0.37164E+01    0.53427E+01    0.20311E+01
   0.19831E+02    0.37164E+01    0.53427E+01    0.20311E+01
   0.19848E+02    0.37196E+01    0.53279E+01    0.20236E+01
   0.19848E+02    0.37196E+01    0.53279E+01    0.20236E+01
   0.19865E+02    0.37237E+01    0.53028E+01    0.20110E+01
   0.19865E+02    0.37237E+01    0.53028E+01    0.20110E+01
   0.19885E+02    0.37303E+01    0.52923E+01    0.20053E+01
   0.19885E+02    0.37303E+01    0.52923E+01    0.20053E+01
   0.19907E+02    0.37388E+01    0.52954E+01    0.20068E+01
   0.19907E+02    0.37388E+01    0.52954E+01    0.20068E+01
   0.19937E+02    0.37478E+01    0.52968E+01    0.20079E+01
   0.19937E+02    0.37478E+01    0.52968E+01    0.20079E+01
   0.19985E+02    0.37575E+01    0.53002E+01    0.20097E+01
   0.19985E+02    0.37575E+01    0.53002E+01    0.20097E+01
   0.20050E+02    0.37678E+01    0.53104E+01    0.20142E+01
   0.20050E+02    0.37678E+01    0.53104E+01    0.20142E+01
   0.20125E+02    0.37780E+01    0.53241E+01    0.20197E+01
   0.20125E+02    0.37780E+01    0.53241E+01    0.20197E+01
   0.20203E+02    0.37874E+01    0.53376E+01    0.20246E+01
   0.20203E+02    0.37874E+01    0.53376E+01    0.20246E+01
   0.20277E+02    0.37959E+01    0.53501E+01    0.20287E+01
   0.20277E+02    0.37959E+01    0.53501E+01    0.20287E+01
   0.20340E+02    0.38032E+01    0.53614E+01    0.20319E+01
   0.20340E+02    0.38032E+01    0.53614E+01    0.20319E+01
   0.20385E+02    0.38093E+01    0.53703E+01    0.20341E+01
   0.20385E+02    0.38093E+01    0.53703E+01    0.20341E+01
   0.20410E+02    0.38140E+01    0.53769E+01    0.20354E+01
   0.20410E+02    0.38140E+01    0.53769E+01    0.20354E+01
   0.20410E+02    0.38174E+01    0.53812E+01    0.20360E+01
   0.20410E+02    0.38174E+01    0.53812E+01    0.20360E+01
   0.20383E+02    0.38194E+01    0.53833E+01    0.20360E+01
   0.20383E+02    0.38194E+01    0.53833E+01    0.20360E+01
   0.20329E+02    0.38199E+01    0.53834E+01    0.20356E+01
   0.20329E+02    0.38199E+01    0.53834E+01    0.20356E+01
   0.20248E+02    0.38191E+01    0.53816E+01    0.20350E+01
   0.20248E+02    0.38191E+01    0.53816E+01    0.20350E+01
   0.20141E+02    0.38166E+01    0.53780E+01    0.20342E+01
   0.20141E+02    0.38166E+01    0.53780E+01    0.20342E+01
   0.20012E+02    0.38126E+01    0.53728E+01    0.20333E+01
   0.20012E+02    0.38126E+01    0.53728E+01    0.20333E+01
   0.19862E+02    0.38070E+01    0.53661E+01    0.20322E+01
   0.19862E+02    0.38070E+01    0.53661E+01    0.20322E+01
   0.19697E+02    0.37997E+01    0.53578E+01    0.20308E+01
   0.19697E+02    0.37997E+01    0.53578E+01    0.20308E+01
   0.19518E+02    0.37906E+01    0.53483E+01    0.20291E+01
   0.19518E+02    0.37906E+01    0.53483E+01    0.20291E+01
   0.19332E+02    0.37798E+01    0.53370E+01    0.20269E+01
   0.19332E+02    0.37798E+01    0.53370E+01    0.20269E+01
   0.19142E+02    0.37672E+01    0.53245E+01    0.20241E+01
   0.19142E+02    0.37672E+01    0.53245E+01    0.20241E+01
   0.18953E+02    0.37529E+01    0.53106E+01    0.20208E+01
   0.18953E+02    0.37529E+01    0.53106E+01    0.20208E+01
   0.18768E+02    0.37371E+01    0.52952E+01    0.20166E+01
   0.18768E+02    0.37371E+01    0.52952E+01    0.20166E+01
   0.18592E+02    0.37197E+01    0.52790E+01    0.20118E+01
   0.18592E+02    0.37197E+01    0.52790E+01    0.20118E+01
   0.18428E+02    0.37011E+01    0.52616E+01    0.20061E+01
   0.18428E+02    0.37011E+01    0.52616E+01    0.20061E+01
   0.18279E+02    0.36814E+01    0.52437E+01    0.19999E+01
   0.18279E+02    0.36814E+01    0.52437E+01    0.19999E+01
   0.18149E+02    0.36608E+01    0.52256E+01    0.19931E+01
   0.18149E+02    0.36608E+01    0.52256E+01    0.19931E+01
   0.18038E+02    0.36395E+01    0.52070E+01    0.19858E+01
   0.18038E+02    0.36395E+01    0.52070E+01    0.19858E+01
   0.17950E+02    0.36179E+01    0.51894E+01    0.19785E+01
   0.17950E+02    0.36179E+01    0.51894E+01    0.19785E+01
   0.17885E+02    0.35960E+01    0.51722E+01    0.19710E+01
   0.17885E+02    0.35960E+01    0.51722E+01    0.19710E+01
   0.17845E+02    0.35743E+01    0.51565E+01    0.19637E+01
   0.17845E+02    0.35743E+01    0.51565E+01    0.19637E+01
   0.17830E+02    0.35530E+01    0.51426E+01    0.19569E+01
   0.17830E+02    0.35530E+01    0.51426E+01    0.19569E+01
   0.17840E+02    0.35321E+01    0.51303E+01    0.19505E+01
   0.17840E+02    0.35321E+01    0.51303E+01    0.19505E+01
   0.17876E+02    0.35119E+01    0.51206E+01    0.19450E+01
   0.17876E+02    0.35119E+01    0.51206E+01    0.19450E+01
   0.17935E+02    0.34925E+01    0.51132E+01    0.19402E+01
   0.17935E+02    0.34925E+01    0.51132E+01    0.19402E+01
   0.18017E+02    0.34739E+01    0.51085E+01    0.19365E+01
   0.18017E+02    0.34739E+01    0.51085E+01    0.19365E+01
   0.18121E+02    0.34564E+01    0.51065E+01    0.19338E+01
   0.18121E+02    0.34564E+01    0.51065E+01    0.19338E+01
   0.18243E+02    0.34398E+01    0.51072E+01    0.19322E+01
   0.18243E+02    0.34398E+01    0.51072E+01    0.19322E+01
   0.18382E+02    0.34243E+01    0.51106E+01    0.19317E+01
   0.18382E+02    0.34243E+01    0.51106E+01    0.19317E+01
   0.18535E+02    0.34098E+01    0.51166E+01    0.19324E+01
   0.18535E+02    0.34098E+01    0.51166E+01    0.19324E+01
   0.18700E+02    0.33962E+01    0.51249E+01    0.19341E+01
   0.18700E+02    0.33962E+01    0.51249E+01    0.19341E+01
   0.18872E+02    0.33835E+01    0.51353E+01    0.19368E+01
   0.18872E+02    0.33835E+01    0.51353E+01    0.19368E+01
   0.19050E+02    0.33717E+01    0.51478E+01    0.19406E+01
   0.19050E+02    0.33717E+01    0.51478E+01    0.19406E+01
   0.19229E+02    0.33606E+01    0.51615E+01    0.19449E+01
   0.19229E+02    0.33606E+01    0.51615E+01    0.19449E+01
   0.19407E+02    0.33502E+01    0.51769E+01    0.19503E+01
   0.19407E+02    0.33502E+01    0.51769E+01    0.19503E+01
   0.19580E+02    0.33403E+01    0.51931E+01    0.19562E+01
   0.19580E+02    0.33403E+01    0.51931E+01    0.19562E+01
   0.19745E+02    0.33309E+01    0.52096E+01    0.19625E+01
   0.19745E+02    0.33309E+01    0.52096E+01    0.19625E+01
   0.19900E+02    0.33220E+01    0.52270E+01    0.19695E+01
   0.19900E+02    0.33220E+01    0.52270E+01    0.19695E+01
   0.20042E+02    0.33133E+01    0.52437E+01    0.19764E+01
   0.20042E+02    0.33133E+01    0.52437E+01    0.19764E+01
   0.20170E+02    0.33049E+01    0.52607E+01    0.19838E+01
   0.20170E+02    0.33049E+01    0.52607E+01    0.19838E+01
   0.20281E+02    0.32966E+01    0.52770E+01    0.19912E+01
   0.20281E+02    0.32966E+01    0.52770E+01    0.19912E+01
   0.20373E+02    0.32884E+01    0.52922E+01    0.19984E+01
   0.20373E+02    0.32884E+01    0.52922E+01    0.19984E+01
   0.20448E+02    0.32802E+01    0.53073E+01    0.20058E+01
   0.20448E+02    0.32802E+01    0.53073E+01    0.20058E+01
   0.20502E+02    0.32720E+01    0.53204E+01    0.20127E+01
   0.20502E+02    0.32720E+01    0.53204E+01    0.20127E+01
   0.20538E+02    0.32637E+01    0.53330E+01    0.20196E+01
   0.20538E+02    0.32637E+01    0.53330E+01    0.20196E+01
   0.20555E+02    0.32552E+01    0.53442E+01    0.20261E+01
   0.20555E+02    0.32552E+01    0.53442E+01    0.20261E+01
   0.20554E+02    0.32466E+01    0.53539E+01    0.20321E+01
   0.20554E+02    0.32466E+01    0.53539E+01    0.20321E+01
   0.20536E+02    0.32378E+01    0.53628E+01    0.20380E+01
   0.20536E+02    0.32378E+01    0.53628E+01    0.20380E+01
   0.20502E+02    0.32287E+01    0.53701E+01    0.20432E+01
   0.20502E+02    0.32287E+01    0.53701E+01    0.20432E+01
   0.20455E+02    0.32194E+01    0.53764E+01    0.20481E+01
   0.20455E+02    0.32194E+01    0.53764E+01    0.20481E+01
   0.20396E+02    0.32098E+01    0.53817E+01    0.20525E+01
   0.20396E+02    0.32098E+01    0.53817E+01    0.20525E+01
   0.20327E+02    0.32000E+01    0.53859E+01    0.20565E+01
   0.20327E+02    0.32000E+01    0.53859E+01    0.20565E+01
   0.20250E+02    0.31899E+01    0.53894E+01    0.20600E+01
   0.20250E+02    0.31899E+01    0.53894E+01    0.20600E+01
   0.20167E+02    0.31796E+01    0.53923E+01    0.20632E+01
   0.20167E+02    0.31796E+01    0.53923E+01    0.20632E+01
   0.20080E+02    0.31691E+01    0.53944E+01    0.20660E+01
   0.20080E+02    0.31691E+01    0.53944E+01    0.20660E+01
   0.19992E+02    0.31584E+01    0.53963E+01    0.20684E+01
   0.19992E+02    0.31584E+01    0.53963E+01    0.20684E+01
   0.19903E+02    0.31476E+01    0.53979E+01    0.20707E+01
   0.19903E+02    0.31476E+01    0.53979E+01    0.20707E+01
   0.19817E+02    0.31366E+01    0.53992E+01    0.20725E+01
   0.19817E+02    0.31366E+01    0.53992E+01    0.20725E+01
   0.19735E+02    0.31256E+01    0.54010E+01    0.20744E+01
   0.19735E+02    0.31256E+01    0.54010E+01    0.20744E+01
   0.19657E+02    0.31145E+01    0.54024E+01    0.20759E+01
   0.19657E+02    0.31145E+01    0.54024E+01    0.20759E+01
   0.19587E+02    0.31034E+01    0.54043E+01    0.20774E+01
   0.19587E+02    0.31034E+01    0.54043E+01    0.20774E+01
   0.19524E+02    0.30924E+01    0.54067E+01    0.20789E+01
   0.19524E+02    0.30924E+01    0.54067E+01    0.20789E+01
   0.19470E+02    0.30814E+01    0.54091E+01    0.20802E+01
   0.19470E+02    0.30814E+01    0.54091E+01    0.20802E+01
   0.19425E+02    0.30706E+01    0.54125E+01    0.20817E+01
   0.19425E+02    0.30706E+01    0.54125E+01    0.20817E+01
