   0.17039E+02    0.64800E+02    0.23038E+03    0.32705E+03
   0.21829E+02    0.62851E+02    0.24094E+03    0.33216E+03
   0.24919E+02    0.61493E+02    0.24710E+03    0.33943E+03
   0.25700E+02    0.61628E+02    0.24582E+03    0.34256E+03
   0.24940E+02    0.62763E+02    0.24027E+03    0.34338E+03
   0.23655E+02    0.64004E+02    0.23470E+03    0.34453E+03
   0.22707E+02    0.64732E+02    0.23185E+03    0.34647E+03
   0.22448E+02    0.64797E+02    0.23224E+03    0.34951E+03
   0.22687E+02    0.64411E+02    0.23465E+03    0.35309E+03
   0.23028E+02    0.63909E+02    0.23737E+03    0.35608E+03
   0.23237E+02    0.63498E+02    0.23531E+03    0.35832E+03
   0.23258E+02    0.63248E+02    0.23398E+03    0.35997E+03
   0.23160E+02    0.63123E+02    0.23233E+03    0.36126E+03
   0.23039E+02    0.63038E+02    0.23058E+03    0.36236E+03
   0.22951E+02    0.62939E+02    0.22896E+03    0.36328E+03
   0.22914E+02    0.62845E+02    0.23197E+03    0.36395E+03
   0.22911E+02    0.62766E+02    0.23319E+03    0.36438E+03
   0.22911E+02    0.62704E+02    0.23413E+03    0.36453E+03
   0.22906E+02    0.62670E+02    0.23492E+03    0.36443E+03
   0.22890E+02    0.62667E+02    0.23557E+03    0.36411E+03
   0.22862E+02    0.62620E+02    0.22714E+03    0.36357E+03
   0.22835E+02    0.62532E+02    0.22232E+03    0.36282E+03
   0.22820E+02    0.62441E+02    0.21793E+03    0.36185E+03
   0.22814E+02    0.62357E+02    0.21355E+03    0.36064E+03
   0.22814E+02    0.62285E+02    0.20911E+03    0.35920E+03
   0.22815E+02    0.62224E+02    0.20357E+03    0.35751E+03
   0.22817E+02    0.62175E+02    0.19837E+03    0.35556E+03
   0.22821E+02    0.62144E+02    0.19315E+03    0.35337E+03
   0.22825E+02    0.62130E+02    0.18787E+03    0.35089E+03
   0.22832E+02    0.62133E+02    0.18253E+03    0.34815E+03
   0.22840E+02    0.62161E+02    0.17832E+03    0.34509E+03
   0.22850E+02    0.62211E+02    0.17359E+03    0.34178E+03
   0.22859E+02    0.62277E+02    0.16875E+03    0.33811E+03
   0.22870E+02    0.62357E+02    0.16387E+03    0.33421E+03
   0.22878E+02    0.62446E+02    0.15895E+03    0.32994E+03
   0.22892E+02    0.62574E+02    0.15799E+03    0.32546E+03
   0.22903E+02    0.62735E+02    0.15540E+03    0.32065E+03
   0.22912E+02    0.62909E+02    0.15258E+03    0.31568E+03
   0.22917E+02    0.63088E+02    0.14971E+03    0.31042E+03
   0.22922E+02    0.63267E+02    0.14683E+03    0.30509E+03
   0.22931E+02    0.63496E+02    0.15092E+03    0.29956E+03
   0.22941E+02    0.63766E+02    0.15218E+03    0.29409E+03
   0.22943E+02    0.64043E+02    0.15303E+03    0.28854E+03
   0.22943E+02    0.64316E+02    0.15380E+03    0.28315E+03
   0.22939E+02    0.64579E+02    0.15455E+03    0.27784E+03
   0.22947E+02    0.64893E+02    0.16413E+03    0.27284E+03
   0.22953E+02    0.65251E+02    0.17007E+03    0.26809E+03
   0.22954E+02    0.65609E+02    0.17544E+03    0.26376E+03
   0.22950E+02    0.65956E+02    0.18065E+03    0.25983E+03
   0.22947E+02    0.66285E+02    0.18580E+03    0.25639E+03
   0.22953E+02    0.66660E+02    0.19993E+03    0.25352E+03
   0.22963E+02    0.67073E+02    0.21021E+03    0.25121E+03
   0.22966E+02    0.67482E+02    0.21981E+03    0.24957E+03
   0.22967E+02    0.67875E+02    0.22918E+03    0.24845E+03
   0.22967E+02    0.68248E+02    0.23840E+03    0.24806E+03
   0.22979E+02    0.68652E+02    0.25485E+03    0.24817E+03
   0.22991E+02    0.69082E+02    0.26800E+03    0.24904E+03
   0.23001E+02    0.69502E+02    0.28048E+03    0.25034E+03
   0.23007E+02    0.69907E+02    0.29266E+03    0.25233E+03
   0.23014E+02    0.70292E+02    0.30463E+03    0.25463E+03
   0.23027E+02    0.70690E+02    0.32084E+03    0.25758E+03
   0.23043E+02    0.71097E+02    0.33488E+03    0.26074E+03
   0.23055E+02    0.71493E+02    0.34838E+03    0.26446E+03
   0.23067E+02    0.71875E+02    0.36156E+03    0.26825E+03
   0.23078E+02    0.72243E+02    0.37446E+03    0.27250E+03
   0.23084E+02    0.72548E+02    0.37870E+03    0.27673E+03
   0.23079E+02    0.72705E+02    0.37834E+03    0.28131E+03
   0.23082E+02    0.72747E+02    0.37817E+03    0.28580E+03
   0.23097E+02    0.72718E+02    0.37866E+03    0.29060E+03
   0.23120E+02    0.72655E+02    0.37958E+03    0.29527E+03
   0.23145E+02    0.72579E+02    0.38065E+03    0.30013E+03
   0.23168E+02    0.72502E+02    0.38175E+03    0.30476E+03
   0.23186E+02    0.72429E+02    0.38279E+03    0.30948E+03
   0.23203E+02    0.72360E+02    0.38376E+03    0.31395E+03
   0.23218E+02    0.72295E+02    0.38468E+03    0.31845E+03
   0.23234E+02    0.72231E+02    0.38544E+03    0.32271E+03
   0.23251E+02    0.72175E+02    0.38636E+03    0.32696E+03
   0.23267E+02    0.72124E+02    0.38711E+03    0.33095E+03
   0.23282E+02    0.72077E+02    0.38777E+03    0.33489E+03
   0.23295E+02    0.72036E+02    0.38836E+03    0.33858E+03
   0.23306E+02    0.71992E+02    0.38867E+03    0.34216E+03
   0.23317E+02    0.71961E+02    0.38935E+03    0.34550E+03
   0.23326E+02    0.71933E+02    0.38980E+03    0.34871E+03
   0.23333E+02    0.71909E+02    0.39015E+03    0.35167E+03
   0.23338E+02    0.71887E+02    0.39047E+03    0.35448E+03
   0.23341E+02    0.71859E+02    0.39047E+03    0.35705E+03
   0.23343E+02    0.71843E+02    0.39101E+03    0.35945E+03
   0.23343E+02    0.71829E+02    0.39127E+03    0.36161E+03
   0.23341E+02    0.71815E+02    0.39148E+03    0.36359E+03
   0.23336E+02    0.71803E+02    0.39166E+03    0.36534E+03
   0.23329E+02    0.71777E+02    0.39119E+03    0.36692E+03
   0.23323E+02    0.71766E+02    0.39199E+03    0.36832E+03
   0.23316E+02    0.71759E+02    0.39224E+03    0.36958E+03
   0.23304E+02    0.71751E+02    0.39239E+03    0.37073E+03
   0.23290E+02    0.71741E+02    0.39253E+03    0.37175E+03
   0.23269E+02    0.71706E+02    0.39054E+03    0.37269E+03
   0.23253E+02    0.71685E+02    0.39239E+03    0.37350E+03
   0.23236E+02    0.71680E+02    0.39318E+03    0.37423E+03
   0.23216E+02    0.71674E+02    0.39343E+03    0.37481E+03
   0.23194E+02    0.71665E+02    0.39360E+03    0.37529E+03
   0.23167E+02    0.71622E+02    0.39016E+03    0.37563E+03
   0.23142E+02    0.71566E+02    0.38955E+03    0.37586E+03
   0.23123E+02    0.71519E+02    0.38924E+03    0.37593E+03
   0.23104E+02    0.71479E+02    0.38889E+03    0.37587E+03
   0.23085E+02    0.71448E+02    0.38847E+03    0.37564E+03
   0.23059E+02    0.71391E+02    0.38382E+03    0.37527E+03
   0.23035E+02    0.71314E+02    0.38093E+03    0.37473E+03
   0.23014E+02    0.71235E+02    0.37826E+03    0.37405E+03
   0.22998E+02    0.71159E+02    0.37557E+03    0.37318E+03
   0.22982E+02    0.71089E+02    0.37282E+03    0.37215E+03
   0.22964E+02    0.71001E+02    0.36678E+03    0.37094E+03
   0.22947E+02    0.70899E+02    0.36205E+03    0.36954E+03
   0.22933E+02    0.70800E+02    0.35743E+03    0.36794E+03
   0.22921E+02    0.70706E+02    0.35277E+03    0.36615E+03
   0.22912E+02    0.70619E+02    0.34803E+03    0.36415E+03
   0.22900E+02    0.70524E+02    0.34114E+03    0.36193E+03
   0.22890E+02    0.70423E+02    0.33503E+03    0.35948E+03
   0.22883E+02    0.70326E+02    0.32898E+03    0.35680E+03
   0.22877E+02    0.70234E+02    0.32288E+03    0.35389E+03
   0.22873E+02    0.70148E+02    0.31671E+03    0.35075E+03
   0.22868E+02    0.70062E+02    0.30972E+03    0.34739E+03
   0.22863E+02    0.69977E+02    0.30298E+03    0.34382E+03
   0.22858E+02    0.69894E+02    0.29625E+03    0.34002E+03
   0.22854E+02    0.69813E+02    0.28948E+03    0.33606E+03
   0.22850E+02    0.69733E+02    0.28269E+03    0.33189E+03
   0.22847E+02    0.69659E+02    0.27662E+03    0.32761E+03
   0.22843E+02    0.69590E+02    0.27024E+03    0.32316E+03
   0.22839E+02    0.69520E+02    0.26381E+03    0.31866E+03
   0.22833E+02    0.69447E+02    0.25738E+03    0.31404E+03
   0.22828E+02    0.69369E+02    0.25096E+03    0.30945E+03
   0.22824E+02    0.69303E+02    0.24682E+03    0.30482E+03
   0.22821E+02    0.69246E+02    0.24180E+03    0.30030E+03
   0.22816E+02    0.69186E+02    0.23667E+03    0.29582E+03
   0.22811E+02    0.69120E+02    0.23155E+03    0.29152E+03
   0.22804E+02    0.69046E+02    0.22648E+03    0.28735E+03
   0.22804E+02    0.68989E+02    0.22506E+03    0.28345E+03
   0.22803E+02    0.68948E+02    0.22223E+03    0.27977E+03
   0.22801E+02    0.68904E+02    0.21924E+03    0.27642E+03
   0.22798E+02    0.68854E+02    0.21625E+03    0.27336E+03
   0.22796E+02    0.68795E+02    0.21331E+03    0.27065E+03
   0.22799E+02    0.68761E+02    0.21495E+03    0.26832E+03
   0.22805E+02    0.68749E+02    0.21482E+03    0.26637E+03
   0.22808E+02    0.68738E+02    0.21445E+03    0.26484E+03
   0.22811E+02    0.68723E+02    0.21409E+03    0.26367E+03
   0.22814E+02    0.68702E+02    0.21375E+03    0.26293E+03
   0.22824E+02    0.68710E+02    0.21822E+03    0.26255E+03
   0.22836E+02    0.68745E+02    0.22079E+03    0.26262E+03
   0.22846E+02    0.68783E+02    0.22309E+03    0.26301E+03
   0.22854E+02    0.68821E+02    0.22536E+03    0.26380E+03
   0.22863E+02    0.68856E+02    0.22763E+03    0.26487E+03
   0.22878E+02    0.68919E+02    0.23412E+03    0.26633E+03
   0.22894E+02    0.69007E+02    0.23888E+03    0.26802E+03
   0.22908E+02    0.69100E+02    0.24336E+03    0.27006E+03
   0.22921E+02    0.69195E+02    0.24779E+03    0.27226E+03
   0.22934E+02    0.69289E+02    0.25218E+03    0.27476E+03
   0.22950E+02    0.69402E+02    0.25944E+03    0.27736E+03
   0.22967E+02    0.69533E+02    0.26546E+03    0.28023E+03
   0.22983E+02    0.69669E+02    0.27125E+03    0.28315E+03
   0.22997E+02    0.69805E+02    0.27696E+03    0.28626E+03
   0.23010E+02    0.69941E+02    0.28260E+03    0.28939E+03
   0.23025E+02    0.70083E+02    0.28930E+03    0.29265E+03
   0.23039E+02    0.70232E+02    0.29547E+03    0.29589E+03
   0.23053E+02    0.70382E+02    0.30151E+03    0.29922E+03
   0.23065E+02    0.70532E+02    0.30747E+03    0.30248E+03
   0.23077E+02    0.70681E+02    0.31335E+03    0.30579E+03
   0.23087E+02    0.70823E+02    0.31842E+03    0.30899E+03
   0.23096E+02    0.70959E+02    0.32375E+03    0.31221E+03
   0.23105E+02    0.71093E+02    0.32908E+03    0.31530E+03
   0.23114E+02    0.71225E+02    0.33436E+03    0.31836E+03
   0.23121E+02    0.71357E+02    0.33958E+03    0.32127E+03
   0.23125E+02    0.71470E+02    0.34241E+03    0.32413E+03
   0.23128E+02    0.71568E+02    0.34621E+03    0.32682E+03
   0.23132E+02    0.71661E+02    0.35014E+03    0.32942E+03
   0.23135E+02    0.71753E+02    0.35406E+03    0.33186E+03
   0.23138E+02    0.71844E+02    0.35795E+03    0.33419E+03
   0.23135E+02    0.71909E+02    0.35842E+03    0.33634E+03
   0.23131E+02    0.71953E+02    0.36035E+03    0.33837E+03
   0.23129E+02    0.71992E+02    0.36248E+03    0.34022E+03
   0.23128E+02    0.72029E+02    0.36464E+03    0.34194E+03
   0.23125E+02    0.72067E+02    0.36679E+03    0.34347E+03
   0.23117E+02    0.72076E+02    0.36508E+03    0.34487E+03
   0.23108E+02    0.72062E+02    0.36503E+03    0.34608E+03
   0.23102E+02    0.72043E+02    0.36522E+03    0.34716E+03
   0.23096E+02    0.72022E+02    0.36545E+03    0.34806E+03
   0.23090E+02    0.72003E+02    0.36567E+03    0.34882E+03
   0.23078E+02    0.71957E+02    0.36209E+03    0.34941E+03
   0.23067E+02    0.71888E+02    0.36013E+03    0.34986E+03
   0.23057E+02    0.71815E+02    0.35840E+03    0.35014E+03
   0.23049E+02    0.71741E+02    0.35669E+03    0.35030E+03
   0.23040E+02    0.71669E+02    0.35497E+03    0.35029E+03
   0.23028E+02    0.71573E+02    0.34986E+03    0.35016E+03
   0.23015E+02    0.71458E+02    0.34616E+03    0.34987E+03
   0.23005E+02    0.71339E+02    0.34265E+03    0.34946E+03
   0.22995E+02    0.71220E+02    0.33914E+03    0.34892E+03
   0.22987E+02    0.71103E+02    0.33561E+03    0.34825E+03
   0.22975E+02    0.70967E+02    0.32935E+03    0.34745E+03
   0.22963E+02    0.70815E+02    0.32419E+03    0.34654E+03
   0.22953E+02    0.70661E+02    0.31915E+03    0.34551E+03
   0.22944E+02    0.70506E+02    0.31409E+03    0.34437E+03
   0.22936E+02    0.70352E+02    0.30900E+03    0.34312E+03
   0.22926E+02    0.70186E+02    0.30203E+03    0.34177E+03
   0.22916E+02    0.70009E+02    0.29577E+03    0.34033E+03
   0.22908E+02    0.69830E+02    0.28957E+03    0.33879E+03
   0.22901E+02    0.69650E+02    0.28334E+03    0.33718E+03
   0.22894E+02    0.69469E+02    0.27706E+03    0.33547E+03
   0.22886E+02    0.69283E+02    0.26989E+03    0.33371E+03
   0.22879E+02    0.69091E+02    0.26301E+03    0.33186E+03
   0.22873E+02    0.68897E+02    0.25614E+03    0.32998E+03
   0.22867E+02    0.68702E+02    0.24922E+03    0.32802E+03
   0.22862E+02    0.68506E+02    0.24227E+03    0.32606E+03
   0.22857E+02    0.68310E+02    0.23547E+03    0.32403E+03
   0.22853E+02    0.68114E+02    0.22855E+03    0.32202E+03
   0.22848E+02    0.67917E+02    0.22158E+03    0.31996E+03
   0.22844E+02    0.67718E+02    0.21457E+03    0.31795E+03
   0.22841E+02    0.67518E+02    0.20752E+03    0.31590E+03
   0.22839E+02    0.67324E+02    0.20173E+03    0.31392E+03
   0.22837E+02    0.67138E+02    0.19540E+03    0.31194E+03
   0.22835E+02    0.66951E+02    0.18896E+03    0.31004E+03
   0.22833E+02    0.66763E+02    0.18250E+03    0.30816E+03
   0.22832E+02    0.66572E+02    0.17601E+03    0.30639E+03
   0.22833E+02    0.66396E+02    0.17182E+03    0.30466E+03
   0.22835E+02    0.66233E+02    0.16671E+03    0.30306E+03
   0.22835E+02    0.66073E+02    0.16145E+03    0.30152E+03
   0.22836E+02    0.65912E+02    0.15617E+03    0.30013E+03
   0.22836E+02    0.65749E+02    0.15088E+03    0.29882E+03
   0.22840E+02    0.65607E+02    0.14875E+03    0.29768E+03
   0.22845E+02    0.65485E+02    0.14539E+03    0.29664E+03
   0.22849E+02    0.65367E+02    0.14185E+03    0.29576E+03
   0.22852E+02    0.65251E+02    0.13829E+03    0.29500E+03
   0.22854E+02    0.65133E+02    0.13474E+03    0.29440E+03
   0.22861E+02    0.65042E+02    0.13486E+03    0.29393E+03
   0.22870E+02    0.64974E+02    0.13355E+03    0.29364E+03
   0.22876E+02    0.64913E+02    0.13206E+03    0.29348E+03
   0.22880E+02    0.64854E+02    0.13054E+03    0.29347E+03
   0.22885E+02    0.64795E+02    0.12903E+03    0.29360E+03
   0.22894E+02    0.64763E+02    0.13121E+03    0.29387E+03
   0.22904E+02    0.64756E+02    0.13196E+03    0.29429E+03
   0.22912E+02    0.64756E+02    0.13251E+03    0.29484E+03
   0.22918E+02    0.64759E+02    0.13303E+03    0.29551E+03
   0.22924E+02    0.64763E+02    0.13355E+03    0.29630E+03
   0.22933E+02    0.64790E+02    0.13723E+03    0.29720E+03
   0.22944E+02    0.64838E+02    0.13966E+03    0.29821E+03
   0.22952E+02    0.64893E+02    0.14191E+03    0.29932E+03
   0.22958E+02    0.64950E+02    0.14412E+03    0.30050E+03
   0.22964E+02    0.65008E+02    0.14631E+03    0.30177E+03
   0.22973E+02    0.65081E+02    0.15066E+03    0.30310E+03
   0.22982E+02    0.65169E+02    0.15412E+03    0.30450E+03
   0.22989E+02    0.65261E+02    0.15744E+03    0.30593E+03
   0.22995E+02    0.65353E+02    0.16073E+03    0.30742E+03
   0.23001E+02    0.65446E+02    0.16398E+03    0.30892E+03
   0.23007E+02    0.65545E+02    0.16809E+03    0.31046E+03
   0.23013E+02    0.65649E+02    0.17183E+03    0.31199E+03
   0.23019E+02    0.65754E+02    0.17548E+03    0.31355E+03
   0.23023E+02    0.65859E+02    0.17910E+03    0.31507E+03
   0.23027E+02    0.65963E+02    0.18268E+03    0.31661E+03
   0.23031E+02    0.66064E+02    0.18584E+03    0.31810E+03
   0.23034E+02    0.66160E+02    0.18913E+03    0.31958E+03
   0.23037E+02    0.66255E+02    0.19242E+03    0.32101E+03
   0.23040E+02    0.66349E+02    0.19569E+03    0.32242E+03
   0.23042E+02    0.66442E+02    0.19893E+03    0.32375E+03
   0.23042E+02    0.66524E+02    0.20070E+03    0.32506E+03
   0.23042E+02    0.66595E+02    0.20304E+03    0.32629E+03
   0.23042E+02    0.66663E+02    0.20544E+03    0.32747E+03
   0.23043E+02    0.66729E+02    0.20784E+03    0.32857E+03
   0.23043E+02    0.66794E+02    0.21023E+03    0.32962E+03
   0.23041E+02    0.66844E+02    0.21048E+03    0.33058E+03
   0.23038E+02    0.66878E+02    0.21158E+03    0.33148E+03
   0.23036E+02    0.66909E+02    0.21279E+03    0.33229E+03
   0.23035E+02    0.66938E+02    0.21402E+03    0.33304E+03
   0.23034E+02    0.66967E+02    0.21524E+03    0.33369E+03
   0.23030E+02    0.66978E+02    0.21406E+03    0.33428E+03
   0.23025E+02    0.66974E+02    0.21385E+03    0.33477E+03
   0.23021E+02    0.66965E+02    0.21377E+03    0.33519E+03
   0.23019E+02    0.66954E+02    0.21372E+03    0.33552E+03
   0.23016E+02    0.66944E+02    0.21366E+03    0.33578E+03
   0.23011E+02    0.66917E+02    0.21130E+03    0.33596E+03
   0.23005E+02    0.66876E+02    0.20986E+03    0.33606E+03
   0.23001E+02    0.66830E+02    0.20856E+03    0.33608E+03
   0.22997E+02    0.66784E+02    0.20727E+03    0.33603E+03
   0.22994E+02    0.66737E+02    0.20599E+03    0.33590E+03
   0.22988E+02    0.66677E+02    0.20275E+03    0.33571E+03
   0.22982E+02    0.66604E+02    0.20029E+03    0.33544E+03
   0.22978E+02    0.66529E+02    0.19795E+03    0.33511E+03
   0.22974E+02    0.66452E+02    0.19561E+03    0.33472E+03
   0.22970E+02    0.66376E+02    0.19328E+03    0.33426E+03
   0.22965E+02    0.66289E+02    0.18953E+03    0.33375E+03
   0.22960E+02    0.66194E+02    0.18633E+03    0.33318E+03
   0.22955E+02    0.66097E+02    0.18322E+03    0.33256E+03
   0.22951E+02    0.65999E+02    0.18011E+03    0.33189E+03
   0.22948E+02    0.65900E+02    0.17700E+03    0.33119E+03
   0.22944E+02    0.65797E+02    0.17312E+03    0.33043E+03
   0.22939E+02    0.65689E+02    0.16953E+03    0.32965E+03
   0.22935E+02    0.65579E+02    0.16599E+03    0.32883E+03
   0.22932E+02    0.65469E+02    0.16244E+03    0.32799E+03
   0.22929E+02    0.65359E+02    0.15890E+03    0.32712E+03
   0.22926E+02    0.65248E+02    0.15527E+03    0.32625E+03
   0.22923E+02    0.65137E+02    0.15167E+03    0.32534E+03
   0.22920E+02    0.65026E+02    0.14808E+03    0.32444E+03
   0.22917E+02    0.64914E+02    0.14448E+03    0.32353E+03
   0.22915E+02    0.64802E+02    0.14088E+03    0.32263E+03
   0.22913E+02    0.64695E+02    0.13788E+03    0.32172E+03
   0.22912E+02    0.64592E+02    0.13465E+03    0.32083E+03
   0.22910E+02    0.64489E+02    0.13138E+03    0.31995E+03
   0.22908E+02    0.64387E+02    0.12812E+03    0.31910E+03
   0.22906E+02    0.64285E+02    0.12485E+03    0.31825E+03
   0.22906E+02    0.64192E+02    0.12280E+03    0.31745E+03
   0.22906E+02    0.64107E+02    0.12028E+03    0.31667E+03
   0.22906E+02    0.64024E+02    0.11770E+03    0.31593E+03
   0.22905E+02    0.63942E+02    0.11511E+03    0.31522E+03
   0.22904E+02    0.63859E+02    0.11252E+03    0.31457E+03
   0.22905E+02    0.63790E+02    0.11163E+03    0.31394E+03
   0.22907E+02    0.63732E+02    0.11009E+03    0.31338E+03
   0.22907E+02    0.63677E+02    0.10846E+03    0.31285E+03
   0.22907E+02    0.63623E+02    0.10682E+03    0.31239E+03
   0.22907E+02    0.63570E+02    0.10519E+03    0.31196E+03
   0.22910E+02    0.63532E+02    0.10552E+03    0.31161E+03
   0.22913E+02    0.63506E+02    0.10509E+03    0.31130E+03
   0.22914E+02    0.63485E+02    0.10457E+03    0.31105E+03
   0.22915E+02    0.63466E+02    0.10403E+03    0.31085E+03
   0.22916E+02    0.63447E+02    0.10349E+03    0.31071E+03
   0.22919E+02    0.63444E+02    0.10493E+03    0.31061E+03
   0.22923E+02    0.63453E+02    0.10561E+03    0.31058E+03
   0.22925E+02    0.63467E+02    0.10617E+03    0.31060E+03
   0.22927E+02    0.63483E+02    0.10673E+03    0.31067E+03
   0.22928E+02    0.63499E+02    0.10727E+03    0.31078E+03
   0.22932E+02    0.63529E+02    0.10957E+03    0.31095E+03
   0.22935E+02    0.63571E+02    0.11117E+03    0.31116E+03
   0.22938E+02    0.63616E+02    0.11268E+03    0.31141E+03
   0.22940E+02    0.63663E+02    0.11416E+03    0.31170E+03
   0.22942E+02    0.63710E+02    0.11563E+03    0.31202E+03
   0.22945E+02    0.63767E+02    0.11840E+03    0.31238E+03
   0.22948E+02    0.63832E+02    0.12064E+03    0.31277E+03
   0.22951E+02    0.63901E+02    0.12280E+03    0.31319E+03
   0.22953E+02    0.63970E+02    0.12493E+03    0.31363E+03
   0.22955E+02    0.64039E+02    0.12705E+03    0.31409E+03
   0.22957E+02    0.64114E+02    0.12989E+03    0.31456E+03
   0.22960E+02    0.64193E+02    0.13242E+03    0.31505E+03
   0.22962E+02    0.64274E+02    0.13489E+03    0.31556E+03
   0.22964E+02    0.64354E+02    0.13734E+03    0.31607E+03
   0.22966E+02    0.64435E+02    0.13977E+03    0.31658E+03
   0.22967E+02    0.64516E+02    0.14231E+03    0.31710E+03
   0.22969E+02    0.64598E+02    0.14479E+03    0.31761E+03
   0.22970E+02    0.64679E+02    0.14723E+03    0.31812E+03
   0.22972E+02    0.64760E+02    0.14966E+03    0.31862E+03
   0.22973E+02    0.64841E+02    0.15207E+03    0.31911E+03
   0.22974E+02    0.64918E+02    0.15406E+03    0.31959E+03
   0.22974E+02    0.64993E+02    0.15620E+03    0.32006E+03
   0.22975E+02    0.65065E+02    0.15834E+03    0.32050E+03
   0.22976E+02    0.65138E+02    0.16047E+03    0.32094E+03
   0.22976E+02    0.65209E+02    0.16258E+03    0.32134E+03
   0.22976E+02    0.65275E+02    0.16389E+03    0.32173E+03
   0.22976E+02    0.65335E+02    0.16551E+03    0.32209E+03
   0.22976E+02    0.65393E+02    0.16715E+03    0.32243E+03
   0.22976E+02    0.65449E+02    0.16879E+03    0.32274E+03
   0.22976E+02    0.65506E+02    0.17042E+03    0.32303E+03
   0.22975E+02    0.65555E+02    0.17104E+03    0.32329E+03
   0.22974E+02    0.65596E+02    0.17205E+03    0.32352E+03
   0.22973E+02    0.65636E+02    0.17311E+03    0.32372E+03
   0.22973E+02    0.65674E+02    0.17416E+03    0.32390E+03
   0.22973E+02    0.65712E+02    0.17522E+03    0.32404E+03
   0.22971E+02    0.65742E+02    0.17521E+03    0.32415E+03
   0.22970E+02    0.65765E+02    0.17561E+03    0.32424E+03
   0.22969E+02    0.65786E+02    0.17608E+03    0.32430E+03
   0.22968E+02    0.65805E+02    0.17655E+03    0.32432E+03
   0.22967E+02    0.65825E+02    0.17701E+03    0.32433E+03
   0.22966E+02    0.65837E+02    0.17650E+03    0.32430E+03
   0.22964E+02    0.65843E+02    0.17638E+03    0.32425E+03
   0.22962E+02    0.65846E+02    0.17631E+03    0.32417E+03
   0.22962E+02    0.65849E+02    0.17625E+03    0.32407E+03
   0.22961E+02    0.65851E+02    0.17619E+03    0.32395E+03
   0.22959E+02    0.65848E+02    0.17534E+03    0.32381E+03
   0.22957E+02    0.65839E+02    0.17480E+03    0.32364E+03
   0.22956E+02    0.65829E+02    0.17431E+03    0.32346E+03
   0.22955E+02    0.65818E+02    0.17383E+03    0.32326E+03
   0.22954E+02    0.65807E+02    0.17335E+03    0.32304E+03
   0.22952E+02    0.65792E+02    0.17232E+03    0.32281E+03
   0.22951E+02    0.65773E+02    0.17151E+03    0.32257E+03
   0.22950E+02    0.65753E+02    0.17073E+03    0.32231E+03
   0.22949E+02    0.65732E+02    0.16996E+03    0.32205E+03
   0.22948E+02    0.65712E+02    0.16920E+03    0.32177E+03
   0.22947E+02    0.65689E+02    0.16815E+03    0.32149E+03
   0.22945E+02    0.65664E+02    0.16722E+03    0.32121E+03
   0.22944E+02    0.65638E+02    0.16630E+03    0.32093E+03
   0.22944E+02    0.65612E+02    0.16539E+03    0.32064E+03
   0.22943E+02    0.65586E+02    0.16449E+03    0.32035E+03
   0.22942E+02    0.65560E+02    0.16355E+03    0.32007E+03
   0.22941E+02    0.65533E+02    0.16263E+03    0.31978E+03
   0.22941E+02    0.65506E+02    0.16172E+03    0.31951E+03
   0.22940E+02    0.65479E+02    0.16080E+03    0.31924E+03
   0.22940E+02    0.65452E+02    0.15990E+03    0.31898E+03
   0.22940E+02    0.65426E+02    0.15918E+03    0.31872E+03
   0.22939E+02    0.65401E+02    0.15839E+03    0.31848E+03
   0.22939E+02    0.65376E+02    0.15759E+03    0.31825E+03
   0.22939E+02    0.65352E+02    0.15679E+03    0.31803E+03
   0.22939E+02    0.65327E+02    0.15600E+03    0.31782E+03
   0.22939E+02    0.65305E+02    0.15556E+03    0.31763E+03
   0.22939E+02    0.65285E+02    0.15498E+03    0.31746E+03
   0.22939E+02    0.65265E+02    0.15439E+03    0.31730E+03
   0.22939E+02    0.65246E+02    0.15379E+03    0.31715E+03
   0.22939E+02    0.65226E+02    0.15320E+03    0.31702E+03
   0.22940E+02    0.65210E+02    0.15305E+03    0.31691E+03
   0.22940E+02    0.65197E+02    0.15273E+03    0.31682E+03
   0.22941E+02    0.65184E+02    0.15239E+03    0.31674E+03
   0.22941E+02    0.65172E+02    0.15204E+03    0.31668E+03
   0.22947E+02    0.65159E+02    0.15170E+03    0.31662E+03
   0.22975E+02    0.65151E+02    0.15182E+03    0.31640E+03
   0.23017E+02    0.65152E+02    0.15173E+03    0.31584E+03
   0.23055E+02    0.65165E+02    0.15157E+03    0.31481E+03
   0.23073E+02    0.65195E+02    0.15136E+03    0.31331E+03
   0.23061E+02    0.65235E+02    0.15110E+03    0.31143E+03
   0.23024E+02    0.65279E+02    0.15126E+03    0.30940E+03
   0.22987E+02    0.65315E+02    0.15129E+03    0.30741E+03
   0.22966E+02    0.65335E+02    0.15135E+03    0.30553E+03
   0.22958E+02    0.65339E+02    0.15146E+03    0.30393E+03
   0.22957E+02    0.65335E+02    0.15160E+03    0.30249E+03
   0.22950E+02    0.65329E+02    0.15206E+03    0.30139E+03
   0.22938E+02    0.65323E+02    0.15240E+03    0.30043E+03
   0.22919E+02    0.65313E+02    0.15274E+03    0.29978E+03
   0.22901E+02    0.65296E+02    0.15311E+03    0.29925E+03
   0.22884E+02    0.65271E+02    0.15351E+03    0.29902E+03
   0.22871E+02    0.65238E+02    0.15385E+03    0.29890E+03
   0.22858E+02    0.65198E+02    0.15425E+03    0.29901E+03
   0.22849E+02    0.65155E+02    0.15467E+03    0.29919E+03
   0.22837E+02    0.65109E+02    0.15511E+03    0.29954E+03
   0.22828E+02    0.65062E+02    0.15555E+03    0.29992E+03
   0.22817E+02    0.65012E+02    0.15561E+03    0.30041E+03
   0.22808E+02    0.64961E+02    0.15582E+03    0.30090E+03
   0.22799E+02    0.64909E+02    0.15607E+03    0.30147E+03
   0.22793E+02    0.64860E+02    0.15631E+03    0.30201E+03
   0.22786E+02    0.64812E+02    0.15655E+03    0.30260E+03
   0.22782E+02    0.64771E+02    0.15707E+03    0.30313E+03
   0.22776E+02    0.64736E+02    0.15748E+03    0.30369E+03
   0.22773E+02    0.64706E+02    0.15785E+03    0.30418E+03
   0.22768E+02    0.64680E+02    0.15821E+03    0.30466E+03
   0.22766E+02    0.64661E+02    0.15855E+03    0.30507E+03
   0.22764E+02    0.64653E+02    0.15979E+03    0.30546E+03
   0.22764E+02    0.64657E+02    0.16064E+03    0.30577E+03
   0.22762E+02    0.64669E+02    0.16143E+03    0.30605E+03
   0.22763E+02    0.64688E+02    0.16218E+03    0.30625E+03
   0.22762E+02    0.64713E+02    0.16291E+03    0.30640E+03
   0.22765E+02    0.64755E+02    0.16507E+03    0.30648E+03
   0.22767E+02    0.64813E+02    0.16662E+03    0.30651E+03
   0.22770E+02    0.64880E+02    0.16805E+03    0.30646E+03
   0.22772E+02    0.64954E+02    0.16944E+03    0.30636E+03
   0.22776E+02    0.65034E+02    0.17079E+03    0.30620E+03
   0.22781E+02    0.65134E+02    0.17399E+03    0.30597E+03
   0.22787E+02    0.65252E+02    0.17638E+03    0.30569E+03
   0.22792E+02    0.65379E+02    0.17862E+03    0.30536E+03
   0.22798E+02    0.65512E+02    0.18079E+03    0.30498E+03
   0.22802E+02    0.65649E+02    0.18291E+03    0.30454E+03
   0.22810E+02    0.65807E+02    0.18711E+03    0.30407E+03
   0.22818E+02    0.65982E+02    0.19039E+03    0.30355E+03
   0.22825E+02    0.66164E+02    0.19347E+03    0.30300E+03
   0.22831E+02    0.66350E+02    0.19648E+03    0.30234E+03
   0.22838E+02    0.66539E+02    0.19942E+03    0.30167E+03
   0.22847E+02    0.66745E+02    0.20445E+03    0.30088E+03
   0.22858E+02    0.66966E+02    0.20853E+03    0.30010E+03
   0.22867E+02    0.67193E+02    0.21240E+03    0.29920E+03
   0.22875E+02    0.67421E+02    0.21616E+03    0.29834E+03
   0.22882E+02    0.67649E+02    0.21985E+03    0.29736E+03
   0.22892E+02    0.67890E+02    0.22542E+03    0.29645E+03
   0.22901E+02    0.68141E+02    0.23009E+03    0.29544E+03
   0.22910E+02    0.68393E+02    0.23457E+03    0.29455E+03
   0.22917E+02    0.68642E+02    0.23895E+03    0.29358E+03
   0.22923E+02    0.68887E+02    0.24325E+03    0.29274E+03
   0.22932E+02    0.69138E+02    0.24900E+03    0.29186E+03
   0.22940E+02    0.69392E+02    0.25405E+03    0.29116E+03
   0.22947E+02    0.69643E+02    0.25894E+03    0.29043E+03
   0.22953E+02    0.69887E+02    0.26374E+03    0.28990E+03
   0.22959E+02    0.70125E+02    0.26848E+03    0.28938E+03
   0.22966E+02    0.70361E+02    0.27410E+03    0.28908E+03
   0.22973E+02    0.70596E+02    0.27927E+03    0.28882E+03
   0.22979E+02    0.70823E+02    0.28433E+03    0.28879E+03
   0.22984E+02    0.71044E+02    0.28933E+03    0.28882E+03
   0.22990E+02    0.71256E+02    0.29429E+03    0.28909E+03
   0.22996E+02    0.71462E+02    0.29947E+03    0.28944E+03
   0.23001E+02    0.71661E+02    0.30451E+03    0.29004E+03
   0.23007E+02    0.71854E+02    0.30950E+03    0.29073E+03
   0.23013E+02    0.72038E+02    0.31446E+03    0.29166E+03
   0.23018E+02    0.72216E+02    0.31939E+03    0.29266E+03
   0.23022E+02    0.72384E+02    0.32389E+03    0.29389E+03
   0.23027E+02    0.72543E+02    0.32854E+03    0.29516E+03
   0.23032E+02    0.72694E+02    0.33321E+03    0.29664E+03
   0.23038E+02    0.72841E+02    0.33786E+03    0.29813E+03
   0.23043E+02    0.72982E+02    0.34249E+03    0.29980E+03
   0.23047E+02    0.73112E+02    0.34610E+03    0.30146E+03
   0.23051E+02    0.73231E+02    0.35013E+03    0.30326E+03
   0.23056E+02    0.73345E+02    0.35422E+03    0.30503E+03
   0.23061E+02    0.73456E+02    0.35829E+03    0.30692E+03
   0.23065E+02    0.73564E+02    0.36235E+03    0.30874E+03
   0.23067E+02    0.73656E+02    0.36422E+03    0.31066E+03
   0.23066E+02    0.73711E+02    0.36437E+03    0.31249E+03
   0.23064E+02    0.73727E+02    0.36434E+03    0.31439E+03
   0.23066E+02    0.73720E+02    0.36448E+03    0.31620E+03
   0.23070E+02    0.73700E+02    0.36479E+03    0.31805E+03
   0.23074E+02    0.73669E+02    0.36498E+03    0.31981E+03
   0.23078E+02    0.73641E+02    0.36557E+03    0.32158E+03
   0.23080E+02    0.73614E+02    0.36599E+03    0.32322E+03
   0.23081E+02    0.73587E+02    0.36638E+03    0.32486E+03
   0.23080E+02    0.73561E+02    0.36675E+03    0.32638E+03
   0.23078E+02    0.73525E+02    0.36643E+03    0.32788E+03
   0.23077E+02    0.73498E+02    0.36744E+03    0.32925E+03
   0.23077E+02    0.73475E+02    0.36792E+03    0.33060E+03
   0.23075E+02    0.73453E+02    0.36827E+03    0.33181E+03
   0.23073E+02    0.73431E+02    0.36860E+03    0.33298E+03
   0.23067E+02    0.73395E+02    0.36744E+03    0.33402E+03
   0.23063E+02    0.73358E+02    0.36770E+03    0.33502E+03
   0.23059E+02    0.73328E+02    0.36809E+03    0.33588E+03
   0.23056E+02    0.73303E+02    0.36846E+03    0.33668E+03
   0.23051E+02    0.73282E+02    0.36879E+03    0.33736E+03
   0.23044E+02    0.73248E+02    0.36708E+03    0.33797E+03
   0.23035E+02    0.73204E+02    0.36623E+03    0.33846E+03
   0.23028E+02    0.73157E+02    0.36552E+03    0.33888E+03
   0.23022E+02    0.73110E+02    0.36481E+03    0.33918E+03
   0.23016E+02    0.73064E+02    0.36410E+03    0.33942E+03
   0.23008E+02    0.73006E+02    0.36151E+03    0.33954E+03
   0.22999E+02    0.72937E+02    0.35970E+03    0.33958E+03
   0.22991E+02    0.72866E+02    0.35801E+03    0.33952E+03
   0.22984E+02    0.72795E+02    0.35633E+03    0.33938E+03
   0.22977E+02    0.72725E+02    0.35464E+03    0.33915E+03
   0.22969E+02    0.72644E+02    0.35128E+03    0.33884E+03
   0.22960E+02    0.72554E+02    0.34861E+03    0.33844E+03
   0.22952E+02    0.72462E+02    0.34604E+03    0.33796E+03
   0.22945E+02    0.72371E+02    0.34346E+03    0.33741E+03
   0.22939E+02    0.72280E+02    0.34087E+03    0.33678E+03
   0.22930E+02    0.72181E+02    0.33698E+03    0.33608E+03
   0.22923E+02    0.72074E+02    0.33361E+03    0.33532E+03
   0.22915E+02    0.71967E+02    0.33031E+03    0.33449E+03
   0.22909E+02    0.71859E+02    0.32700E+03    0.33359E+03
   0.22903E+02    0.71752E+02    0.32367E+03    0.33265E+03
   0.22897E+02    0.71640E+02    0.31957E+03    0.33164E+03
   0.22891E+02    0.71524E+02    0.31577E+03    0.33060E+03
   0.22885E+02    0.71407E+02    0.31200E+03    0.32950E+03
   0.22880E+02    0.71290E+02    0.30821E+03    0.32837E+03
   0.22875E+02    0.71173E+02    0.30441E+03    0.32720E+03
   0.22871E+02    0.71055E+02    0.30048E+03    0.32602E+03
   0.22867E+02    0.70937E+02    0.29658E+03    0.32479E+03
   0.22863E+02    0.70819E+02    0.29267E+03    0.32356E+03
   0.22859E+02    0.70700E+02    0.28874E+03    0.32231E+03
   0.22856E+02    0.70581E+02    0.28481E+03    0.32107E+03
   0.22854E+02    0.70466E+02    0.28141E+03    0.31980E+03
   0.22852E+02    0.70354E+02    0.27778E+03    0.31858E+03
   0.22850E+02    0.70242E+02    0.27411E+03    0.31733E+03
   0.22848E+02    0.70131E+02    0.27042E+03    0.31614E+03
   0.22846E+02    0.70018E+02    0.26673E+03    0.31494E+03
   0.22846E+02    0.69914E+02    0.26423E+03    0.31380E+03
   0.22846E+02    0.69817E+02    0.26124E+03    0.31268E+03
   0.22846E+02    0.69721E+02    0.25817E+03    0.31163E+03
   0.22846E+02    0.69625E+02    0.25509E+03    0.31060E+03
   0.22846E+02    0.69528E+02    0.25201E+03    0.30965E+03
   0.22848E+02    0.69443E+02    0.25068E+03    0.30874E+03
   0.22851E+02    0.69369E+02    0.24864E+03    0.30793E+03
   0.22853E+02    0.69297E+02    0.24650E+03    0.30716E+03
   0.22854E+02    0.69226E+02    0.24435E+03    0.30649E+03
   0.22855E+02    0.69153E+02    0.24220E+03    0.30587E+03
   0.22859E+02    0.69096E+02    0.24216E+03    0.30537E+03
   0.22864E+02    0.69051E+02    0.24127E+03    0.30492E+03
   0.22868E+02    0.69009E+02    0.24026E+03    0.30458E+03
   0.22870E+02    0.68969E+02    0.23924E+03    0.30431E+03
   0.22873E+02    0.68927E+02    0.23823E+03    0.30414E+03
   0.22878E+02    0.68901E+02    0.23941E+03    0.30405E+03
   0.22884E+02    0.68889E+02    0.23971E+03    0.30406E+03
   0.22889E+02    0.68880E+02    0.23988E+03    0.30415E+03
   0.22893E+02    0.68873E+02    0.24004E+03    0.30433E+03
   0.22896E+02    0.68865E+02    0.24020E+03    0.30458E+03
   0.22903E+02    0.68871E+02    0.24236E+03    0.30493E+03
   0.22909E+02    0.68890E+02    0.24371E+03    0.30534E+03
   0.22915E+02    0.68912E+02    0.24494E+03    0.30584E+03
   0.22919E+02    0.68935E+02    0.24614E+03    0.30640E+03
   0.22923E+02    0.68958E+02    0.24734E+03    0.30703E+03
   0.22929E+02    0.68992E+02    0.25009E+03    0.30771E+03
   0.22935E+02    0.69036E+02    0.25219E+03    0.30846E+03
   0.22940E+02    0.69081E+02    0.25419E+03    0.30925E+03
   0.22945E+02    0.69128E+02    0.25617E+03    0.31009E+03
   0.22949E+02    0.69174E+02    0.25814E+03    0.31097E+03
   0.22954E+02    0.69227E+02    0.26099E+03    0.31188E+03
   0.22959E+02    0.69284E+02    0.26347E+03    0.31283E+03
   0.22963E+02    0.69343E+02    0.26587E+03    0.31379E+03
   0.22967E+02    0.69403E+02    0.26826E+03    0.31478E+03
   0.22971E+02    0.69461E+02    0.27063E+03    0.31577E+03
   0.22974E+02    0.69521E+02    0.27316E+03    0.31677E+03
   0.22978E+02    0.69582E+02    0.27561E+03    0.31777E+03
   0.22981E+02    0.69642E+02    0.27803E+03    0.31877E+03
   0.22983E+02    0.69702E+02    0.28044E+03    0.31976E+03
   0.22986E+02    0.69762E+02    0.28283E+03    0.32073E+03
   0.22987E+02    0.69818E+02    0.28472E+03    0.32169E+03
   0.22989E+02    0.69870E+02    0.28680E+03    0.32262E+03
   0.22990E+02    0.69921E+02    0.28890E+03    0.32353E+03
   0.22992E+02    0.69972E+02    0.29099E+03    0.32441E+03
   0.22993E+02    0.70023E+02    0.29307E+03    0.32526E+03
   0.22993E+02    0.70066E+02    0.29412E+03    0.32606E+03
   0.22992E+02    0.70102E+02    0.29560E+03    0.32683E+03
   0.22992E+02    0.70137E+02    0.29712E+03    0.32755E+03
   0.22992E+02    0.70171E+02    0.29865E+03    0.32823E+03
   0.22992E+02    0.70205E+02    0.30017E+03    0.32887E+03
   0.22990E+02    0.70230E+02    0.30035E+03    0.32945E+03
   0.22988E+02    0.70246E+02    0.30108E+03    0.32998E+03
   0.22986E+02    0.70260E+02    0.30189E+03    0.33047E+03
   0.22985E+02    0.70274E+02    0.30271E+03    0.33089E+03
   0.22984E+02    0.70288E+02    0.30352E+03    0.33127E+03
   0.22981E+02    0.70291E+02    0.30289E+03    0.33159E+03
   0.22977E+02    0.70286E+02    0.30285E+03    0.33186E+03
   0.22975E+02    0.70279E+02    0.30290E+03    0.33207E+03
   0.22973E+02    0.70271E+02    0.30297E+03    0.33224E+03
   0.22971E+02    0.70264E+02    0.30303E+03    0.33234E+03
   0.22967E+02    0.70248E+02    0.30171E+03    0.33240E+03
   0.22963E+02    0.70223E+02    0.30097E+03    0.33239E+03
   0.22960E+02    0.70197E+02    0.30031E+03    0.33234E+03
   0.22958E+02    0.70170E+02    0.29966E+03    0.33223E+03
   0.22955E+02    0.70145E+02    0.29901E+03    0.33209E+03
   0.22952E+02    0.70111E+02    0.29722E+03    0.33188E+03
   0.22948E+02    0.70071E+02    0.29589E+03    0.33164E+03
   0.22944E+02    0.70029E+02    0.29464E+03    0.33134E+03
   0.22942E+02    0.69988E+02    0.29339E+03    0.33101E+03
   0.22939E+02    0.69947E+02    0.29214E+03    0.33063E+03
   0.22936E+02    0.69901E+02    0.29010E+03    0.33023E+03
   0.22933E+02    0.69850E+02    0.28837E+03    0.32976E+03
   0.22930E+02    0.69799E+02    0.28670E+03    0.32929E+03
   0.22928E+02    0.69747E+02    0.28503E+03    0.32876E+03
   0.22925E+02    0.69696E+02    0.28336E+03    0.32823E+03
   0.22923E+02    0.69643E+02    0.28130E+03    0.32765E+03
   0.22920E+02    0.69588E+02    0.27939E+03    0.32707E+03
   0.22918E+02    0.69532E+02    0.27751E+03    0.32644E+03
   0.22916E+02    0.69477E+02    0.27563E+03    0.32582E+03
   0.22915E+02    0.69422E+02    0.27375E+03    0.32517E+03
   0.22913E+02    0.69368E+02    0.27192E+03    0.32453E+03
   0.22912E+02    0.69314E+02    0.27006E+03    0.32385E+03
   0.22910E+02    0.69260E+02    0.26820E+03    0.32320E+03
   0.22909E+02    0.69207E+02    0.26634E+03    0.32252E+03
   0.22908E+02    0.69154E+02    0.26448E+03    0.32186E+03
   0.22907E+02    0.69104E+02    0.26309E+03    0.32119E+03
   0.22907E+02    0.69057E+02    0.26150E+03    0.32056E+03
   0.22907E+02    0.69012E+02    0.25989E+03    0.31990E+03
   0.22906E+02    0.68966E+02    0.25827E+03    0.31929E+03
   0.22906E+02    0.68921E+02    0.25666E+03    0.31868E+03
   0.22906E+02    0.68881E+02    0.25586E+03    0.31811E+03
   0.22907E+02    0.68847E+02    0.25474E+03    0.31753E+03
   0.22908E+02    0.68813E+02    0.25356E+03    0.31701E+03
   0.22908E+02    0.68781E+02    0.25239E+03    0.31650E+03
   0.22908E+02    0.68748E+02    0.25121E+03    0.31604E+03
   0.22910E+02    0.68723E+02    0.25110E+03    0.31559E+03
   0.22912E+02    0.68704E+02    0.25055E+03    0.31519E+03
   0.22913E+02    0.68687E+02    0.24995E+03    0.31482E+03
   0.22914E+02    0.68671E+02    0.24934E+03    0.31450E+03
   0.22915E+02    0.68654E+02    0.24873E+03    0.31420E+03
   0.22917E+02    0.68646E+02    0.24929E+03    0.31396E+03
   0.22919E+02    0.68645E+02    0.24938E+03    0.31374E+03
   0.22921E+02    0.68646E+02    0.24940E+03    0.31359E+03
   0.22923E+02    0.68647E+02    0.24941E+03    0.31346E+03
   0.22924E+02    0.68648E+02    0.24942E+03    0.31338E+03
   0.22927E+02    0.68658E+02    0.25056E+03    0.31333E+03
   0.22930E+02    0.68674E+02    0.25124E+03    0.31334E+03
   0.22932E+02    0.68692E+02    0.25185E+03    0.31337E+03
   0.22934E+02    0.68710E+02    0.25245E+03    0.31345E+03
   0.22936E+02    0.68729E+02    0.25305E+03    0.31356E+03
   0.22939E+02    0.68754E+02    0.25459E+03    0.31372E+03
   0.22942E+02    0.68785E+02    0.25574E+03    0.31390E+03
   0.22944E+02    0.68817E+02    0.25683E+03    0.31412E+03
   0.22946E+02    0.68849E+02    0.25791E+03    0.31437E+03
   0.22948E+02    0.68882E+02    0.25898E+03    0.31465E+03
   0.22951E+02    0.68919E+02    0.26070E+03    0.31495E+03
   0.22953E+02    0.68960E+02    0.26215E+03    0.31528E+03
   0.22956E+02    0.69001E+02    0.26356E+03    0.31563E+03
   0.22957E+02    0.69043E+02    0.26495E+03    0.31599E+03
   0.22959E+02    0.69085E+02    0.26633E+03    0.31638E+03
   0.22961E+02    0.69129E+02    0.26801E+03    0.31677E+03
   0.22963E+02    0.69174E+02    0.26956E+03    0.31718E+03
   0.22965E+02    0.69219E+02    0.27109E+03    0.31760E+03
   0.22967E+02    0.69265E+02    0.27260E+03    0.31803E+03
   0.22968E+02    0.69310E+02    0.27410E+03    0.31845E+03
   0.22969E+02    0.69355E+02    0.27555E+03    0.31888E+03
   0.22970E+02    0.69399E+02    0.27702E+03    0.31931E+03
   0.22972E+02    0.69443E+02    0.27847E+03    0.31973E+03
   0.22973E+02    0.69487E+02    0.27992E+03    0.32015E+03
   0.22974E+02    0.69530E+02    0.28136E+03    0.32056E+03
   0.22974E+02    0.69571E+02    0.28244E+03    0.32096E+03
   0.22974E+02    0.69610E+02    0.28366E+03    0.32135E+03
   0.22975E+02    0.69647E+02    0.28490E+03    0.32172E+03
   0.22975E+02    0.69684E+02    0.28613E+03    0.32208E+03
   0.22976E+02    0.69722E+02    0.28735E+03    0.32242E+03
   0.22975E+02    0.69755E+02    0.28799E+03    0.32274E+03
   0.22975E+02    0.69784E+02    0.28887E+03    0.32304E+03
   0.22974E+02    0.69812E+02    0.28977E+03    0.32333E+03
   0.22974E+02    0.69839E+02    0.29068E+03    0.32358E+03
   0.22974E+02    0.69867E+02    0.29158E+03    0.32382E+03
   0.22973E+02    0.69890E+02    0.29176E+03    0.32403E+03
   0.22972E+02    0.69908E+02    0.29224E+03    0.32422E+03
   0.22971E+02    0.69925E+02    0.29276E+03    0.32437E+03
   0.22970E+02    0.69942E+02    0.29328E+03    0.32451E+03
   0.22970E+02    0.69959E+02    0.29380E+03    0.32462E+03
   0.22968E+02    0.69970E+02    0.29358E+03    0.32470E+03
   0.22966E+02    0.69977E+02    0.29366E+03    0.32475E+03
   0.22965E+02    0.69983E+02    0.29379E+03    0.32478E+03
   0.22964E+02    0.69989E+02    0.29392E+03    0.32479E+03
   0.22963E+02    0.69995E+02    0.29405E+03    0.32477E+03
   0.22961E+02    0.69996E+02    0.29350E+03    0.32472E+03
   0.22959E+02    0.69993E+02    0.29324E+03    0.32464E+03
   0.22958E+02    0.69989E+02    0.29301E+03    0.32455E+03
   0.22957E+02    0.69984E+02    0.29279E+03    0.32443E+03
   0.22955E+02    0.69981E+02    0.29257E+03    0.32428E+03
   0.22954E+02    0.69973E+02    0.29181E+03    0.32412E+03
   0.22952E+02    0.69962E+02    0.29127E+03    0.32394E+03
   0.22950E+02    0.69950E+02    0.29077E+03    0.32373E+03
   0.22949E+02    0.69938E+02    0.29027E+03    0.32351E+03
   0.22948E+02    0.69927E+02    0.28977E+03    0.32327E+03
   0.22946E+02    0.69912E+02    0.28892E+03    0.32302E+03
   0.22945E+02    0.69896E+02    0.28821E+03    0.32274E+03
   0.22943E+02    0.69879E+02    0.28752E+03    0.32246E+03
   0.22942E+02    0.69863E+02    0.28684E+03    0.32217E+03
   0.22941E+02    0.69846E+02    0.28616E+03    0.32187E+03
   0.22940E+02    0.69828E+02    0.28533E+03    0.32155E+03
   0.22939E+02    0.69810E+02    0.28457E+03    0.32124E+03
   0.22938E+02    0.69791E+02    0.28381E+03    0.32091E+03
   0.22937E+02    0.69772E+02    0.28306E+03    0.32059E+03
   0.22936E+02    0.69753E+02    0.28231E+03    0.32026E+03
   0.22935E+02    0.69735E+02    0.28161E+03    0.31993E+03
   0.22934E+02    0.69716E+02    0.28089E+03    0.31960E+03
   0.22934E+02    0.69698E+02    0.28017E+03    0.31928E+03
   0.22933E+02    0.69680E+02    0.27946E+03    0.31896E+03
   0.22932E+02    0.69662E+02    0.27874E+03    0.31864E+03
   0.22932E+02    0.69646E+02    0.27826E+03    0.31834E+03
   0.22932E+02    0.69631E+02    0.27769E+03    0.31804E+03
   0.22932E+02    0.69616E+02    0.27711E+03    0.31775E+03
   0.22932E+02    0.69601E+02    0.27652E+03    0.31747E+03
   0.22931E+02    0.69587E+02    0.27594E+03    0.31721E+03
   0.22932E+02    0.69574E+02    0.27573E+03    0.31696E+03
   0.22932E+02    0.69564E+02    0.27537E+03    0.31672E+03
   0.22932E+02    0.69555E+02    0.27499E+03    0.31650E+03
   0.22932E+02    0.69546E+02    0.27461E+03    0.31630E+03
   0.22932E+02    0.69536E+02    0.27423E+03    0.31611E+03
   0.22933E+02    0.69530E+02    0.27431E+03    0.31594E+03
   0.22934E+02    0.69526E+02    0.27421E+03    0.31579E+03
   0.22934E+02    0.69523E+02    0.27407E+03    0.31566E+03
   0.22935E+02    0.69520E+02    0.27394E+03    0.31555E+03
   0.22935E+02    0.69517E+02    0.27381E+03    0.31546E+03
   0.22936E+02    0.69517E+02    0.27415E+03    0.31538E+03
   0.22937E+02    0.69521E+02    0.27430E+03    0.31533E+03
   0.22938E+02    0.69524E+02    0.27442E+03    0.31529E+03
   0.22938E+02    0.69528E+02    0.27453E+03    0.31528E+03
   0.22939E+02    0.69532E+02    0.27465E+03    0.31528E+03
   0.22940E+02    0.69538E+02    0.27520E+03    0.31530E+03
   0.22941E+02    0.69548E+02    0.27557E+03    0.31534E+03
   0.22942E+02    0.69557E+02    0.27592E+03    0.31539E+03
   0.22943E+02    0.69567E+02    0.27626E+03    0.31546E+03
   0.22944E+02    0.69577E+02    0.27660E+03    0.31555E+03
   0.22945E+02    0.69589E+02    0.27728E+03    0.31565E+03
   0.22946E+02    0.69603E+02    0.27782E+03    0.31578E+03
   0.22947E+02    0.69618E+02    0.27833E+03    0.31590E+03
   0.22948E+02    0.69632E+02    0.27884E+03    0.31605E+03
   0.22948E+02    0.69646E+02    0.27935E+03    0.31620E+03
   0.22949E+02    0.69662E+02    0.28007E+03    0.31636E+03
   0.22950E+02    0.69679E+02    0.28070E+03    0.31653E+03
   0.22951E+02    0.69696E+02    0.28132E+03    0.31672E+03
   0.22952E+02    0.69713E+02    0.28193E+03    0.31690E+03
   0.22952E+02    0.69730E+02    0.28253E+03    0.31709E+03
   0.22953E+02    0.69748E+02    0.28320E+03    0.31728E+03
   0.22954E+02    0.69765E+02    0.28384E+03    0.31749E+03
   0.22954E+02    0.69783E+02    0.28448E+03    0.31768E+03
   0.22955E+02    0.69801E+02    0.28511E+03    0.31789E+03
   0.22955E+02    0.69818E+02    0.28574E+03    0.31809E+03
   0.22955E+02    0.69835E+02    0.28629E+03    0.31829E+03
   0.22956E+02    0.69851E+02    0.28687E+03    0.31848E+03
   0.22956E+02    0.69867E+02    0.28745E+03    0.31868E+03
   0.22956E+02    0.69883E+02    0.28803E+03    0.31887E+03
   0.22957E+02    0.69899E+02    0.28861E+03    0.31906E+03
   0.22956E+02    0.69914E+02    0.28899E+03    0.31923E+03
   0.22956E+02    0.69927E+02    0.28945E+03    0.31941E+03
   0.22956E+02    0.69940E+02    0.28992E+03    0.31956E+03
   0.22956E+02    0.69953E+02    0.29039E+03    0.31972E+03
   0.22956E+02    0.69966E+02    0.29086E+03    0.31987E+03
   0.22956E+02    0.69977E+02    0.29105E+03    0.32001E+03
   0.22955E+02    0.69986E+02    0.29135E+03    0.32013E+03
   0.22955E+02    0.69994E+02    0.29167E+03    0.32025E+03
   0.22955E+02    0.70003E+02    0.29199E+03    0.32035E+03
   0.22955E+02    0.70011E+02    0.29231E+03    0.32044E+03
   0.22954E+02    0.70018E+02    0.29231E+03    0.32052E+03
   0.22953E+02    0.70022E+02    0.29245E+03    0.32059E+03
   0.22953E+02    0.70026E+02    0.29260E+03    0.32064E+03
   0.22952E+02    0.70030E+02    0.29275E+03    0.32069E+03
   0.22952E+02    0.70033E+02    0.29290E+03    0.32072E+03
   0.22951E+02    0.70035E+02    0.29274E+03    0.32074E+03
   0.22950E+02    0.70035E+02    0.29271E+03    0.32075E+03
   0.22949E+02    0.70034E+02    0.29269E+03    0.32075E+03
   0.22949E+02    0.70033E+02    0.29268E+03    0.32073E+03
   0.22948E+02    0.70033E+02    0.29267E+03    0.32070E+03
   0.22947E+02    0.70030E+02    0.29239E+03    0.32066E+03
   0.22947E+02    0.70026E+02    0.29222E+03    0.32061E+03
   0.22946E+02    0.70021E+02    0.29207E+03    0.32055E+03
   0.22945E+02    0.70016E+02    0.29192E+03    0.32049E+03
   0.22945E+02    0.70012E+02    0.29177E+03    0.32041E+03
   0.22944E+02    0.70006E+02    0.29142E+03    0.32032E+03
   0.22943E+02    0.69999E+02    0.29116E+03    0.32022E+03
   0.22942E+02    0.69991E+02    0.29091E+03    0.32012E+03
   0.22942E+02    0.69984E+02    0.29066E+03    0.32001E+03
   0.22941E+02    0.69976E+02    0.29041E+03    0.31989E+03
   0.22940E+02    0.69968E+02    0.29005E+03    0.31977E+03
   0.22940E+02    0.69960E+02    0.28974E+03    0.31964E+03
   0.22939E+02    0.69951E+02    0.28943E+03    0.31951E+03
   0.22938E+02    0.69942E+02    0.28913E+03    0.31938E+03
   0.22938E+02    0.69933E+02    0.28883E+03    0.31924E+03
   0.22932E+02    0.69924E+02    0.28852E+03    0.31912E+03
   0.22907E+02    0.69914E+02    0.28822E+03    0.31915E+03
   0.22869E+02    0.69899E+02    0.28797E+03    0.31951E+03
   0.22833E+02    0.69871E+02    0.28782E+03    0.32030E+03
   0.22816E+02    0.69827E+02    0.28779E+03    0.32157E+03
   0.22826E+02    0.69773E+02    0.28792E+03    0.32320E+03
   0.22860E+02    0.69716E+02    0.28804E+03    0.32501E+03
   0.22893E+02    0.69668E+02    0.28808E+03    0.32680E+03
   0.22911E+02    0.69633E+02    0.28802E+03    0.32856E+03
   0.22917E+02    0.69611E+02    0.28788E+03    0.33014E+03
   0.22918E+02    0.69593E+02    0.28788E+03    0.33165E+03
   0.22923E+02    0.69577E+02    0.28782E+03    0.33295E+03
   0.22932E+02    0.69559E+02    0.28777E+03    0.33419E+03
   0.22945E+02    0.69541E+02    0.28772E+03    0.33523E+03
   0.22958E+02    0.69524E+02    0.28766E+03    0.33620E+03
   0.22971E+02    0.69514E+02    0.28790E+03    0.33699E+03
   0.22980E+02    0.69507E+02    0.28799E+03    0.33772E+03
   0.22988E+02    0.69504E+02    0.28804E+03    0.33828E+03
   0.22994E+02    0.69501E+02    0.28810E+03    0.33883E+03
   0.23001E+02    0.69498E+02    0.28815E+03    0.33923E+03
   0.23006E+02    0.69499E+02    0.28897E+03    0.33962E+03
   0.23013E+02    0.69503E+02    0.28949E+03    0.33990E+03
   0.23017E+02    0.69507E+02    0.28997E+03    0.34019E+03
   0.23021E+02    0.69511E+02    0.29045E+03    0.34037E+03
   0.23023E+02    0.69513E+02    0.29094E+03    0.34058E+03
   0.23027E+02    0.69516E+02    0.29181E+03    0.34070E+03
   0.23028E+02    0.69519E+02    0.29255E+03    0.34085E+03
   0.23031E+02    0.69521E+02    0.29327E+03    0.34094E+03
   0.23032E+02    0.69522E+02    0.29401E+03    0.34105E+03
   0.23033E+02    0.69521E+02    0.29475E+03    0.34111E+03
   0.23034E+02    0.69520E+02    0.29561E+03    0.34120E+03
   0.23035E+02    0.69519E+02    0.29643E+03    0.34125E+03
   0.23036E+02    0.69517E+02    0.29726E+03    0.34133E+03
   0.23037E+02    0.69515E+02    0.29808E+03    0.34138E+03
   0.23037E+02    0.69512E+02    0.29891E+03    0.34145E+03
   0.23038E+02    0.69508E+02    0.29956E+03    0.34150E+03
   0.23038E+02    0.69502E+02    0.30028E+03    0.34157E+03
   0.23039E+02    0.69496E+02    0.30101E+03    0.34162E+03
   0.23039E+02    0.69490E+02    0.30175E+03    0.34169E+03
   0.23040E+02    0.69484E+02    0.30249E+03    0.34174E+03
   0.23039E+02    0.69475E+02    0.30269E+03    0.34181E+03
   0.23039E+02    0.69463E+02    0.30311E+03    0.34186E+03
   0.23039E+02    0.69450E+02    0.30356E+03    0.34191E+03
   0.23039E+02    0.69438E+02    0.30402E+03    0.34196E+03
   0.23039E+02    0.69426E+02    0.30447E+03    0.34200E+03
   0.23038E+02    0.69408E+02    0.30400E+03    0.34204E+03
   0.23036E+02    0.69384E+02    0.30392E+03    0.34206E+03
   0.23036E+02    0.69359E+02    0.30389E+03    0.34209E+03
   0.23035E+02    0.69334E+02    0.30387E+03    0.34208E+03
   0.23034E+02    0.69310E+02    0.30385E+03    0.34208E+03
   0.23031E+02    0.69276E+02    0.30252E+03    0.34205E+03
   0.23028E+02    0.69234E+02    0.30175E+03    0.34202E+03
   0.23026E+02    0.69190E+02    0.30105E+03    0.34194E+03
   0.23024E+02    0.69145E+02    0.30037E+03    0.34188E+03
   0.23021E+02    0.69100E+02    0.29969E+03    0.34176E+03
   0.23017E+02    0.69043E+02    0.29740E+03    0.34166E+03
   0.23012E+02    0.68976E+02    0.29579E+03    0.34149E+03
   0.23008E+02    0.68906E+02    0.29428E+03    0.34134E+03
   0.23004E+02    0.68835E+02    0.29278E+03    0.34111E+03
   0.23000E+02    0.68764E+02    0.29129E+03    0.34091E+03
   0.22994E+02    0.68680E+02    0.28803E+03    0.34062E+03
   0.22988E+02    0.68584E+02    0.28551E+03    0.34036E+03
   0.22982E+02    0.68485E+02    0.28309E+03    0.34002E+03
   0.22977E+02    0.68384E+02    0.28069E+03    0.33970E+03
   0.22972E+02    0.68284E+02    0.27829E+03    0.33929E+03
   0.22965E+02    0.68170E+02    0.27418E+03    0.33891E+03
   0.22958E+02    0.68046E+02    0.27076E+03    0.33843E+03
   0.22951E+02    0.67918E+02    0.26744E+03    0.33797E+03
   0.22946E+02    0.67789E+02    0.26413E+03    0.33743E+03
   0.22941E+02    0.67660E+02    0.26080E+03    0.33690E+03
   0.22933E+02    0.67521E+02    0.25605E+03    0.33629E+03
   0.22926E+02    0.67372E+02    0.25186E+03    0.33569E+03
   0.22920E+02    0.67221E+02    0.24773E+03    0.33500E+03
   0.22915E+02    0.67069E+02    0.24361E+03    0.33434E+03
   0.22909E+02    0.66917E+02    0.23947E+03    0.33358E+03
   0.22903E+02    0.66759E+02    0.23437E+03    0.33286E+03
   0.22897E+02    0.66594E+02    0.22963E+03    0.33204E+03
   0.22891E+02    0.66428E+02    0.22492E+03    0.33126E+03
   0.22887E+02    0.66262E+02    0.22021E+03    0.33038E+03
   0.22882E+02    0.66096E+02    0.21547E+03    0.32954E+03
   0.22877E+02    0.65928E+02    0.21041E+03    0.32861E+03
   0.22873E+02    0.65758E+02    0.20546E+03    0.32773E+03
   0.22869E+02    0.65589E+02    0.20050E+03    0.32676E+03
   0.22865E+02    0.65420E+02    0.19552E+03    0.32584E+03
   0.22862E+02    0.65251E+02    0.19052E+03    0.32484E+03
   0.22860E+02    0.65087E+02    0.18597E+03    0.32389E+03
   0.22857E+02    0.64926E+02    0.18121E+03    0.32287E+03
   0.22855E+02    0.64767E+02    0.17642E+03    0.32191E+03
   0.22853E+02    0.64610E+02    0.17160E+03    0.32087E+03
   0.22851E+02    0.64453E+02    0.16677E+03    0.31991E+03
   0.22851E+02    0.64306E+02    0.16321E+03    0.31888E+03
   0.22851E+02    0.64169E+02    0.15913E+03    0.31793E+03
   0.22850E+02    0.64036E+02    0.15497E+03    0.31692E+03
   0.22850E+02    0.63905E+02    0.15079E+03    0.31600E+03
   0.22849E+02    0.63775E+02    0.14661E+03    0.31502E+03
   0.22852E+02    0.63661E+02    0.14448E+03    0.31414E+03
   0.22854E+02    0.63563E+02    0.14154E+03    0.31321E+03
   0.22856E+02    0.63470E+02    0.13848E+03    0.31239E+03
   0.22857E+02    0.63381E+02    0.13541E+03    0.31152E+03
   0.22858E+02    0.63292E+02    0.13234E+03    0.31076E+03
   0.22862E+02    0.63226E+02    0.13196E+03    0.30998E+03
   0.22867E+02    0.63178E+02    0.13053E+03    0.30931E+03
   0.22870E+02    0.63138E+02    0.12895E+03    0.30861E+03
   0.22872E+02    0.63101E+02    0.12735E+03    0.30803E+03
   0.22874E+02    0.63066E+02    0.12575E+03    0.30744E+03
   0.22880E+02    0.63055E+02    0.12723E+03    0.30697E+03
   0.22887E+02    0.63067E+02    0.12749E+03    0.30649E+03
   0.22891E+02    0.63085E+02    0.12759E+03    0.30613E+03
   0.22895E+02    0.63107E+02    0.12766E+03    0.30577E+03
   0.22898E+02    0.63131E+02    0.12773E+03    0.30553E+03
   0.22905E+02    0.63179E+02    0.13087E+03    0.30530E+03
   0.22912E+02    0.63248E+02    0.13278E+03    0.30518E+03
   0.22917E+02    0.63324E+02    0.13451E+03    0.30508E+03
   0.22922E+02    0.63404E+02    0.13620E+03    0.30508E+03
   0.22925E+02    0.63484E+02    0.13787E+03    0.30509E+03
   0.22933E+02    0.63584E+02    0.14223E+03    0.30521E+03
   0.22940E+02    0.63703E+02    0.14548E+03    0.30536E+03
   0.22946E+02    0.63827E+02    0.14855E+03    0.30559E+03
   0.22950E+02    0.63952E+02    0.15157E+03    0.30585E+03
   0.22955E+02    0.64078E+02    0.15456E+03    0.30619E+03
   0.22961E+02    0.64217E+02    0.15949E+03    0.30655E+03
   0.22968E+02    0.64369E+02    0.16358E+03    0.30699E+03
   0.22973E+02    0.64524E+02    0.16753E+03    0.30746E+03
   0.22978E+02    0.64678E+02    0.17141E+03    0.30797E+03
   0.22982E+02    0.64832E+02    0.17524E+03    0.30852E+03
   0.22988E+02    0.64992E+02    0.18008E+03    0.30911E+03
   0.22993E+02    0.65157E+02    0.18445E+03    0.30972E+03
   0.22998E+02    0.65322E+02    0.18871E+03    0.31037E+03
   0.23002E+02    0.65486E+02    0.19291E+03    0.31104E+03
   0.23006E+02    0.65649E+02    0.19706E+03    0.31173E+03
   0.23010E+02    0.65810E+02    0.20125E+03    0.31243E+03
   0.23014E+02    0.65969E+02    0.20536E+03    0.31315E+03
   0.23018E+02    0.66126E+02    0.20943E+03    0.31388E+03
   0.23021E+02    0.66282E+02    0.21344E+03    0.31461E+03
   0.23025E+02    0.66435E+02    0.21742E+03    0.31534E+03
   0.23027E+02    0.66581E+02    0.22061E+03    0.31607E+03
   0.23029E+02    0.66719E+02    0.22408E+03    0.31680E+03
   0.23032E+02    0.66855E+02    0.22755E+03    0.31750E+03
   0.23034E+02    0.66987E+02    0.23099E+03    0.31822E+03
   0.23037E+02    0.67118E+02    0.23440E+03    0.31890E+03
   0.23037E+02    0.67238E+02    0.23646E+03    0.31957E+03
   0.23038E+02    0.67346E+02    0.23903E+03    0.32021E+03
   0.23039E+02    0.67451E+02    0.24166E+03    0.32085E+03
   0.23041E+02    0.67553E+02    0.24429E+03    0.32144E+03
   0.23042E+02    0.67654E+02    0.24689E+03    0.32202E+03
   0.23041E+02    0.67741E+02    0.24782E+03    0.32255E+03
   0.23040E+02    0.67816E+02    0.24941E+03    0.32307E+03
   0.23040E+02    0.67887E+02    0.25110E+03    0.32354E+03
   0.23041E+02    0.67956E+02    0.25278E+03    0.32400E+03
   0.23041E+02    0.68024E+02    0.25446E+03    0.32439E+03
   0.23040E+02    0.68077E+02    0.25437E+03    0.32478E+03
   0.23038E+02    0.68119E+02    0.25500E+03    0.32510E+03
   0.23037E+02    0.68156E+02    0.25573E+03    0.32541E+03
   0.23036E+02    0.68192E+02    0.25647E+03    0.32566E+03
   0.23036E+02    0.68227E+02    0.25721E+03    0.32589E+03
   0.23033E+02    0.68249E+02    0.25626E+03    0.32606E+03
   0.23030E+02    0.68259E+02    0.25600E+03    0.32621E+03
   0.23028E+02    0.68267E+02    0.25584E+03    0.32631E+03
   0.23027E+02    0.68272E+02    0.25570E+03    0.32639E+03
   0.23026E+02    0.68277E+02    0.25557E+03    0.32641E+03
