   0.26383E+02    0.68820E+01    0.18776E+02    0.16567E+01
   0.26383E+02    0.68820E+01    0.18776E+02    0.16567E+01
   0.24883E+02    0.62820E+01    0.17276E+02    0.15067E+01
   0.24883E+02    0.62820E+01    0.17276E+02    0.15067E+01
   0.25443E+02    0.61760E+01    0.16796E+02    0.14519E+01
   0.25443E+02    0.61760E+01    0.16796E+02    0.14519E+01
   0.25874E+02    0.60038E+01    0.16745E+02    0.14423E+01
   0.25874E+02    0.60038E+01    0.16745E+02    0.14423E+01
   0.25940E+02    0.60228E+01    0.16360E+02    0.14203E+01
   0.25940E+02    0.60228E+01    0.16360E+02    0.14203E+01
   0.26118E+02    0.60845E+01    0.15852E+02    0.13986E+01
   0.26118E+02    0.60845E+01    0.15852E+02    0.13986E+01
   0.26342E+02    0.61833E+01    0.15507E+02    0.13832E+01
   0.26342E+02    0.61833E+01    0.15507E+02    0.13832E+01
   0.26483E+02    0.62320E+01    0.15310E+02    0.13733E+01
   0.26483E+02    0.62320E+01    0.15310E+02    0.13733E+01
   0.26544E+02    0.62611E+01    0.15184E+02    0.13655E+01
   0.26544E+02    0.62611E+01    0.15184E+02    0.13655E+01
   0.26562E+02    0.62831E+01    0.15133E+02    0.13601E+01
   0.26562E+02    0.62831E+01    0.15133E+02    0.13601E+01
   0.26526E+02    0.63186E+01    0.15167E+02    0.13580E+01
   0.26526E+02    0.63186E+01    0.15167E+02    0.13580E+01
   0.26419E+02    0.63672E+01    0.15285E+02    0.13592E+01
   0.26419E+02    0.63672E+01    0.15285E+02    0.13592E+01
   0.26237E+02    0.64277E+01    0.15484E+02    0.13639E+01
   0.26237E+02    0.64277E+01    0.15484E+02    0.13639E+01
   0.25979E+02    0.64943E+01    0.15767E+02    0.13724E+01
   0.25979E+02    0.64943E+01    0.15767E+02    0.13724E+01
   0.25641E+02    0.65635E+01    0.16138E+02    0.13845E+01
   0.25641E+02    0.65635E+01    0.16138E+02    0.13845E+01
   0.25222E+02    0.66334E+01    0.16591E+02    0.14000E+01
   0.25222E+02    0.66334E+01    0.16591E+02    0.14000E+01
   0.24723E+02    0.67042E+01    0.17123E+02    0.14185E+01
   0.24723E+02    0.67042E+01    0.17123E+02    0.14185E+01
   0.24146E+02    0.67758E+01    0.17724E+02    0.14393E+01
   0.24146E+02    0.67758E+01    0.17724E+02    0.14393E+01
   0.23497E+02    0.68476E+01    0.18385E+02    0.14620E+01
   0.23497E+02    0.68476E+01    0.18385E+02    0.14620E+01
   0.22784E+02    0.69182E+01    0.19093E+02    0.14858E+01
   0.22784E+02    0.69182E+01    0.19093E+02    0.14858E+01
   0.22018E+02    0.69855E+01    0.19830E+02    0.15099E+01
   0.22018E+02    0.69855E+01    0.19830E+02    0.15099E+01
   0.21213E+02    0.70471E+01    0.20578E+02    0.15337E+01
   0.21213E+02    0.70471E+01    0.20578E+02    0.15337E+01
   0.20387E+02    0.71007E+01    0.21316E+02    0.15564E+01
   0.20387E+02    0.71007E+01    0.21316E+02    0.15564E+01
   0.19556E+02    0.71442E+01    0.22021E+02    0.15775E+01
   0.19556E+02    0.71442E+01    0.22021E+02    0.15775E+01
   0.18738E+02    0.71761E+01    0.22672E+02    0.15966E+01
   0.18738E+02    0.71761E+01    0.22672E+02    0.15966E+01
   0.17952E+02    0.71953E+01    0.23249E+02    0.16136E+01
   0.17952E+02    0.71953E+01    0.23249E+02    0.16136E+01
   0.17212E+02    0.72014E+01    0.23736E+02    0.16284E+01
   0.17212E+02    0.72014E+01    0.23736E+02    0.16284E+01
   0.16533E+02    0.71951E+01    0.24122E+02    0.16410E+01
   0.16533E+02    0.71951E+01    0.24122E+02    0.16410E+01
   0.15925E+02    0.71770E+01    0.24398E+02    0.16517E+01
   0.15925E+02    0.71770E+01    0.24398E+02    0.16517E+01
   0.15395E+02    0.71491E+01    0.24562E+02    0.16608E+01
   0.15395E+02    0.71491E+01    0.24562E+02    0.16608E+01
   0.14950E+02    0.71129E+01    0.24614E+02    0.16684E+01
   0.14950E+02    0.71129E+01    0.24614E+02    0.16684E+01
   0.14592E+02    0.70705E+01    0.24558E+02    0.16750E+01
   0.14592E+02    0.70705E+01    0.24558E+02    0.16750E+01
   0.14320E+02    0.70238E+01    0.24402E+02    0.16808E+01
   0.14320E+02    0.70238E+01    0.24402E+02    0.16808E+01
   0.14133E+02    0.69742E+01    0.24155E+02    0.16861E+01
   0.14133E+02    0.69742E+01    0.24155E+02    0.16861E+01
   0.14027E+02    0.69235E+01    0.23827E+02    0.16910E+01
   0.14027E+02    0.69235E+01    0.23827E+02    0.16910E+01
   0.13999E+02    0.68737E+01    0.23430E+02    0.16957E+01
   0.13999E+02    0.68737E+01    0.23430E+02    0.16957E+01
   0.14048E+02    0.68253E+01    0.22976E+02    0.17002E+01
   0.14048E+02    0.68253E+01    0.22976E+02    0.17002E+01
   0.14169E+02    0.67780E+01    0.22475E+02    0.17044E+01
   0.14169E+02    0.67780E+01    0.22475E+02    0.17044E+01
   0.14354E+02    0.67326E+01    0.21935E+02    0.17082E+01
   0.14354E+02    0.67326E+01    0.21935E+02    0.17082E+01
   0.14600E+02    0.66902E+01    0.21368E+02    0.17115E+01
   0.14600E+02    0.66902E+01    0.21368E+02    0.17115E+01
   0.14903E+02    0.66518E+01    0.20785E+02    0.17141E+01
   0.14903E+02    0.66518E+01    0.20785E+02    0.17141E+01
   0.15256E+02    0.66179E+01    0.20196E+02    0.17158E+01
   0.15256E+02    0.66179E+01    0.20196E+02    0.17158E+01
   0.15655E+02    0.65888E+01    0.19613E+02    0.17164E+01
   0.15655E+02    0.65888E+01    0.19613E+02    0.17164E+01
   0.16094E+02    0.65644E+01    0.19047E+02    0.17158E+01
   0.16094E+02    0.65644E+01    0.19047E+02    0.17158E+01
   0.16567E+02    0.65447E+01    0.18506E+02    0.17137E+01
   0.16567E+02    0.65447E+01    0.18506E+02    0.17137E+01
   0.17067E+02    0.65298E+01    0.18000E+02    0.17102E+01
   0.17067E+02    0.65298E+01    0.18000E+02    0.17102E+01
   0.17587E+02    0.65195E+01    0.17537E+02    0.17053E+01
   0.17587E+02    0.65195E+01    0.17537E+02    0.17053E+01
   0.18115E+02    0.65122E+01    0.17117E+02    0.16987E+01
   0.18115E+02    0.65122E+01    0.17117E+02    0.16987E+01
   0.18634E+02    0.65065E+01    0.16742E+02    0.16904E+01
   0.18634E+02    0.65065E+01    0.16742E+02    0.16904E+01
   0.19135E+02    0.65031E+01    0.16413E+02    0.16808E+01
   0.19135E+02    0.65031E+01    0.16413E+02    0.16808E+01
   0.19608E+02    0.65037E+01    0.16133E+02    0.16704E+01
   0.19608E+02    0.65037E+01    0.16133E+02    0.16704E+01
   0.20044E+02    0.65097E+01    0.15906E+02    0.16598E+01
   0.20044E+02    0.65097E+01    0.15906E+02    0.16598E+01
   0.20436E+02    0.65221E+01    0.15735E+02    0.16497E+01
   0.20436E+02    0.65221E+01    0.15735E+02    0.16497E+01
   0.20777E+02    0.65406E+01    0.15624E+02    0.16406E+01
   0.20777E+02    0.65406E+01    0.15624E+02    0.16406E+01
   0.21061E+02    0.65647E+01    0.15577E+02    0.16332E+01
   0.21061E+02    0.65647E+01    0.15577E+02    0.16332E+01
   0.21286E+02    0.65942E+01    0.15593E+02    0.16277E+01
   0.21286E+02    0.65942E+01    0.15593E+02    0.16277E+01
   0.21450E+02    0.66288E+01    0.15676E+02    0.16246E+01
   0.21450E+02    0.66288E+01    0.15676E+02    0.16246E+01
   0.21551E+02    0.66682E+01    0.15826E+02    0.16242E+01
   0.21551E+02    0.66682E+01    0.15826E+02    0.16242E+01
   0.21590E+02    0.67121E+01    0.16042E+02    0.16264E+01
   0.21590E+02    0.67121E+01    0.16042E+02    0.16264E+01
   0.21569E+02    0.67600E+01    0.16324E+02    0.16314E+01
   0.21569E+02    0.67600E+01    0.16324E+02    0.16314E+01
   0.21489E+02    0.68110E+01    0.16667E+02    0.16389E+01
   0.21489E+02    0.68110E+01    0.16667E+02    0.16389E+01
   0.21354E+02    0.68635E+01    0.17068E+02    0.16484E+01
   0.21354E+02    0.68635E+01    0.17068E+02    0.16484E+01
   0.21167E+02    0.69160E+01    0.17517E+02    0.16596E+01
   0.21167E+02    0.69160E+01    0.17517E+02    0.16596E+01
   0.20934E+02    0.69672E+01    0.18005E+02    0.16718E+01
   0.20934E+02    0.69672E+01    0.18005E+02    0.16718E+01
   0.20661E+02    0.70156E+01    0.18519E+02    0.16846E+01
   0.20661E+02    0.70156E+01    0.18519E+02    0.16846E+01
   0.20356E+02    0.70600E+01    0.19048E+02    0.16973E+01
   0.20356E+02    0.70600E+01    0.19048E+02    0.16973E+01
   0.20028E+02    0.70991E+01    0.19575E+02    0.17095E+01
   0.20028E+02    0.70991E+01    0.19575E+02    0.17095E+01
   0.19687E+02    0.71316E+01    0.20087E+02    0.17207E+01
   0.19687E+02    0.71316E+01    0.20087E+02    0.17207E+01
   0.19340E+02    0.71562E+01    0.20570E+02    0.17308E+01
   0.19340E+02    0.71562E+01    0.20570E+02    0.17308E+01
   0.18998E+02    0.71723E+01    0.21009E+02    0.17395E+01
   0.18998E+02    0.71723E+01    0.21009E+02    0.17395E+01
   0.18668E+02    0.71792E+01    0.21394E+02    0.17469E+01
   0.18668E+02    0.71792E+01    0.21394E+02    0.17469E+01
   0.18357E+02    0.71772E+01    0.21716E+02    0.17529E+01
   0.18357E+02    0.71772E+01    0.21716E+02    0.17529E+01
   0.18072E+02    0.71669E+01    0.21968E+02    0.17577E+01
   0.18072E+02    0.71669E+01    0.21968E+02    0.17577E+01
   0.17817E+02    0.71489E+01    0.22145E+02    0.17614E+01
   0.17817E+02    0.71489E+01    0.22145E+02    0.17614E+01
   0.17597E+02    0.71248E+01    0.22246E+02    0.17643E+01
   0.17597E+02    0.71248E+01    0.22246E+02    0.17643E+01
   0.17413E+02    0.70956E+01    0.22273E+02    0.17664E+01
   0.17413E+02    0.70956E+01    0.22273E+02    0.17664E+01
   0.17269E+02    0.70627E+01    0.22228E+02    0.17679E+01
   0.17269E+02    0.70627E+01    0.22228E+02    0.17679E+01
   0.17166E+02    0.70274E+01    0.22115E+02    0.17690E+01
   0.17166E+02    0.70274E+01    0.22115E+02    0.17690E+01
   0.17103E+02    0.69906E+01    0.21940E+02    0.17696E+01
   0.17103E+02    0.69906E+01    0.21940E+02    0.17696E+01
   0.17082E+02    0.69535E+01    0.21711E+02    0.17699E+01
   0.17082E+02    0.69535E+01    0.21711E+02    0.17699E+01
   0.17102E+02    0.69167E+01    0.21435E+02    0.17698E+01
   0.17102E+02    0.69167E+01    0.21435E+02    0.17698E+01
   0.17161E+02    0.68811E+01    0.21121E+02    0.17693E+01
   0.17161E+02    0.68811E+01    0.21121E+02    0.17693E+01
   0.17258E+02    0.68471E+01    0.20776E+02    0.17683E+01
   0.17258E+02    0.68471E+01    0.20776E+02    0.17683E+01
   0.17391E+02    0.68154E+01    0.20411E+02    0.17668E+01
   0.17391E+02    0.68154E+01    0.20411E+02    0.17668E+01
   0.17558E+02    0.67862E+01    0.20032E+02    0.17648E+01
   0.17558E+02    0.67862E+01    0.20032E+02    0.17648E+01
   0.17755E+02    0.67600E+01    0.19648E+02    0.17622E+01
   0.17755E+02    0.67600E+01    0.19648E+02    0.17622E+01
   0.17978E+02    0.67370E+01    0.19268E+02    0.17590E+01
   0.17978E+02    0.67370E+01    0.19268E+02    0.17590E+01
   0.18224E+02    0.67173E+01    0.18898E+02    0.17551E+01
   0.18224E+02    0.67173E+01    0.18898E+02    0.17551E+01
   0.18489E+02    0.67011E+01    0.18544E+02    0.17507E+01
   0.18489E+02    0.67011E+01    0.18544E+02    0.17507E+01
   0.18768E+02    0.66884E+01    0.18214E+02    0.17458E+01
   0.18768E+02    0.66884E+01    0.18214E+02    0.17458E+01
   0.19055E+02    0.66794E+01    0.17911E+02    0.17405E+01
   0.19055E+02    0.66794E+01    0.17911E+02    0.17405E+01
   0.19346E+02    0.66740E+01    0.17640E+02    0.17350E+01
   0.19346E+02    0.66740E+01    0.17640E+02    0.17350E+01
   0.19636E+02    0.66720E+01    0.17404E+02    0.17293E+01
   0.19636E+02    0.66720E+01    0.17404E+02    0.17293E+01
   0.19920E+02    0.66736E+01    0.17206E+02    0.17237E+01
   0.19920E+02    0.66736E+01    0.17206E+02    0.17237E+01
   0.20194E+02    0.66784E+01    0.17047E+02    0.17182E+01
   0.20194E+02    0.66784E+01    0.17047E+02    0.17182E+01
   0.20452E+02    0.66864E+01    0.16929E+02    0.17132E+01
   0.20452E+02    0.66864E+01    0.16929E+02    0.17132E+01
   0.20692E+02    0.66974E+01    0.16852E+02    0.17087E+01
   0.20692E+02    0.66974E+01    0.16852E+02    0.17087E+01
   0.20908E+02    0.67112E+01    0.16815E+02    0.17049E+01
   0.20908E+02    0.67112E+01    0.16815E+02    0.17049E+01
   0.21099E+02    0.67274E+01    0.16817E+02    0.17018E+01
   0.21099E+02    0.67274E+01    0.16817E+02    0.17018E+01
   0.21262E+02    0.67458E+01    0.16858E+02    0.16997E+01
   0.21262E+02    0.67458E+01    0.16858E+02    0.16997E+01
   0.21395E+02    0.67662E+01    0.16935E+02    0.16984E+01
   0.21395E+02    0.67662E+01    0.16935E+02    0.16984E+01
   0.21496E+02    0.67879E+01    0.17046E+02    0.16981E+01
   0.21496E+02    0.67879E+01    0.17046E+02    0.16981E+01
   0.21566E+02    0.68108E+01    0.17188E+02    0.16986E+01
   0.21566E+02    0.68108E+01    0.17188E+02    0.16986E+01
   0.21603E+02    0.68343E+01    0.17358E+02    0.17000E+01
   0.21603E+02    0.68343E+01    0.17358E+02    0.17000E+01
   0.21610E+02    0.68579E+01    0.17552E+02    0.17022E+01
   0.21610E+02    0.68579E+01    0.17552E+02    0.17022E+01
   0.21586E+02    0.68813E+01    0.17765E+02    0.17050E+01
   0.21586E+02    0.68813E+01    0.17765E+02    0.17050E+01
   0.21533E+02    0.69038E+01    0.17993E+02    0.17084E+01
   0.21533E+02    0.69038E+01    0.17993E+02    0.17084E+01
   0.21454E+02    0.69251E+01    0.18231E+02    0.17121E+01
   0.21454E+02    0.69251E+01    0.18231E+02    0.17121E+01
   0.21352E+02    0.69445E+01    0.18474E+02    0.17162E+01
   0.21352E+02    0.69445E+01    0.18474E+02    0.17162E+01
   0.21229E+02    0.69618E+01    0.18716E+02    0.17204E+01
   0.21229E+02    0.69618E+01    0.18716E+02    0.17204E+01
   0.21089E+02    0.69764E+01    0.18952E+02    0.17246E+01
   0.21089E+02    0.69764E+01    0.18952E+02    0.17246E+01
   0.20935E+02    0.69882E+01    0.19177E+02    0.17288E+01
   0.20935E+02    0.69882E+01    0.19177E+02    0.17288E+01
   0.20772E+02    0.69969E+01    0.19386E+02    0.17328E+01
   0.20772E+02    0.69969E+01    0.19386E+02    0.17328E+01
   0.20602E+02    0.70023E+01    0.19576E+02    0.17366E+01
   0.20602E+02    0.70023E+01    0.19576E+02    0.17366E+01
   0.20430E+02    0.70045E+01    0.19741E+02    0.17401E+01
   0.20430E+02    0.70045E+01    0.19741E+02    0.17401E+01
   0.20259E+02    0.70035E+01    0.19879E+02    0.17434E+01
   0.20259E+02    0.70035E+01    0.19879E+02    0.17434E+01
   0.20093E+02    0.69995E+01    0.19989E+02    0.17464E+01
   0.20093E+02    0.69995E+01    0.19989E+02    0.17464E+01
   0.19934E+02    0.69927E+01    0.20067E+02    0.17490E+01
   0.19934E+02    0.69927E+01    0.20067E+02    0.17490E+01
   0.19785E+02    0.69834E+01    0.20114E+02    0.17513E+01
   0.19785E+02    0.69834E+01    0.20114E+02    0.17513E+01
   0.19649E+02    0.69722E+01    0.20131E+02    0.17532E+01
   0.19649E+02    0.69722E+01    0.20131E+02    0.17532E+01
   0.19528E+02    0.69591E+01    0.20116E+02    0.17549E+01
   0.19528E+02    0.69591E+01    0.20116E+02    0.17549E+01
   0.19423E+02    0.69448E+01    0.20073E+02    0.17562E+01
   0.19423E+02    0.69448E+01    0.20073E+02    0.17562E+01
   0.19336E+02    0.69296E+01    0.20004E+02    0.17572E+01
   0.19336E+02    0.69296E+01    0.20004E+02    0.17572E+01
   0.19268E+02    0.69139E+01    0.19910E+02    0.17579E+01
   0.19268E+02    0.69139E+01    0.19910E+02    0.17579E+01
   0.19218E+02    0.68980E+01    0.19796E+02    0.17583E+01
   0.19218E+02    0.68980E+01    0.19796E+02    0.17583E+01
   0.19188E+02    0.68823E+01    0.19664E+02    0.17583E+01
   0.19188E+02    0.68823E+01    0.19664E+02    0.17583E+01
   0.19177E+02    0.68672E+01    0.19518E+02    0.17581E+01
   0.19177E+02    0.68672E+01    0.19518E+02    0.17581E+01
   0.19184E+02    0.68528E+01    0.19361E+02    0.17575E+01
   0.19184E+02    0.68528E+01    0.19361E+02    0.17575E+01
   0.19208E+02    0.68394E+01    0.19198E+02    0.17567E+01
   0.19208E+02    0.68394E+01    0.19198E+02    0.17567E+01
   0.19248E+02    0.68273E+01    0.19033E+02    0.17556E+01
   0.19248E+02    0.68273E+01    0.19033E+02    0.17556E+01
   0.19303E+02    0.68166E+01    0.18867E+02    0.17543E+01
   0.19303E+02    0.68166E+01    0.18867E+02    0.17543E+01
   0.19370E+02    0.68074E+01    0.18706E+02    0.17528E+01
   0.19370E+02    0.68074E+01    0.18706E+02    0.17528E+01
   0.19448E+02    0.67998E+01    0.18552E+02    0.17511E+01
   0.19448E+02    0.67998E+01    0.18552E+02    0.17511E+01
   0.19534E+02    0.67940E+01    0.18407E+02    0.17492E+01
   0.19534E+02    0.67940E+01    0.18407E+02    0.17492E+01
   0.19627E+02    0.67899E+01    0.18275E+02    0.17473E+01
   0.19627E+02    0.67899E+01    0.18275E+02    0.17473E+01
   0.19724E+02    0.67875E+01    0.18156E+02    0.17454E+01
   0.19724E+02    0.67875E+01    0.18156E+02    0.17454E+01
   0.19823E+02    0.67868E+01    0.18054E+02    0.17434E+01
   0.19823E+02    0.67868E+01    0.18054E+02    0.17434E+01
   0.19921E+02    0.67878E+01    0.17968E+02    0.17416E+01
   0.19921E+02    0.67878E+01    0.17968E+02    0.17416E+01
   0.20018E+02    0.67904E+01    0.17901E+02    0.17399E+01
   0.20018E+02    0.67904E+01    0.17901E+02    0.17399E+01
   0.20110E+02    0.67944E+01    0.17852E+02    0.17383E+01
   0.20110E+02    0.67944E+01    0.17852E+02    0.17383E+01
   0.20196E+02    0.67999E+01    0.17822E+02    0.17370E+01
   0.20196E+02    0.67999E+01    0.17822E+02    0.17370E+01
   0.20275E+02    0.68065E+01    0.17810E+02    0.17359E+01
   0.20275E+02    0.68065E+01    0.17810E+02    0.17359E+01
   0.20345E+02    0.68142E+01    0.17816E+02    0.17351E+01
   0.20345E+02    0.68142E+01    0.17816E+02    0.17351E+01
   0.20405E+02    0.68228E+01    0.17840E+02    0.17345E+01
   0.20405E+02    0.68228E+01    0.17840E+02    0.17345E+01
   0.20454E+02    0.68320E+01    0.17879E+02    0.17342E+01
   0.20454E+02    0.68320E+01    0.17879E+02    0.17342E+01
   0.20493E+02    0.68418E+01    0.17934E+02    0.17342E+01
   0.20493E+02    0.68418E+01    0.17934E+02    0.17342E+01
   0.20520E+02    0.68518E+01    0.18001E+02    0.17345E+01
   0.20520E+02    0.68518E+01    0.18001E+02    0.17345E+01
   0.20535E+02    0.68619E+01    0.18080E+02    0.17350E+01
   0.20535E+02    0.68619E+01    0.18080E+02    0.17350E+01
   0.20540E+02    0.68719E+01    0.18167E+02    0.17357E+01
   0.20540E+02    0.68719E+01    0.18167E+02    0.17357E+01
   0.20534E+02    0.68816E+01    0.18262E+02    0.17366E+01
   0.20534E+02    0.68816E+01    0.18262E+02    0.17366E+01
   0.20517E+02    0.68907E+01    0.18362E+02    0.17375E+01
   0.20517E+02    0.68907E+01    0.18362E+02    0.17375E+01
   0.20491E+02    0.68991E+01    0.18465E+02    0.17386E+01
   0.20491E+02    0.68991E+01    0.18465E+02    0.17386E+01
   0.20458E+02    0.69066E+01    0.18568E+02    0.17398E+01
   0.20458E+02    0.69066E+01    0.18568E+02    0.17398E+01
   0.20417E+02    0.69132E+01    0.18670E+02    0.17409E+01
   0.20417E+02    0.69132E+01    0.18670E+02    0.17409E+01
   0.20370E+02    0.69187E+01    0.18768E+02    0.17421E+01
   0.20370E+02    0.69187E+01    0.18768E+02    0.17421E+01
   0.20318E+02    0.69230E+01    0.18860E+02    0.17432E+01
   0.20318E+02    0.69230E+01    0.18860E+02    0.17432E+01
   0.20263E+02    0.69261E+01    0.18945E+02    0.17442E+01
   0.20263E+02    0.69261E+01    0.18945E+02    0.17442E+01
   0.20206E+02    0.69280E+01    0.19021E+02    0.17451E+01
   0.20206E+02    0.69280E+01    0.19021E+02    0.17451E+01
   0.20148E+02    0.69287E+01    0.19088E+02    0.17460E+01
   0.20148E+02    0.69287E+01    0.19088E+02    0.17460E+01
   0.20090E+02    0.69282E+01    0.19143E+02    0.17467E+01
   0.20090E+02    0.69282E+01    0.19143E+02    0.17467E+01
   0.20034E+02    0.69267E+01    0.19187E+02    0.17473E+01
   0.20034E+02    0.69267E+01    0.19187E+02    0.17473E+01
   0.19980E+02    0.69242E+01    0.19219E+02    0.17477E+01
   0.19980E+02    0.69242E+01    0.19219E+02    0.17477E+01
   0.19930E+02    0.69209E+01    0.19239E+02    0.17481E+01
   0.19930E+02    0.69209E+01    0.19239E+02    0.17481E+01
   0.19883E+02    0.69169E+01    0.19248E+02    0.17483E+01
   0.19883E+02    0.69169E+01    0.19248E+02    0.17483E+01
   0.19841E+02    0.69123E+01    0.19245E+02    0.17484E+01
   0.19841E+02    0.69123E+01    0.19245E+02    0.17484E+01
   0.19805E+02    0.69072E+01    0.19232E+02    0.17483E+01
   0.19805E+02    0.69072E+01    0.19232E+02    0.17483E+01
   0.19774E+02    0.69018E+01    0.19210E+02    0.17482E+01
   0.19774E+02    0.69018E+01    0.19210E+02    0.17482E+01
   0.19749E+02    0.68964E+01    0.19179E+02    0.17479E+01
   0.19749E+02    0.68964E+01    0.19179E+02    0.17479E+01
   0.19729E+02    0.68909E+01    0.19141E+02    0.17476E+01
   0.19729E+02    0.68909E+01    0.19141E+02    0.17476E+01
   0.19716E+02    0.68855E+01    0.19097E+02    0.17472E+01
   0.19716E+02    0.68855E+01    0.19097E+02    0.17472E+01
   0.19708E+02    0.68803E+01    0.19049E+02    0.17467E+01
   0.19708E+02    0.68803E+01    0.19049E+02    0.17467E+01
   0.19705E+02    0.68755E+01    0.18997E+02    0.17462E+01
   0.19705E+02    0.68755E+01    0.18997E+02    0.17462E+01
   0.19707E+02    0.68710E+01    0.18944E+02    0.17456E+01
   0.19707E+02    0.68710E+01    0.18944E+02    0.17456E+01
   0.19714E+02    0.68671E+01    0.18889E+02    0.17449E+01
   0.19714E+02    0.68671E+01    0.18889E+02    0.17449E+01
   0.19725E+02    0.68637E+01    0.18836E+02    0.17443E+01
   0.19725E+02    0.68637E+01    0.18836E+02    0.17443E+01
   0.19739E+02    0.68609E+01    0.18785E+02    0.17436E+01
   0.19739E+02    0.68609E+01    0.18785E+02    0.17436E+01
   0.19757E+02    0.68587E+01    0.18736E+02    0.17429E+01
   0.19757E+02    0.68587E+01    0.18736E+02    0.17429E+01
   0.19776E+02    0.68571E+01    0.18691E+02    0.17422E+01
   0.19776E+02    0.68571E+01    0.18691E+02    0.17422E+01
   0.19797E+02    0.68561E+01    0.18651E+02    0.17416E+01
   0.19797E+02    0.68561E+01    0.18651E+02    0.17416E+01
   0.19818E+02    0.68558E+01    0.18616E+02    0.17410E+01
   0.19818E+02    0.68558E+01    0.18616E+02    0.17410E+01
   0.19840E+02    0.68560E+01    0.18587E+02    0.17404E+01
   0.19840E+02    0.68560E+01    0.18587E+02    0.17404E+01
   0.19862E+02    0.68568E+01    0.18564E+02    0.17399E+01
   0.19862E+02    0.68568E+01    0.18564E+02    0.17399E+01
   0.19882E+02    0.68581E+01    0.18547E+02    0.17395E+01
   0.19882E+02    0.68581E+01    0.18547E+02    0.17395E+01
   0.19902E+02    0.68599E+01    0.18536E+02    0.17391E+01
   0.19902E+02    0.68599E+01    0.18536E+02    0.17391E+01
   0.19919E+02    0.68620E+01    0.18532E+02    0.17388E+01
   0.19919E+02    0.68620E+01    0.18532E+02    0.17388E+01
   0.19935E+02    0.68645E+01    0.18533E+02    0.17386E+01
   0.19935E+02    0.68645E+01    0.18533E+02    0.17386E+01
   0.19948E+02    0.68673E+01    0.18541E+02    0.17384E+01
   0.19948E+02    0.68673E+01    0.18541E+02    0.17384E+01
   0.19958E+02    0.68702E+01    0.18553E+02    0.17384E+01
   0.19958E+02    0.68702E+01    0.18553E+02    0.17384E+01
   0.19966E+02    0.68733E+01    0.18570E+02    0.17383E+01
   0.19966E+02    0.68733E+01    0.18570E+02    0.17383E+01
   0.19971E+02    0.68764E+01    0.18591E+02    0.17384E+01
   0.19971E+02    0.68764E+01    0.18591E+02    0.17384E+01
   0.19973E+02    0.68794E+01    0.18615E+02    0.17385E+01
   0.19973E+02    0.68794E+01    0.18615E+02    0.17385E+01
   0.19973E+02    0.68824E+01    0.18642E+02    0.17386E+01
   0.19973E+02    0.68824E+01    0.18642E+02    0.17386E+01
   0.19970E+02    0.68852E+01    0.18671E+02    0.17388E+01
   0.19970E+02    0.68852E+01    0.18671E+02    0.17388E+01
   0.19965E+02    0.68879E+01    0.18701E+02    0.17390E+01
   0.19965E+02    0.68879E+01    0.18701E+02    0.17390E+01
   0.19958E+02    0.68902E+01    0.18732E+02    0.17392E+01
   0.19958E+02    0.68902E+01    0.18732E+02    0.17392E+01
   0.19949E+02    0.68923E+01    0.18762E+02    0.17395E+01
   0.19949E+02    0.68923E+01    0.18762E+02    0.17395E+01
   0.19938E+02    0.68940E+01    0.18792E+02    0.17397E+01
   0.19938E+02    0.68940E+01    0.18792E+02    0.17397E+01
   0.19927E+02    0.68953E+01    0.18819E+02    0.17399E+01
   0.19927E+02    0.68953E+01    0.18819E+02    0.17399E+01
   0.19915E+02    0.68963E+01    0.18845E+02    0.17400E+01
   0.19915E+02    0.68963E+01    0.18845E+02    0.17400E+01
   0.19903E+02    0.68969E+01    0.18868E+02    0.17402E+01
   0.19903E+02    0.68969E+01    0.18868E+02    0.17402E+01
   0.19890E+02    0.68972E+01    0.18888E+02    0.17403E+01
   0.19890E+02    0.68972E+01    0.18888E+02    0.17403E+01
   0.19878E+02    0.68971E+01    0.18905E+02    0.17404E+01
   0.19878E+02    0.68971E+01    0.18905E+02    0.17404E+01
   0.19867E+02    0.68966E+01    0.18918E+02    0.17404E+01
   0.19867E+02    0.68966E+01    0.18918E+02    0.17404E+01
   0.19857E+02    0.68958E+01    0.18928E+02    0.17404E+01
   0.19857E+02    0.68958E+01    0.18928E+02    0.17404E+01
   0.19915E+02    0.68949E+01    0.18934E+02    0.17403E+01
   0.19915E+02    0.68949E+01    0.18934E+02    0.17403E+01
   0.20209E+02    0.68947E+01    0.18936E+02    0.17399E+01
   0.20209E+02    0.68947E+01    0.18936E+02    0.17399E+01
   0.20677E+02    0.68964E+01    0.18933E+02    0.17384E+01
   0.20677E+02    0.68964E+01    0.18933E+02    0.17384E+01
   0.21135E+02    0.69001E+01    0.18928E+02    0.17354E+01
   0.21135E+02    0.69001E+01    0.18928E+02    0.17354E+01
   0.21573E+02    0.69012E+01    0.18919E+02    0.17307E+01
   0.21573E+02    0.69012E+01    0.18919E+02    0.17307E+01
   0.21988E+02    0.68956E+01    0.18903E+02    0.17243E+01
   0.21988E+02    0.68956E+01    0.18903E+02    0.17243E+01
   0.22374E+02    0.68850E+01    0.18873E+02    0.17168E+01
   0.22374E+02    0.68850E+01    0.18873E+02    0.17168E+01
   0.22727E+02    0.68732E+01    0.18832E+02    0.17087E+01
   0.22727E+02    0.68732E+01    0.18832E+02    0.17087E+01
   0.23045E+02    0.68634E+01    0.18782E+02    0.17008E+01
   0.23045E+02    0.68634E+01    0.18782E+02    0.17008E+01
   0.23324E+02    0.68568E+01    0.18728E+02    0.16933E+01
   0.23324E+02    0.68568E+01    0.18728E+02    0.16933E+01
   0.23560E+02    0.68535E+01    0.18675E+02    0.16866E+01
   0.23560E+02    0.68535E+01    0.18675E+02    0.16866E+01
   0.23751E+02    0.68529E+01    0.18627E+02    0.16811E+01
   0.23751E+02    0.68529E+01    0.18627E+02    0.16811E+01
   0.23896E+02    0.68544E+01    0.18589E+02    0.16768E+01
   0.23896E+02    0.68544E+01    0.18589E+02    0.16768E+01
   0.23996E+02    0.68579E+01    0.18565E+02    0.16739E+01
   0.23996E+02    0.68579E+01    0.18565E+02    0.16739E+01
   0.24048E+02    0.68632E+01    0.18556E+02    0.16725E+01
   0.24048E+02    0.68632E+01    0.18556E+02    0.16725E+01
   0.24054E+02    0.68703E+01    0.18565E+02    0.16726E+01
   0.24054E+02    0.68703E+01    0.18565E+02    0.16726E+01
   0.24013E+02    0.68793E+01    0.18592E+02    0.16743E+01
   0.24013E+02    0.68793E+01    0.18592E+02    0.16743E+01
   0.23927E+02    0.68899E+01    0.18639E+02    0.16776E+01
   0.23927E+02    0.68899E+01    0.18639E+02    0.16776E+01
   0.23797E+02    0.69018E+01    0.18704E+02    0.16825E+01
   0.23797E+02    0.69018E+01    0.18704E+02    0.16825E+01
   0.23624E+02    0.69147E+01    0.18789E+02    0.16889E+01
   0.23624E+02    0.69147E+01    0.18789E+02    0.16889E+01
   0.23410E+02    0.69282E+01    0.18891E+02    0.16968E+01
   0.23410E+02    0.69282E+01    0.18891E+02    0.16968E+01
   0.23158E+02    0.69420E+01    0.19009E+02    0.17061E+01
   0.23158E+02    0.69420E+01    0.19009E+02    0.17061E+01
   0.22871E+02    0.69559E+01    0.19140E+02    0.17167E+01
   0.22871E+02    0.69559E+01    0.19140E+02    0.17167E+01
   0.22554E+02    0.69697E+01    0.19284E+02    0.17285E+01
   0.22554E+02    0.69697E+01    0.19284E+02    0.17285E+01
   0.22213E+02    0.69842E+01    0.19439E+02    0.17417E+01
   0.22213E+02    0.69842E+01    0.19439E+02    0.17417E+01
   0.21856E+02    0.69992E+01    0.19604E+02    0.17561E+01
   0.21856E+02    0.69992E+01    0.19604E+02    0.17561E+01
   0.21487E+02    0.70137E+01    0.19775E+02    0.17713E+01
   0.21487E+02    0.70137E+01    0.19775E+02    0.17713E+01
   0.21113E+02    0.70265E+01    0.19948E+02    0.17871E+01
   0.21113E+02    0.70265E+01    0.19948E+02    0.17871E+01
   0.20739E+02    0.70367E+01    0.20118E+02    0.18033E+01
   0.20739E+02    0.70367E+01    0.20118E+02    0.18033E+01
   0.20373E+02    0.70438E+01    0.20278E+02    0.18196E+01
   0.20373E+02    0.70438E+01    0.20278E+02    0.18196E+01
   0.20019E+02    0.70476E+01    0.20425E+02    0.18357E+01
   0.20019E+02    0.70476E+01    0.20425E+02    0.18357E+01
   0.19685E+02    0.70477E+01    0.20551E+02    0.18515E+01
   0.19685E+02    0.70477E+01    0.20551E+02    0.18515E+01
   0.19374E+02    0.70442E+01    0.20652E+02    0.18667E+01
   0.19374E+02    0.70442E+01    0.20652E+02    0.18667E+01
   0.19090E+02    0.70371E+01    0.20724E+02    0.18812E+01
   0.19090E+02    0.70371E+01    0.20724E+02    0.18812E+01
   0.18837E+02    0.70264E+01    0.20764E+02    0.18950E+01
   0.18837E+02    0.70264E+01    0.20764E+02    0.18950E+01
   0.18617E+02    0.70123E+01    0.20769E+02    0.19079E+01
   0.18617E+02    0.70123E+01    0.20769E+02    0.19079E+01
   0.18430E+02    0.69952E+01    0.20737E+02    0.19200E+01
   0.18430E+02    0.69952E+01    0.20737E+02    0.19200E+01
   0.18279E+02    0.69761E+01    0.20670E+02    0.19314E+01
   0.18279E+02    0.69761E+01    0.20670E+02    0.19314E+01
   0.18163E+02    0.69558E+01    0.20570E+02    0.19420E+01
   0.18163E+02    0.69558E+01    0.20570E+02    0.19420E+01
   0.18081E+02    0.69351E+01    0.20440E+02    0.19520E+01
   0.18081E+02    0.69351E+01    0.20440E+02    0.19520E+01
   0.18035E+02    0.69146E+01    0.20284E+02    0.19615E+01
   0.18035E+02    0.69146E+01    0.20284E+02    0.19615E+01
   0.18021E+02    0.68946E+01    0.20107E+02    0.19704E+01
   0.18021E+02    0.68946E+01    0.20107E+02    0.19704E+01
   0.18039E+02    0.68753E+01    0.19912E+02    0.19789E+01
   0.18039E+02    0.68753E+01    0.19912E+02    0.19789E+01
   0.18086E+02    0.68571E+01    0.19706E+02    0.19869E+01
   0.18086E+02    0.68571E+01    0.19706E+02    0.19869E+01
   0.18161E+02    0.68404E+01    0.19491E+02    0.19945E+01
   0.18161E+02    0.68404E+01    0.19491E+02    0.19945E+01
   0.18262E+02    0.68251E+01    0.19274E+02    0.20017E+01
   0.18262E+02    0.68251E+01    0.19274E+02    0.20017E+01
   0.18386E+02    0.68112E+01    0.19057E+02    0.20083E+01
   0.18386E+02    0.68112E+01    0.19057E+02    0.20083E+01
   0.18528E+02    0.67989E+01    0.18844E+02    0.20146E+01
   0.18528E+02    0.67989E+01    0.18844E+02    0.20146E+01
   0.18687E+02    0.67886E+01    0.18639E+02    0.20206E+01
   0.18687E+02    0.67886E+01    0.18639E+02    0.20206E+01
   0.18858E+02    0.67803E+01    0.18445E+02    0.20262E+01
   0.18858E+02    0.67803E+01    0.18445E+02    0.20262E+01
   0.19038E+02    0.67741E+01    0.18265E+02    0.20316E+01
   0.19038E+02    0.67741E+01    0.18265E+02    0.20316E+01
   0.19223E+02    0.67702E+01    0.18102E+02    0.20368E+01
   0.19223E+02    0.67702E+01    0.18102E+02    0.20368E+01
   0.19409E+02    0.67685E+01    0.17959E+02    0.20420E+01
   0.19409E+02    0.67685E+01    0.17959E+02    0.20420E+01
   0.19592E+02    0.67689E+01    0.17838E+02    0.20472E+01
   0.19592E+02    0.67689E+01    0.17838E+02    0.20472E+01
   0.19770E+02    0.67715E+01    0.17740E+02    0.20525E+01
   0.19770E+02    0.67715E+01    0.17740E+02    0.20525E+01
   0.19939E+02    0.67761E+01    0.17666E+02    0.20581E+01
   0.19939E+02    0.67761E+01    0.17666E+02    0.20581E+01
   0.20095E+02    0.67827E+01    0.17617E+02    0.20640E+01
   0.20095E+02    0.67827E+01    0.17617E+02    0.20640E+01
   0.20236E+02    0.67911E+01    0.17593E+02    0.20702E+01
   0.20236E+02    0.67911E+01    0.17593E+02    0.20702E+01
   0.20360E+02    0.68010E+01    0.17594E+02    0.20770E+01
   0.20360E+02    0.68010E+01    0.17594E+02    0.20770E+01
   0.20464E+02    0.68123E+01    0.17620E+02    0.20842E+01
   0.20464E+02    0.68123E+01    0.17620E+02    0.20842E+01
   0.20548E+02    0.68248E+01    0.17668E+02    0.20920E+01
   0.20548E+02    0.68248E+01    0.17668E+02    0.20920E+01
   0.20610E+02    0.68382E+01    0.17739E+02    0.21004E+01
   0.20610E+02    0.68382E+01    0.17739E+02    0.21004E+01
   0.20649E+02    0.68523E+01    0.17829E+02    0.21094E+01
   0.20649E+02    0.68523E+01    0.17829E+02    0.21094E+01
   0.20666E+02    0.68667E+01    0.17937E+02    0.21189E+01
   0.20666E+02    0.68667E+01    0.17937E+02    0.21189E+01
   0.20661E+02    0.68812E+01    0.18060E+02    0.21289E+01
   0.20661E+02    0.68812E+01    0.18060E+02    0.21289E+01
   0.20634E+02    0.68955E+01    0.18196E+02    0.21394E+01
   0.20634E+02    0.68955E+01    0.18196E+02    0.21394E+01
   0.20586E+02    0.69093E+01    0.18341E+02    0.21503E+01
   0.20586E+02    0.69093E+01    0.18341E+02    0.21503E+01
   0.20520E+02    0.69222E+01    0.18493E+02    0.21615E+01
   0.20520E+02    0.69222E+01    0.18493E+02    0.21615E+01
   0.20437E+02    0.69341E+01    0.18648E+02    0.21729E+01
   0.20437E+02    0.69341E+01    0.18648E+02    0.21729E+01
   0.20338E+02    0.69445E+01    0.18803E+02    0.21844E+01
   0.20338E+02    0.69445E+01    0.18803E+02    0.21844E+01
   0.20228E+02    0.69535E+01    0.18955E+02    0.21960E+01
   0.20228E+02    0.69535E+01    0.18955E+02    0.21960E+01
   0.20108E+02    0.69606E+01    0.19100E+02    0.22075E+01
   0.20108E+02    0.69606E+01    0.19100E+02    0.22075E+01
   0.19981E+02    0.69659E+01    0.19235E+02    0.22190E+01
   0.19981E+02    0.69659E+01    0.19235E+02    0.22190E+01
   0.19850E+02    0.69692E+01    0.19358E+02    0.22302E+01
   0.19850E+02    0.69692E+01    0.19358E+02    0.22302E+01
   0.19718E+02    0.69704E+01    0.19466E+02    0.22412E+01
   0.19718E+02    0.69704E+01    0.19466E+02    0.22412E+01
   0.19587E+02    0.69697E+01    0.19557E+02    0.22519E+01
   0.19587E+02    0.69697E+01    0.19557E+02    0.22519E+01
   0.19460E+02    0.69670E+01    0.19630E+02    0.22623E+01
   0.19460E+02    0.69670E+01    0.19630E+02    0.22623E+01
   0.19339E+02    0.69626E+01    0.19682E+02    0.22723E+01
   0.19339E+02    0.69626E+01    0.19682E+02    0.22723E+01
   0.19227E+02    0.69565E+01    0.19715E+02    0.22818E+01
   0.19227E+02    0.69565E+01    0.19715E+02    0.22818E+01
   0.19126E+02    0.69488E+01    0.19727E+02    0.22910E+01
   0.19126E+02    0.69488E+01    0.19727E+02    0.22910E+01
   0.19037E+02    0.69400E+01    0.19718E+02    0.22997E+01
   0.19037E+02    0.69400E+01    0.19718E+02    0.22997E+01
   0.18961E+02    0.69301E+01    0.19690E+02    0.23079E+01
   0.18961E+02    0.69301E+01    0.19690E+02    0.23079E+01
   0.18900E+02    0.69195E+01    0.19643E+02    0.23157E+01
   0.18900E+02    0.69195E+01    0.19643E+02    0.23157E+01
   0.18854E+02    0.69083E+01    0.19579E+02    0.23230E+01
   0.18854E+02    0.69083E+01    0.19579E+02    0.23230E+01
   0.18824E+02    0.68969E+01    0.19500E+02    0.23298E+01
   0.18824E+02    0.68969E+01    0.19500E+02    0.23298E+01
   0.18809E+02    0.68854E+01    0.19407E+02    0.23362E+01
   0.18809E+02    0.68854E+01    0.19407E+02    0.23362E+01
   0.18810E+02    0.68742E+01    0.19304E+02    0.23422E+01
   0.18810E+02    0.68742E+01    0.19304E+02    0.23422E+01
   0.18825E+02    0.68633E+01    0.19191E+02    0.23477E+01
   0.18825E+02    0.68633E+01    0.19191E+02    0.23477E+01
   0.18854E+02    0.68530E+01    0.19073E+02    0.23529E+01
   0.18854E+02    0.68530E+01    0.19073E+02    0.23529E+01
   0.18896E+02    0.68435E+01    0.18951E+02    0.23576E+01
   0.18896E+02    0.68435E+01    0.18951E+02    0.23576E+01
   0.18949E+02    0.68349E+01    0.18828E+02    0.23620E+01
   0.18949E+02    0.68349E+01    0.18828E+02    0.23620E+01
   0.19012E+02    0.68273E+01    0.18707E+02    0.23661E+01
   0.19012E+02    0.68273E+01    0.18707E+02    0.23661E+01
   0.19084E+02    0.68209E+01    0.18588E+02    0.23699E+01
   0.19084E+02    0.68209E+01    0.18588E+02    0.23699E+01
   0.19162E+02    0.68156E+01    0.18476E+02    0.23735E+01
   0.19162E+02    0.68156E+01    0.18476E+02    0.23735E+01
   0.19244E+02    0.68117E+01    0.18371E+02    0.23768E+01
   0.19244E+02    0.68117E+01    0.18371E+02    0.23768E+01
   0.19330E+02    0.68089E+01    0.18275E+02    0.23801E+01
   0.19330E+02    0.68089E+01    0.18275E+02    0.23801E+01
   0.19416E+02    0.68075E+01    0.18190E+02    0.23832E+01
   0.19416E+02    0.68075E+01    0.18190E+02    0.23832E+01
   0.19502E+02    0.68074E+01    0.18117E+02    0.23864E+01
   0.19502E+02    0.68074E+01    0.18117E+02    0.23864E+01
   0.19584E+02    0.68085E+01    0.18057E+02    0.23895E+01
   0.19584E+02    0.68085E+01    0.18057E+02    0.23895E+01
   0.19663E+02    0.68108E+01    0.18011E+02    0.23928E+01
   0.19663E+02    0.68108E+01    0.18011E+02    0.23928E+01
   0.19735E+02    0.68141E+01    0.17978E+02    0.23961E+01
   0.19735E+02    0.68141E+01    0.17978E+02    0.23961E+01
   0.19801E+02    0.68185E+01    0.17960E+02    0.23997E+01
   0.19801E+02    0.68185E+01    0.17960E+02    0.23997E+01
   0.19858E+02    0.68238E+01    0.17956E+02    0.24034E+01
   0.19858E+02    0.68238E+01    0.17956E+02    0.24034E+01
   0.19905E+02    0.68299E+01    0.17965E+02    0.24073E+01
   0.19905E+02    0.68299E+01    0.17965E+02    0.24073E+01
   0.19942E+02    0.68366E+01    0.17988E+02    0.24115E+01
   0.19942E+02    0.68366E+01    0.17988E+02    0.24115E+01
   0.19969E+02    0.68438E+01    0.18023E+02    0.24159E+01
   0.19969E+02    0.68438E+01    0.18023E+02    0.24159E+01
   0.19984E+02    0.68514E+01    0.18069E+02    0.24206E+01
   0.19984E+02    0.68514E+01    0.18069E+02    0.24206E+01
   0.19989E+02    0.68592E+01    0.18125E+02    0.24255E+01
   0.19989E+02    0.68592E+01    0.18125E+02    0.24255E+01
   0.19982E+02    0.68671E+01    0.18190E+02    0.24305E+01
   0.19982E+02    0.68671E+01    0.18190E+02    0.24305E+01
   0.19965E+02    0.68748E+01    0.18261E+02    0.24358E+01
   0.19965E+02    0.68748E+01    0.18261E+02    0.24358E+01
   0.19938E+02    0.68823E+01    0.18339E+02    0.24412E+01
   0.19938E+02    0.68823E+01    0.18339E+02    0.24412E+01
   0.19902E+02    0.68893E+01    0.18420E+02    0.24467E+01
   0.19902E+02    0.68893E+01    0.18420E+02    0.24467E+01
   0.19858E+02    0.68958E+01    0.18503E+02    0.24522E+01
   0.19858E+02    0.68958E+01    0.18503E+02    0.24522E+01
   0.19806E+02    0.69016E+01    0.18587E+02    0.24578E+01
   0.19806E+02    0.69016E+01    0.18587E+02    0.24578E+01
   0.19749E+02    0.69067E+01    0.18670E+02    0.24633E+01
   0.19749E+02    0.69067E+01    0.18670E+02    0.24633E+01
   0.19687E+02    0.69109E+01    0.18749E+02    0.24688E+01
   0.19687E+02    0.69109E+01    0.18749E+02    0.24688E+01
   0.19621E+02    0.69142E+01    0.18824E+02    0.24741E+01
   0.19621E+02    0.69142E+01    0.18824E+02    0.24741E+01
   0.19553E+02    0.69165E+01    0.18893E+02    0.24793E+01
   0.19553E+02    0.69165E+01    0.18893E+02    0.24793E+01
   0.19485E+02    0.69179E+01    0.18956E+02    0.24844E+01
   0.19485E+02    0.69179E+01    0.18956E+02    0.24844E+01
   0.19418E+02    0.69183E+01    0.19010E+02    0.24892E+01
   0.19418E+02    0.69183E+01    0.19010E+02    0.24892E+01
   0.19352E+02    0.69178E+01    0.19055E+02    0.24938E+01
   0.19352E+02    0.69178E+01    0.19055E+02    0.24938E+01
   0.19289E+02    0.69164E+01    0.19091E+02    0.24981E+01
   0.19289E+02    0.69164E+01    0.19091E+02    0.24981E+01
   0.19231E+02    0.69141E+01    0.19117E+02    0.25022E+01
   0.19231E+02    0.69141E+01    0.19117E+02    0.25022E+01
   0.19177E+02    0.69112E+01    0.19133E+02    0.25061E+01
   0.19177E+02    0.69112E+01    0.19133E+02    0.25061E+01
   0.19129E+02    0.69076E+01    0.19139E+02    0.25096E+01
   0.19129E+02    0.69076E+01    0.19139E+02    0.25096E+01
   0.19088E+02    0.69035E+01    0.19136E+02    0.25129E+01
   0.19088E+02    0.69035E+01    0.19136E+02    0.25129E+01
   0.19054E+02    0.68990E+01    0.19123E+02    0.25159E+01
   0.19054E+02    0.68990E+01    0.19123E+02    0.25159E+01
   0.19026E+02    0.68942E+01    0.19102E+02    0.25187E+01
   0.19026E+02    0.68942E+01    0.19102E+02    0.25187E+01
   0.19006E+02    0.68892E+01    0.19074E+02    0.25213E+01
   0.19006E+02    0.68892E+01    0.19074E+02    0.25213E+01
   0.18994E+02    0.68842E+01    0.19038E+02    0.25236E+01
   0.18994E+02    0.68842E+01    0.19038E+02    0.25236E+01
   0.18988E+02    0.68792E+01    0.18998E+02    0.25257E+01
   0.18988E+02    0.68792E+01    0.18998E+02    0.25257E+01
   0.18990E+02    0.68744E+01    0.18952E+02    0.25275E+01
   0.18990E+02    0.68744E+01    0.18952E+02    0.25275E+01
   0.18998E+02    0.68699E+01    0.18904E+02    0.25293E+01
   0.18998E+02    0.68699E+01    0.18904E+02    0.25293E+01
   0.19012E+02    0.68656E+01    0.18853E+02    0.25308E+01
   0.19012E+02    0.68656E+01    0.18853E+02    0.25308E+01
   0.19031E+02    0.68618E+01    0.18802E+02    0.25322E+01
   0.19031E+02    0.68618E+01    0.18802E+02    0.25322E+01
   0.19055E+02    0.68585E+01    0.18751E+02    0.25336E+01
   0.19055E+02    0.68585E+01    0.18751E+02    0.25336E+01
   0.19083E+02    0.68557E+01    0.18701E+02    0.25348E+01
   0.19083E+02    0.68557E+01    0.18701E+02    0.25348E+01
   0.19114E+02    0.68535E+01    0.18653E+02    0.25360E+01
   0.19114E+02    0.68535E+01    0.18653E+02    0.25360E+01
   0.19147E+02    0.68519E+01    0.18609E+02    0.25371E+01
   0.19147E+02    0.68519E+01    0.18609E+02    0.25371E+01
   0.19182E+02    0.68509E+01    0.18569E+02    0.25383E+01
   0.19182E+02    0.68509E+01    0.18569E+02    0.25383E+01
   0.19217E+02    0.68505E+01    0.18534E+02    0.25395E+01
   0.19217E+02    0.68505E+01    0.18534E+02    0.25395E+01
   0.19252E+02    0.68507E+01    0.18504E+02    0.25407E+01
   0.19252E+02    0.68507E+01    0.18504E+02    0.25407E+01
   0.19285E+02    0.68515E+01    0.18481E+02    0.25420E+01
   0.19285E+02    0.68515E+01    0.18481E+02    0.25420E+01
   0.19317E+02    0.68528E+01    0.18463E+02    0.25434E+01
   0.19317E+02    0.68528E+01    0.18463E+02    0.25434E+01
   0.19346E+02    0.68547E+01    0.18452E+02    0.25449E+01
   0.19346E+02    0.68547E+01    0.18452E+02    0.25449E+01
   0.19372E+02    0.68570E+01    0.18448E+02    0.25465E+01
   0.19372E+02    0.68570E+01    0.18448E+02    0.25465E+01
   0.19395E+02    0.68598E+01    0.18450E+02    0.25483E+01
   0.19395E+02    0.68598E+01    0.18450E+02    0.25483E+01
   0.19413E+02    0.68628E+01    0.18458E+02    0.25502E+01
   0.19413E+02    0.68628E+01    0.18458E+02    0.25502E+01
   0.19427E+02    0.68662E+01    0.18472E+02    0.25523E+01
   0.19427E+02    0.68662E+01    0.18472E+02    0.25523E+01
   0.19436E+02    0.68698E+01    0.18492E+02    0.25545E+01
   0.19436E+02    0.68698E+01    0.18492E+02    0.25545E+01
   0.19440E+02    0.68735E+01    0.18517E+02    0.25568E+01
   0.19440E+02    0.68735E+01    0.18517E+02    0.25568E+01
   0.19440E+02    0.68772E+01    0.18546E+02    0.25593E+01
   0.19440E+02    0.68772E+01    0.18546E+02    0.25593E+01
   0.19435E+02    0.68809E+01    0.18579E+02    0.25619E+01
   0.19435E+02    0.68809E+01    0.18579E+02    0.25619E+01
   0.19425E+02    0.68846E+01    0.18615E+02    0.25646E+01
   0.19425E+02    0.68846E+01    0.18615E+02    0.25646E+01
   0.19412E+02    0.68880E+01    0.18653E+02    0.25674E+01
   0.19412E+02    0.68880E+01    0.18653E+02    0.25674E+01
   0.19395E+02    0.68913E+01    0.18692E+02    0.25703E+01
   0.19395E+02    0.68913E+01    0.18692E+02    0.25703E+01
   0.19374E+02    0.68943E+01    0.18732E+02    0.25732E+01
   0.19374E+02    0.68943E+01    0.18732E+02    0.25732E+01
   0.19350E+02    0.68969E+01    0.18772E+02    0.25762E+01
   0.19350E+02    0.68969E+01    0.18772E+02    0.25762E+01
   0.19324E+02    0.68992E+01    0.18811E+02    0.25792E+01
   0.19324E+02    0.68992E+01    0.18811E+02    0.25792E+01
   0.19297E+02    0.69010E+01    0.18848E+02    0.25822E+01
   0.19297E+02    0.69010E+01    0.18848E+02    0.25822E+01
   0.19268E+02    0.69025E+01    0.18883E+02    0.25852E+01
   0.19268E+02    0.69025E+01    0.18883E+02    0.25852E+01
   0.19238E+02    0.69034E+01    0.18915E+02    0.25882E+01
   0.19238E+02    0.69034E+01    0.18915E+02    0.25882E+01
   0.19209E+02    0.69040E+01    0.18943E+02    0.25911E+01
   0.19209E+02    0.69040E+01    0.18943E+02    0.25911E+01
   0.19180E+02    0.69041E+01    0.18968E+02    0.25940E+01
   0.19180E+02    0.69041E+01    0.18968E+02    0.25940E+01
   0.19152E+02    0.69037E+01    0.18988E+02    0.25968E+01
   0.19152E+02    0.69037E+01    0.18988E+02    0.25968E+01
   0.19126E+02    0.69030E+01    0.19004E+02    0.25996E+01
   0.19126E+02    0.69030E+01    0.19004E+02    0.25996E+01
   0.19102E+02    0.69019E+01    0.19015E+02    0.26022E+01
   0.19102E+02    0.69019E+01    0.19015E+02    0.26022E+01
   0.19080E+02    0.69005E+01    0.19021E+02    0.26048E+01
   0.19080E+02    0.69005E+01    0.19021E+02    0.26048E+01
   0.19061E+02    0.68987E+01    0.19023E+02    0.26073E+01
   0.19061E+02    0.68987E+01    0.19023E+02    0.26073E+01
   0.19045E+02    0.68968E+01    0.19020E+02    0.26096E+01
   0.19045E+02    0.68968E+01    0.19020E+02    0.26096E+01
   0.19032E+02    0.68946E+01    0.19014E+02    0.26119E+01
   0.19032E+02    0.68946E+01    0.19014E+02    0.26119E+01
   0.19023E+02    0.68923E+01    0.19003E+02    0.26142E+01
   0.19023E+02    0.68923E+01    0.19003E+02    0.26142E+01
   0.19017E+02    0.68900E+01    0.18989E+02    0.26163E+01
   0.19017E+02    0.68900E+01    0.18989E+02    0.26163E+01
   0.19014E+02    0.68876E+01    0.18971E+02    0.26183E+01
   0.19014E+02    0.68876E+01    0.18971E+02    0.26183E+01
   0.19014E+02    0.68852E+01    0.18951E+02    0.26203E+01
   0.19014E+02    0.68852E+01    0.18951E+02    0.26203E+01
   0.19018E+02    0.68829E+01    0.18929E+02    0.26223E+01
   0.19018E+02    0.68829E+01    0.18929E+02    0.26223E+01
   0.19025E+02    0.68807E+01    0.18906E+02    0.26241E+01
   0.19025E+02    0.68807E+01    0.18906E+02    0.26241E+01
   0.19034E+02    0.68786E+01    0.18881E+02    0.26260E+01
   0.19034E+02    0.68786E+01    0.18881E+02    0.26260E+01
   0.19045E+02    0.68768E+01    0.18856E+02    0.26278E+01
   0.19045E+02    0.68768E+01    0.18856E+02    0.26278E+01
   0.19059E+02    0.68751E+01    0.18831E+02    0.26296E+01
   0.19059E+02    0.68751E+01    0.18831E+02    0.26296E+01
   0.19074E+02    0.68738E+01    0.18807E+02    0.26313E+01
   0.19074E+02    0.68738E+01    0.18807E+02    0.26313E+01
   0.19090E+02    0.68726E+01    0.18784E+02    0.26331E+01
   0.19090E+02    0.68726E+01    0.18784E+02    0.26331E+01
   0.19107E+02    0.68718E+01    0.18762E+02    0.26349E+01
   0.19107E+02    0.68718E+01    0.18762E+02    0.26349E+01
   0.19125E+02    0.68712E+01    0.18743E+02    0.26368E+01
   0.19125E+02    0.68712E+01    0.18743E+02    0.26368E+01
   0.19143E+02    0.68710E+01    0.18725E+02    0.26386E+01
   0.19143E+02    0.68710E+01    0.18725E+02    0.26386E+01
   0.19160E+02    0.68710E+01    0.18710E+02    0.26405E+01
   0.19160E+02    0.68710E+01    0.18710E+02    0.26405E+01
   0.19177E+02    0.68712E+01    0.18698E+02    0.26425E+01
   0.19177E+02    0.68712E+01    0.18698E+02    0.26425E+01
   0.19192E+02    0.68718E+01    0.18688E+02    0.26445E+01
   0.19192E+02    0.68718E+01    0.18688E+02    0.26445E+01
   0.19207E+02    0.68725E+01    0.18682E+02    0.26466E+01
   0.19207E+02    0.68725E+01    0.18682E+02    0.26466E+01
   0.19219E+02    0.68735E+01    0.18679E+02    0.26488E+01
   0.19219E+02    0.68735E+01    0.18679E+02    0.26488E+01
   0.19230E+02    0.68747E+01    0.18678E+02    0.26511E+01
   0.19230E+02    0.68747E+01    0.18678E+02    0.26511E+01
   0.19239E+02    0.68760E+01    0.18681E+02    0.26534E+01
   0.19239E+02    0.68760E+01    0.18681E+02    0.26534E+01
   0.19245E+02    0.68775E+01    0.18686E+02    0.26558E+01
   0.19245E+02    0.68775E+01    0.18686E+02    0.26558E+01
   0.19250E+02    0.68790E+01    0.18694E+02    0.26583E+01
   0.19250E+02    0.68790E+01    0.18694E+02    0.26583E+01
   0.19252E+02    0.68806E+01    0.18704E+02    0.26609E+01
   0.19252E+02    0.68806E+01    0.18704E+02    0.26609E+01
   0.19251E+02    0.68822E+01    0.18716E+02    0.26635E+01
   0.19251E+02    0.68822E+01    0.18716E+02    0.26635E+01
   0.19249E+02    0.68838E+01    0.18730E+02    0.26662E+01
   0.19249E+02    0.68838E+01    0.18730E+02    0.26662E+01
   0.19244E+02    0.68854E+01    0.18745E+02    0.26690E+01
   0.19244E+02    0.68854E+01    0.18745E+02    0.26690E+01
   0.19176E+02    0.68867E+01    0.18761E+02    0.26718E+01
   0.19176E+02    0.68867E+01    0.18761E+02    0.26718E+01
   0.18888E+02    0.68873E+01    0.18777E+02    0.26750E+01
   0.18888E+02    0.68873E+01    0.18777E+02    0.26750E+01
   0.18440E+02    0.68866E+01    0.18795E+02    0.26789E+01
   0.18440E+02    0.68866E+01    0.18795E+02    0.26789E+01
   0.18003E+02    0.68846E+01    0.18813E+02    0.26840E+01
   0.18003E+02    0.68846E+01    0.18813E+02    0.26840E+01
   0.17586E+02    0.68852E+01    0.18833E+02    0.26903E+01
   0.17586E+02    0.68852E+01    0.18833E+02    0.26903E+01
   0.17191E+02    0.68912E+01    0.18859E+02    0.26978E+01
   0.17191E+02    0.68912E+01    0.18859E+02    0.26978E+01
   0.16825E+02    0.69009E+01    0.18894E+02    0.27060E+01
   0.16825E+02    0.69009E+01    0.18894E+02    0.27060E+01
   0.16492E+02    0.69108E+01    0.18938E+02    0.27142E+01
   0.16492E+02    0.69108E+01    0.18938E+02    0.27142E+01
   0.16197E+02    0.69182E+01    0.18987E+02    0.27220E+01
   0.16197E+02    0.69182E+01    0.18987E+02    0.27220E+01
   0.15943E+02    0.69221E+01    0.19037E+02    0.27291E+01
   0.15943E+02    0.69221E+01    0.19037E+02    0.27291E+01
   0.15734E+02    0.69227E+01    0.19082E+02    0.27350E+01
   0.15734E+02    0.69227E+01    0.19082E+02    0.27350E+01
   0.15573E+02    0.69206E+01    0.19119E+02    0.27397E+01
   0.15573E+02    0.69206E+01    0.19119E+02    0.27397E+01
   0.15458E+02    0.69163E+01    0.19142E+02    0.27432E+01
   0.15458E+02    0.69163E+01    0.19142E+02    0.27432E+01
   0.15390E+02    0.69100E+01    0.19150E+02    0.27453E+01
   0.15390E+02    0.69100E+01    0.19150E+02    0.27453E+01
   0.15368E+02    0.69020E+01    0.19141E+02    0.27463E+01
   0.15368E+02    0.69020E+01    0.19141E+02    0.27463E+01
   0.15389E+02    0.68923E+01    0.19112E+02    0.27461E+01
   0.15389E+02    0.68923E+01    0.19112E+02    0.27461E+01
   0.15452E+02    0.68813E+01    0.19065E+02    0.27447E+01
   0.15452E+02    0.68813E+01    0.19065E+02    0.27447E+01
   0.15554E+02    0.68693E+01    0.19000E+02    0.27422E+01
   0.15554E+02    0.68693E+01    0.19000E+02    0.27422E+01
   0.15691E+02    0.68568E+01    0.18918E+02    0.27387E+01
   0.15691E+02    0.68568E+01    0.18918E+02    0.27387E+01
   0.15861E+02    0.68441E+01    0.18821E+02    0.27341E+01
   0.15861E+02    0.68441E+01    0.18821E+02    0.27341E+01
   0.16061E+02    0.68317E+01    0.18710E+02    0.27284E+01
   0.16061E+02    0.68317E+01    0.18710E+02    0.27284E+01
   0.16287E+02    0.68198E+01    0.18590E+02    0.27217E+01
   0.16287E+02    0.68198E+01    0.18590E+02    0.27217E+01
   0.16536E+02    0.68086E+01    0.18462E+02    0.27139E+01
   0.16536E+02    0.68086E+01    0.18462E+02    0.27139E+01
   0.16804E+02    0.67985E+01    0.18330E+02    0.27051E+01
   0.16804E+02    0.67985E+01    0.18330E+02    0.27051E+01
   0.17088E+02    0.67895E+01    0.18197E+02    0.26953E+01
   0.17088E+02    0.67895E+01    0.18197E+02    0.26953E+01
   0.17384E+02    0.67818E+01    0.18066E+02    0.26846E+01
   0.17384E+02    0.67818E+01    0.18066E+02    0.26846E+01
   0.17689E+02    0.67755E+01    0.17940E+02    0.26729E+01
   0.17689E+02    0.67755E+01    0.17940E+02    0.26729E+01
   0.17998E+02    0.67706E+01    0.17821E+02    0.26605E+01
   0.17998E+02    0.67706E+01    0.17821E+02    0.26605E+01
   0.18308E+02    0.67674E+01    0.17713E+02    0.26474E+01
   0.18308E+02    0.67674E+01    0.17713E+02    0.26474E+01
   0.18615E+02    0.67658E+01    0.17616E+02    0.26337E+01
   0.18615E+02    0.67658E+01    0.17616E+02    0.26337E+01
   0.18916E+02    0.67656E+01    0.17533E+02    0.26195E+01
   0.18916E+02    0.67656E+01    0.17533E+02    0.26195E+01
   0.19207E+02    0.67671E+01    0.17465E+02    0.26051E+01
   0.19207E+02    0.67671E+01    0.17465E+02    0.26051E+01
   0.19486E+02    0.67702E+01    0.17413E+02    0.25905E+01
   0.19486E+02    0.67702E+01    0.17413E+02    0.25905E+01
   0.19749E+02    0.67748E+01    0.17379E+02    0.25759E+01
   0.19749E+02    0.67748E+01    0.17379E+02    0.25759E+01
   0.19995E+02    0.67809E+01    0.17362E+02    0.25615E+01
   0.19995E+02    0.67809E+01    0.17362E+02    0.25615E+01
   0.20220E+02    0.67883E+01    0.17364E+02    0.25474E+01
   0.20220E+02    0.67883E+01    0.17364E+02    0.25474E+01
   0.20424E+02    0.67968E+01    0.17383E+02    0.25336E+01
   0.20424E+02    0.67968E+01    0.17383E+02    0.25336E+01
   0.20604E+02    0.68063E+01    0.17419E+02    0.25203E+01
   0.20604E+02    0.68063E+01    0.17419E+02    0.25203E+01
   0.20760E+02    0.68167E+01    0.17472E+02    0.25075E+01
   0.20760E+02    0.68167E+01    0.17472E+02    0.25075E+01
   0.20890E+02    0.68277E+01    0.17540E+02    0.24953E+01
   0.20890E+02    0.68277E+01    0.17540E+02    0.24953E+01
   0.20995E+02    0.68392E+01    0.17622E+02    0.24836E+01
   0.20995E+02    0.68392E+01    0.17622E+02    0.24836E+01
   0.21075E+02    0.68508E+01    0.17716E+02    0.24726E+01
   0.21075E+02    0.68508E+01    0.17716E+02    0.24726E+01
   0.21129E+02    0.68625E+01    0.17821E+02    0.24621E+01
   0.21129E+02    0.68625E+01    0.17821E+02    0.24621E+01
   0.21159E+02    0.68740E+01    0.17935E+02    0.24522E+01
   0.21159E+02    0.68740E+01    0.17935E+02    0.24522E+01
   0.21165E+02    0.68850E+01    0.18055E+02    0.24428E+01
   0.21165E+02    0.68850E+01    0.18055E+02    0.24428E+01
   0.21149E+02    0.68955E+01    0.18179E+02    0.24339E+01
   0.21149E+02    0.68955E+01    0.18179E+02    0.24339E+01
   0.21113E+02    0.69051E+01    0.18306E+02    0.24254E+01
   0.21113E+02    0.69051E+01    0.18306E+02    0.24254E+01
   0.21057E+02    0.69137E+01    0.18432E+02    0.24172E+01
   0.21057E+02    0.69137E+01    0.18432E+02    0.24172E+01
   0.20985E+02    0.69212E+01    0.18556E+02    0.24094E+01
   0.20985E+02    0.69212E+01    0.18556E+02    0.24094E+01
   0.20897E+02    0.69274E+01    0.18675E+02    0.24018E+01
   0.20897E+02    0.69274E+01    0.18675E+02    0.24018E+01
   0.20797E+02    0.69324E+01    0.18788E+02    0.23944E+01
   0.20797E+02    0.69324E+01    0.18788E+02    0.23944E+01
   0.20686E+02    0.69359E+01    0.18892E+02    0.23871E+01
   0.20686E+02    0.69359E+01    0.18892E+02    0.23871E+01
   0.20568E+02    0.69382E+01    0.18986E+02    0.23799E+01
   0.20568E+02    0.69382E+01    0.18986E+02    0.23799E+01
   0.20443E+02    0.69390E+01    0.19069E+02    0.23727E+01
   0.20443E+02    0.69390E+01    0.19069E+02    0.23727E+01
   0.20315E+02    0.69386E+01    0.19139E+02    0.23656E+01
   0.20315E+02    0.69386E+01    0.19139E+02    0.23656E+01
   0.20185E+02    0.69369E+01    0.19197E+02    0.23585E+01
   0.20185E+02    0.69369E+01    0.19197E+02    0.23585E+01
   0.20055E+02    0.69341E+01    0.19241E+02    0.23513E+01
   0.20055E+02    0.69341E+01    0.19241E+02    0.23513E+01
   0.19929E+02    0.69304E+01    0.19271E+02    0.23441E+01
   0.19929E+02    0.69304E+01    0.19271E+02    0.23441E+01
   0.19806E+02    0.69258E+01    0.19288E+02    0.23368E+01
   0.19806E+02    0.69258E+01    0.19288E+02    0.23368E+01
   0.19689E+02    0.69205E+01    0.19291E+02    0.23293E+01
   0.19689E+02    0.69205E+01    0.19291E+02    0.23293E+01
   0.19579E+02    0.69147E+01    0.19283E+02    0.23219E+01
   0.19579E+02    0.69147E+01    0.19283E+02    0.23219E+01
   0.19477E+02    0.69085E+01    0.19262E+02    0.23143E+01
   0.19477E+02    0.69085E+01    0.19262E+02    0.23143E+01
   0.19384E+02    0.69020E+01    0.19232E+02    0.23065E+01
   0.19384E+02    0.69020E+01    0.19232E+02    0.23065E+01
   0.19302E+02    0.68955E+01    0.19192E+02    0.22987E+01
   0.19302E+02    0.68955E+01    0.19192E+02    0.22987E+01
   0.19229E+02    0.68890E+01    0.19145E+02    0.22908E+01
   0.19229E+02    0.68890E+01    0.19145E+02    0.22908E+01
   0.19168E+02    0.68827E+01    0.19091E+02    0.22828E+01
   0.19168E+02    0.68827E+01    0.19091E+02    0.22828E+01
   0.19117E+02    0.68766E+01    0.19033E+02    0.22747E+01
   0.19117E+02    0.68766E+01    0.19033E+02    0.22747E+01
   0.19077E+02    0.68710E+01    0.18971E+02    0.22665E+01
   0.19077E+02    0.68710E+01    0.18971E+02    0.22665E+01
   0.19048E+02    0.68658E+01    0.18907E+02    0.22583E+01
   0.19048E+02    0.68658E+01    0.18907E+02    0.22583E+01
   0.19028E+02    0.68611E+01    0.18843E+02    0.22500E+01
   0.19028E+02    0.68611E+01    0.18843E+02    0.22500E+01
   0.19018E+02    0.68571E+01    0.18780E+02    0.22417E+01
   0.19018E+02    0.68571E+01    0.18780E+02    0.22417E+01
   0.19017E+02    0.68537E+01    0.18719E+02    0.22334E+01
   0.19017E+02    0.68537E+01    0.18719E+02    0.22334E+01
   0.19024E+02    0.68510E+01    0.18661E+02    0.22252E+01
   0.19024E+02    0.68510E+01    0.18661E+02    0.22252E+01
   0.19038E+02    0.68490E+01    0.18607E+02    0.22169E+01
   0.19038E+02    0.68490E+01    0.18607E+02    0.22169E+01
   0.19059E+02    0.68477E+01    0.18559E+02    0.22088E+01
   0.19059E+02    0.68477E+01    0.18559E+02    0.22088E+01
   0.19085E+02    0.68471E+01    0.18516E+02    0.22007E+01
   0.19085E+02    0.68471E+01    0.18516E+02    0.22007E+01
   0.19115E+02    0.68472E+01    0.18479E+02    0.21928E+01
   0.19115E+02    0.68472E+01    0.18479E+02    0.21928E+01
   0.19149E+02    0.68479E+01    0.18450E+02    0.21849E+01
   0.19149E+02    0.68479E+01    0.18450E+02    0.21849E+01
