   0.43828E+02
   0.43828E+02
   0.43828E+02
   0.43828E+02
   0.43828E+02
   0.40828E+02
   0.40828E+02
   0.40828E+02
   0.40828E+02
   0.40828E+02
   0.40546E+02
   0.40546E+02
   0.40546E+02
   0.40546E+02
   0.40546E+02
   0.40980E+02
   0.40980E+02
   0.40980E+02
   0.40980E+02
   0.40980E+02
   0.41130E+02
   0.41130E+02
   0.41130E+02
   0.41130E+02
   0.41130E+02
   0.41090E+02
   0.41090E+02
   0.41090E+02
   0.41090E+02
   0.41090E+02
   0.40921E+02
   0.40921E+02
   0.40921E+02
   0.40921E+02
   0.40921E+02
   0.40638E+02
   0.40638E+02
   0.40638E+02
   0.40638E+02
   0.40638E+02
   0.40264E+02
   0.40264E+02
   0.40264E+02
   0.40264E+02
   0.40264E+02
   0.39824E+02
   0.39824E+02
   0.39824E+02
   0.39824E+02
   0.39824E+02
   0.39346E+02
   0.39346E+02
   0.39346E+02
   0.39346E+02
   0.39346E+02
   0.38870E+02
   0.38870E+02
   0.38870E+02
   0.38870E+02
   0.38870E+02
   0.38448E+02
   0.38448E+02
   0.38448E+02
   0.38448E+02
   0.38448E+02
   0.38137E+02
   0.38137E+02
   0.38137E+02
   0.38137E+02
   0.38137E+02
   0.37980E+02
   0.37980E+02
   0.37980E+02
   0.37980E+02
   0.37980E+02
   0.37978E+02
   0.37978E+02
   0.37978E+02
   0.37978E+02
   0.37978E+02
   0.38104E+02
   0.38104E+02
   0.38104E+02
   0.38104E+02
   0.38104E+02
   0.38361E+02
   0.38361E+02
   0.38361E+02
   0.38361E+02
   0.38361E+02
   0.38689E+02
   0.38689E+02
   0.38689E+02
   0.38689E+02
   0.38689E+02
   0.39005E+02
   0.39005E+02
   0.39005E+02
   0.39005E+02
   0.39005E+02
   0.39235E+02
   0.39235E+02
   0.39235E+02
   0.39235E+02
   0.39235E+02
   0.39346E+02
   0.39346E+02
   0.39346E+02
   0.39346E+02
   0.39346E+02
   0.39339E+02
   0.39339E+02
   0.39339E+02
   0.39339E+02
   0.39339E+02
   0.39229E+02
   0.39229E+02
   0.39229E+02
   0.39229E+02
   0.39229E+02
   0.39031E+02
   0.39031E+02
   0.39031E+02
   0.39031E+02
   0.39031E+02
   0.38764E+02
   0.38764E+02
   0.38764E+02
   0.38764E+02
   0.38764E+02
   0.38439E+02
   0.38439E+02
   0.38439E+02
   0.38439E+02
   0.38439E+02
   0.38070E+02
   0.38070E+02
   0.38070E+02
   0.38070E+02
   0.38070E+02
   0.37680E+02
   0.37680E+02
   0.37680E+02
   0.37680E+02
   0.37680E+02
   0.37310E+02
   0.37310E+02
   0.37310E+02
   0.37310E+02
   0.37310E+02
   0.37010E+02
   0.37010E+02
   0.37010E+02
   0.37010E+02
   0.37010E+02
   0.36830E+02
   0.36830E+02
   0.36830E+02
   0.36830E+02
   0.36830E+02
   0.36801E+02
   0.36801E+02
   0.36801E+02
   0.36801E+02
   0.36801E+02
   0.36916E+02
   0.36916E+02
   0.36916E+02
   0.36916E+02
   0.36916E+02
   0.37142E+02
   0.37142E+02
   0.37142E+02
   0.37142E+02
   0.37142E+02
   0.37423E+02
   0.37423E+02
   0.37423E+02
   0.37423E+02
   0.37423E+02
   0.37704E+02
   0.37704E+02
   0.37704E+02
   0.37704E+02
   0.37704E+02
   0.37938E+02
   0.37938E+02
   0.37938E+02
   0.37938E+02
   0.37938E+02
   0.38095E+02
   0.38095E+02
   0.38095E+02
   0.38095E+02
   0.38095E+02
   0.38165E+02
   0.38165E+02
   0.38165E+02
   0.38165E+02
   0.38165E+02
   0.38152E+02
   0.38152E+02
   0.38152E+02
   0.38152E+02
   0.38152E+02
   0.38068E+02
   0.38068E+02
   0.38068E+02
   0.38068E+02
   0.38068E+02
   0.37929E+02
   0.37929E+02
   0.37929E+02
   0.37929E+02
   0.37929E+02
   0.37753E+02
   0.37753E+02
   0.37753E+02
   0.37753E+02
   0.37753E+02
   0.37558E+02
   0.37558E+02
   0.37558E+02
   0.37558E+02
   0.37558E+02
   0.37364E+02
   0.37364E+02
   0.37364E+02
   0.37364E+02
   0.37364E+02
   0.37192E+02
   0.37192E+02
   0.37192E+02
   0.37192E+02
   0.37192E+02
   0.37061E+02
   0.37061E+02
   0.37061E+02
   0.37061E+02
   0.37061E+02
   0.36991E+02
   0.36991E+02
   0.36991E+02
   0.36991E+02
   0.36991E+02
   0.36987E+02
   0.36987E+02
   0.36987E+02
   0.36987E+02
   0.36987E+02
   0.37049E+02
   0.37049E+02
   0.37049E+02
   0.37049E+02
   0.37049E+02
   0.37162E+02
   0.37162E+02
   0.37162E+02
   0.37162E+02
   0.37162E+02
   0.37305E+02
   0.37305E+02
   0.37305E+02
   0.37305E+02
   0.37305E+02
   0.37456E+02
   0.37456E+02
   0.37456E+02
   0.37456E+02
   0.37456E+02
   0.37592E+02
   0.37592E+02
   0.37592E+02
   0.37592E+02
   0.37592E+02
   0.37698E+02
   0.37698E+02
   0.37698E+02
   0.37698E+02
   0.37698E+02
   0.37765E+02
   0.37765E+02
   0.37765E+02
   0.37765E+02
   0.37765E+02
   0.37789E+02
   0.37789E+02
   0.37789E+02
   0.37789E+02
   0.37789E+02
   0.37774E+02
   0.37774E+02
   0.37774E+02
   0.37774E+02
   0.37774E+02
   0.37726E+02
   0.37726E+02
   0.37726E+02
   0.37726E+02
   0.37726E+02
   0.37653E+02
   0.37653E+02
   0.37653E+02
   0.37653E+02
   0.37653E+02
   0.37567E+02
   0.37567E+02
   0.37567E+02
   0.37567E+02
   0.37567E+02
   0.37478E+02
   0.37478E+02
   0.37478E+02
   0.37478E+02
   0.37478E+02
   0.37397E+02
   0.37397E+02
   0.37397E+02
   0.37397E+02
   0.37397E+02
   0.37332E+02
   0.37332E+02
   0.37332E+02
   0.37332E+02
   0.37332E+02
   0.37292E+02
   0.37292E+02
   0.37292E+02
   0.37292E+02
   0.37292E+02
   0.37279E+02
   0.37279E+02
   0.37279E+02
   0.37279E+02
   0.37279E+02
   0.37293E+02
   0.37293E+02
   0.37293E+02
   0.37293E+02
   0.37293E+02
   0.37329E+02
   0.37329E+02
   0.37329E+02
   0.37329E+02
   0.37329E+02
   0.37380E+02
   0.37380E+02
   0.37380E+02
   0.37380E+02
   0.37380E+02
   0.37437E+02
   0.37437E+02
   0.37437E+02
   0.37437E+02
   0.37437E+02
   0.37491E+02
   0.37491E+02
   0.37491E+02
   0.37491E+02
   0.37491E+02
   0.37537E+02
   0.37537E+02
   0.37537E+02
   0.37537E+02
   0.37537E+02
   0.37568E+02
   0.37568E+02
   0.37568E+02
   0.37568E+02
   0.37568E+02
   0.37583E+02
   0.37583E+02
   0.37583E+02
   0.37583E+02
   0.37583E+02
   0.37582E+02
   0.37582E+02
   0.37582E+02
   0.37582E+02
   0.37582E+02
   0.37568E+02
   0.37568E+02
   0.37568E+02
   0.37568E+02
   0.37568E+02
   0.37544E+02
   0.37544E+02
   0.37544E+02
   0.37544E+02
   0.37544E+02
   0.37513E+02
   0.37513E+02
   0.37513E+02
   0.37513E+02
   0.37513E+02
   0.37481E+02
   0.37481E+02
   0.37481E+02
   0.37481E+02
   0.37481E+02
   0.37451E+02
   0.37451E+02
   0.37451E+02
   0.37451E+02
   0.37451E+02
   0.37427E+02
   0.37427E+02
   0.37427E+02
   0.37427E+02
   0.37427E+02
   0.37410E+02
   0.37410E+02
   0.37410E+02
   0.37410E+02
   0.37410E+02
   0.37404E+02
   0.37404E+02
   0.37404E+02
   0.37404E+02
   0.37404E+02
   0.37407E+02
   0.37407E+02
   0.37407E+02
   0.37407E+02
   0.37407E+02
   0.37365E+02
   0.37365E+02
   0.37365E+02
   0.37365E+02
   0.37365E+02
   0.37303E+02
   0.37303E+02
   0.37303E+02
   0.37303E+02
   0.37303E+02
   0.37258E+02
   0.37258E+02
   0.37258E+02
   0.37258E+02
   0.37258E+02
   0.37239E+02
   0.37239E+02
   0.37239E+02
   0.37239E+02
   0.37239E+02
   0.37241E+02
   0.37241E+02
   0.37241E+02
   0.37241E+02
   0.37241E+02
   0.37256E+02
   0.37256E+02
   0.37256E+02
   0.37256E+02
   0.37256E+02
   0.37275E+02
   0.37275E+02
   0.37275E+02
   0.37275E+02
   0.37275E+02
   0.37291E+02
   0.37291E+02
   0.37291E+02
   0.37291E+02
   0.37291E+02
   0.37301E+02
   0.37301E+02
   0.37301E+02
   0.37301E+02
   0.37301E+02
   0.37299E+02
   0.37299E+02
   0.37299E+02
   0.37299E+02
   0.37299E+02
   0.37288E+02
   0.37288E+02
   0.37288E+02
   0.37288E+02
   0.37288E+02
   0.37276E+02
   0.37276E+02
   0.37276E+02
   0.37276E+02
   0.37276E+02
   0.37279E+02
   0.37279E+02
   0.37279E+02
   0.37279E+02
   0.37279E+02
   0.37313E+02
   0.37313E+02
   0.37313E+02
   0.37313E+02
   0.37313E+02
   0.37383E+02
   0.37383E+02
   0.37383E+02
   0.37383E+02
   0.37383E+02
   0.37478E+02
   0.37478E+02
   0.37478E+02
   0.37478E+02
   0.37478E+02
   0.37577E+02
   0.37577E+02
   0.37577E+02
   0.37577E+02
   0.37577E+02
   0.37675E+02
   0.37675E+02
   0.37675E+02
   0.37675E+02
   0.37675E+02
   0.37755E+02
   0.37755E+02
   0.37755E+02
   0.37755E+02
   0.37755E+02
   0.37803E+02
   0.37803E+02
   0.37803E+02
   0.37803E+02
   0.37803E+02
   0.37810E+02
   0.37810E+02
   0.37810E+02
   0.37810E+02
   0.37810E+02
   0.37774E+02
   0.37774E+02
   0.37774E+02
   0.37774E+02
   0.37774E+02
   0.37700E+02
   0.37700E+02
   0.37700E+02
   0.37700E+02
   0.37700E+02
   0.37597E+02
   0.37597E+02
   0.37597E+02
   0.37597E+02
   0.37597E+02
   0.37475E+02
   0.37475E+02
   0.37475E+02
   0.37475E+02
   0.37475E+02
   0.37348E+02
   0.37348E+02
   0.37348E+02
   0.37348E+02
   0.37348E+02
   0.37229E+02
   0.37229E+02
   0.37229E+02
   0.37229E+02
   0.37229E+02
   0.37131E+02
   0.37131E+02
   0.37131E+02
   0.37131E+02
   0.37131E+02
   0.37064E+02
   0.37064E+02
   0.37064E+02
   0.37064E+02
   0.37064E+02
   0.37037E+02
   0.37037E+02
   0.37037E+02
   0.37037E+02
   0.37037E+02
   0.37051E+02
   0.37051E+02
   0.37051E+02
   0.37051E+02
   0.37051E+02
   0.37104E+02
   0.37104E+02
   0.37104E+02
   0.37104E+02
   0.37104E+02
   0.37184E+02
   0.37184E+02
   0.37184E+02
   0.37184E+02
   0.37184E+02
   0.37281E+02
   0.37281E+02
   0.37281E+02
   0.37281E+02
   0.37281E+02
   0.37380E+02
   0.37380E+02
   0.37380E+02
   0.37380E+02
   0.37380E+02
   0.37468E+02
   0.37468E+02
   0.37468E+02
   0.37468E+02
   0.37468E+02
   0.37535E+02
   0.37535E+02
   0.37535E+02
   0.37535E+02
   0.37535E+02
   0.37575E+02
   0.37575E+02
   0.37575E+02
   0.37575E+02
   0.37575E+02
   0.37587E+02
   0.37587E+02
   0.37587E+02
   0.37587E+02
   0.37587E+02
   0.37571E+02
   0.37571E+02
   0.37571E+02
   0.37571E+02
   0.37571E+02
   0.37533E+02
   0.37533E+02
   0.37533E+02
   0.37533E+02
   0.37533E+02
   0.37478E+02
   0.37478E+02
   0.37478E+02
   0.37478E+02
   0.37478E+02
   0.37414E+02
   0.37414E+02
   0.37414E+02
   0.37414E+02
   0.37414E+02
   0.37348E+02
   0.37348E+02
   0.37348E+02
   0.37348E+02
   0.37348E+02
   0.37289E+02
   0.37289E+02
   0.37289E+02
   0.37289E+02
   0.37289E+02
   0.37243E+02
   0.37243E+02
   0.37243E+02
   0.37243E+02
   0.37243E+02
   0.37215E+02
   0.37215E+02
   0.37215E+02
   0.37215E+02
   0.37215E+02
   0.37207E+02
   0.37207E+02
   0.37207E+02
   0.37207E+02
   0.37207E+02
   0.37219E+02
   0.37219E+02
   0.37219E+02
   0.37219E+02
   0.37219E+02
   0.37247E+02
   0.37247E+02
   0.37247E+02
   0.37247E+02
   0.37247E+02
   0.37287E+02
   0.37287E+02
   0.37287E+02
   0.37287E+02
   0.37287E+02
   0.37333E+02
   0.37333E+02
   0.37333E+02
   0.37333E+02
   0.37333E+02
   0.37378E+02
   0.37378E+02
   0.37378E+02
   0.37378E+02
   0.37378E+02
   0.37416E+02
   0.37416E+02
   0.37416E+02
   0.37416E+02
   0.37416E+02
   0.37443E+02
   0.37443E+02
   0.37443E+02
   0.37443E+02
   0.37443E+02
   0.37457E+02
   0.37457E+02
   0.37457E+02
   0.37457E+02
   0.37457E+02
   0.37457E+02
   0.37457E+02
   0.37457E+02
   0.37457E+02
   0.37457E+02
   0.37444E+02
   0.37444E+02
   0.37444E+02
   0.37444E+02
   0.37444E+02
   0.37422E+02
   0.37422E+02
   0.37422E+02
   0.37422E+02
   0.37422E+02
   0.37392E+02
   0.37392E+02
   0.37392E+02
   0.37392E+02
   0.37392E+02
   0.37359E+02
   0.37359E+02
   0.37359E+02
   0.37359E+02
   0.37359E+02
   0.37327E+02
   0.37327E+02
   0.37327E+02
   0.37327E+02
   0.37327E+02
   0.37300E+02
   0.37300E+02
   0.37300E+02
   0.37300E+02
   0.37300E+02
   0.37280E+02
   0.37280E+02
   0.37280E+02
   0.37280E+02
   0.37280E+02
   0.37269E+02
   0.37269E+02
   0.37269E+02
   0.37269E+02
   0.37269E+02
   0.37268E+02
   0.37268E+02
   0.37268E+02
   0.37268E+02
   0.37268E+02
   0.37275E+02
   0.37275E+02
   0.37275E+02
   0.37275E+02
   0.37275E+02
   0.37289E+02
   0.37289E+02
   0.37289E+02
   0.37289E+02
   0.37289E+02
   0.37308E+02
   0.37308E+02
   0.37308E+02
   0.37308E+02
   0.37308E+02
   0.37328E+02
   0.37328E+02
   0.37328E+02
   0.37328E+02
   0.37328E+02
   0.37347E+02
   0.37347E+02
   0.37347E+02
   0.37347E+02
   0.37347E+02
   0.37362E+02
   0.37362E+02
   0.37362E+02
   0.37362E+02
   0.37362E+02
   0.37372E+02
   0.37372E+02
   0.37372E+02
   0.37372E+02
   0.37372E+02
   0.37375E+02
   0.37375E+02
   0.37375E+02
   0.37375E+02
   0.37375E+02
   0.37372E+02
   0.37372E+02
   0.37372E+02
   0.37372E+02
   0.37372E+02
   0.37364E+02
   0.37364E+02
   0.37364E+02
   0.37364E+02
   0.37364E+02
   0.37351E+02
   0.37351E+02
   0.37351E+02
   0.37351E+02
   0.37351E+02
   0.37337E+02
   0.37337E+02
   0.37337E+02
   0.37337E+02
   0.37337E+02
   0.37309E+02
   0.37309E+02
   0.37309E+02
   0.37309E+02
   0.37309E+02
   0.37301E+02
   0.37301E+02
   0.37301E+02
   0.37301E+02
   0.37301E+02
   0.37296E+02
   0.37296E+02
   0.37296E+02
   0.37296E+02
   0.37296E+02
   0.37274E+02
   0.37274E+02
   0.37274E+02
   0.37274E+02
   0.37274E+02
   0.37244E+02
   0.37244E+02
   0.37244E+02
   0.37244E+02
   0.37244E+02
   0.37227E+02
   0.37227E+02
   0.37227E+02
   0.37227E+02
   0.37227E+02
   0.37240E+02
   0.37240E+02
   0.37240E+02
   0.37240E+02
   0.37240E+02
   0.37286E+02
   0.37286E+02
   0.37286E+02
   0.37286E+02
   0.37286E+02
   0.37357E+02
   0.37357E+02
   0.37357E+02
   0.37357E+02
   0.37357E+02
   0.37434E+02
   0.37434E+02
   0.37434E+02
   0.37434E+02
   0.37434E+02
   0.37499E+02
   0.37499E+02
   0.37499E+02
   0.37499E+02
   0.37499E+02
   0.37537E+02
   0.37537E+02
   0.37537E+02
   0.37537E+02
   0.37537E+02
   0.37541E+02
   0.37541E+02
   0.37541E+02
   0.37541E+02
   0.37541E+02
   0.37512E+02
   0.37512E+02
   0.37512E+02
   0.37512E+02
   0.37512E+02
   0.37453E+02
   0.37453E+02
   0.37453E+02
   0.37453E+02
   0.37453E+02
   0.37374E+02
   0.37374E+02
   0.37374E+02
   0.37374E+02
   0.37374E+02
   0.37284E+02
   0.37284E+02
   0.37284E+02
   0.37284E+02
   0.37284E+02
   0.37195E+02
   0.37195E+02
   0.37195E+02
   0.37195E+02
   0.37195E+02
   0.37117E+02
   0.37117E+02
   0.37117E+02
   0.37117E+02
   0.37117E+02
   0.37060E+02
   0.37060E+02
   0.37060E+02
   0.37060E+02
   0.37060E+02
   0.37033E+02
   0.37033E+02
   0.37033E+02
   0.37033E+02
   0.37033E+02
   0.37038E+02
   0.37038E+02
   0.37038E+02
   0.37038E+02
   0.37038E+02
   0.37074E+02
   0.37074E+02
   0.37074E+02
   0.37074E+02
   0.37074E+02
   0.37137E+02
   0.37137E+02
   0.37137E+02
   0.37137E+02
   0.37137E+02
   0.37217E+02
   0.37217E+02
   0.37217E+02
   0.37217E+02
   0.37217E+02
   0.37304E+02
   0.37304E+02
   0.37304E+02
   0.37304E+02
   0.37304E+02
   0.37389E+02
   0.37389E+02
   0.37389E+02
   0.37389E+02
   0.37389E+02
   0.37462E+02
   0.37462E+02
   0.37462E+02
   0.37462E+02
   0.37462E+02
   0.37519E+02
   0.37519E+02
   0.37519E+02
   0.37519E+02
   0.37519E+02
