   0.63982E+02    0.54770E+02    0.24998E+02    0.66651E+02
   0.63982E+02    0.54770E+02    0.24998E+02    0.68515E+02
   0.63982E+02    0.54770E+02    0.25002E+02    0.70124E+02
   0.63982E+02    0.54770E+02    0.25002E+02    0.71115E+02
   0.66755E+02    0.56673E+02    0.40039E+02    0.71320E+02
   0.66755E+02    0.56673E+02    0.40039E+02    0.71068E+02
   0.67527E+02    0.57409E+02    0.36168E+02    0.70671E+02
   0.67527E+02    0.57409E+02    0.36168E+02    0.70374E+02
   0.68656E+02    0.57640E+02    0.34732E+02    0.70154E+02
   0.68656E+02    0.57640E+02    0.34732E+02    0.69963E+02
   0.68982E+02    0.58300E+02    0.34061E+02    0.69714E+02
   0.68982E+02    0.58300E+02    0.34061E+02    0.69379E+02
   0.69103E+02    0.59148E+02    0.32202E+02    0.68956E+02
   0.69103E+02    0.59148E+02    0.32202E+02    0.68472E+02
   0.69022E+02    0.59833E+02    0.29487E+02    0.67950E+02
   0.69022E+02    0.59833E+02    0.29487E+02    0.67406E+02
   0.69126E+02    0.60357E+02    0.27452E+02    0.66835E+02
   0.69126E+02    0.60357E+02    0.27452E+02    0.66239E+02
   0.69299E+02    0.60808E+02    0.26180E+02    0.65610E+02
   0.69299E+02    0.60808E+02    0.26180E+02    0.64952E+02
   0.69490E+02    0.61176E+02    0.25393E+02    0.64263E+02
   0.69490E+02    0.61176E+02    0.25393E+02    0.63555E+02
   0.69608E+02    0.61439E+02    0.25173E+02    0.62832E+02
   0.69608E+02    0.61439E+02    0.25173E+02    0.62100E+02
   0.69649E+02    0.61593E+02    0.25640E+02    0.61366E+02
   0.69649E+02    0.61593E+02    0.25640E+02    0.60631E+02
   0.69612E+02    0.61635E+02    0.26826E+02    0.59902E+02
   0.69612E+02    0.61635E+02    0.26826E+02    0.59181E+02
   0.69519E+02    0.61552E+02    0.28711E+02    0.58478E+02
   0.69519E+02    0.61552E+02    0.28711E+02    0.57792E+02
   0.69382E+02    0.61335E+02    0.31306E+02    0.57133E+02
   0.69382E+02    0.61335E+02    0.31306E+02    0.56500E+02
   0.69209E+02    0.60982E+02    0.34596E+02    0.55903E+02
   0.69209E+02    0.60982E+02    0.34596E+02    0.55338E+02
   0.68999E+02    0.60491E+02    0.38532E+02    0.54819E+02
   0.68999E+02    0.60491E+02    0.38532E+02    0.54338E+02
   0.68752E+02    0.59867E+02    0.43040E+02    0.53909E+02
   0.68752E+02    0.59867E+02    0.43040E+02    0.53522E+02
   0.68470E+02    0.59116E+02    0.48015E+02    0.53191E+02
   0.68470E+02    0.59116E+02    0.48015E+02    0.52905E+02
   0.68160E+02    0.58251E+02    0.53315E+02    0.52680E+02
   0.68160E+02    0.58251E+02    0.53315E+02    0.52501E+02
   0.67832E+02    0.57288E+02    0.58773E+02    0.52383E+02
   0.67832E+02    0.57288E+02    0.58773E+02    0.52308E+02
   0.67499E+02    0.56250E+02    0.64190E+02    0.52294E+02
   0.67499E+02    0.56250E+02    0.64190E+02    0.52324E+02
   0.67173E+02    0.55162E+02    0.69353E+02    0.52412E+02
   0.67173E+02    0.55162E+02    0.69353E+02    0.52539E+02
   0.66869E+02    0.54054E+02    0.74059E+02    0.52718E+02
   0.66869E+02    0.54054E+02    0.74059E+02    0.52933E+02
   0.66597E+02    0.52955E+02    0.78100E+02    0.53198E+02
   0.66597E+02    0.52955E+02    0.78100E+02    0.53495E+02
   0.66370E+02    0.51894E+02    0.81316E+02    0.53833E+02
   0.66370E+02    0.51894E+02    0.81316E+02    0.54196E+02
   0.66194E+02    0.50899E+02    0.83574E+02    0.54597E+02
   0.66194E+02    0.50899E+02    0.83574E+02    0.55020E+02
   0.66073E+02    0.49992E+02    0.84784E+02    0.55473E+02
   0.66073E+02    0.49992E+02    0.84784E+02    0.55941E+02
   0.66009E+02    0.49192E+02    0.84919E+02    0.56432E+02
   0.66009E+02    0.49192E+02    0.84919E+02    0.56935E+02
   0.65998E+02    0.48511E+02    0.83970E+02    0.57456E+02
   0.65998E+02    0.48511E+02    0.83970E+02    0.57983E+02
   0.66040E+02    0.47958E+02    0.81987E+02    0.58521E+02
   0.66040E+02    0.47958E+02    0.81987E+02    0.59060E+02
   0.66127E+02    0.47538E+02    0.79042E+02    0.59603E+02
   0.66127E+02    0.47538E+02    0.79042E+02    0.60146E+02
   0.66254E+02    0.47249E+02    0.75225E+02    0.60690E+02
   0.66254E+02    0.47249E+02    0.75225E+02    0.61237E+02
   0.66416E+02    0.47090E+02    0.70655E+02    0.61786E+02
   0.66416E+02    0.47090E+02    0.70655E+02    0.62337E+02
   0.66607E+02    0.47053E+02    0.65446E+02    0.62883E+02
   0.66607E+02    0.47053E+02    0.65446E+02    0.63423E+02
   0.66818E+02    0.47132E+02    0.59695E+02    0.63952E+02
   0.66818E+02    0.47132E+02    0.59695E+02    0.64471E+02
   0.67045E+02    0.47316E+02    0.53508E+02    0.64976E+02
   0.67045E+02    0.47316E+02    0.53508E+02    0.65471E+02
   0.67290E+02    0.47598E+02    0.47041E+02    0.65947E+02
   0.67290E+02    0.47598E+02    0.47041E+02    0.66411E+02
   0.67549E+02    0.47972E+02    0.40416E+02    0.66853E+02
   0.67549E+02    0.47972E+02    0.40416E+02    0.67278E+02
   0.67816E+02    0.48426E+02    0.33736E+02    0.67681E+02
   0.67816E+02    0.48426E+02    0.33736E+02    0.68065E+02
   0.68084E+02    0.48948E+02    0.27107E+02    0.68422E+02
   0.68084E+02    0.48948E+02    0.27107E+02    0.68760E+02
   0.68349E+02    0.49526E+02    0.20640E+02    0.69069E+02
   0.68349E+02    0.49526E+02    0.20640E+02    0.69357E+02
   0.68608E+02    0.50147E+02    0.14431E+02    0.69613E+02
   0.68608E+02    0.50147E+02    0.14431E+02    0.69847E+02
   0.68859E+02    0.50795E+02    0.85726E+01    0.70048E+02
   0.68859E+02    0.50795E+02    0.85726E+01    0.70223E+02
   0.69100E+02    0.51458E+02    0.42854E+01    0.70365E+02
   0.69100E+02    0.51458E+02    0.42854E+01    0.70479E+02
   0.69328E+02    0.52123E+02    0.21423E+01    0.70558E+02
   0.69328E+02    0.52123E+02    0.21423E+01    0.70606E+02
   0.69542E+02    0.52777E+02    0.10709E+01    0.70615E+02
   0.69542E+02    0.52777E+02    0.10709E+01    0.70592E+02
   0.69746E+02    0.53413E+02    0.53535E+00    0.70529E+02
   0.69746E+02    0.53413E+02    0.53535E+00    0.70434E+02
   0.69947E+02    0.54029E+02    0.26762E+00    0.70298E+02
   0.69947E+02    0.54029E+02    0.26762E+00    0.70129E+02
   0.70140E+02    0.54618E+02    0.13378E+00    0.69920E+02
   0.70140E+02    0.54618E+02    0.13378E+00    0.69679E+02
   0.70316E+02    0.55172E+02    0.66877E-01    0.69403E+02
   0.70316E+02    0.55172E+02    0.66877E-01    0.69096E+02
   0.70466E+02    0.55683E+02    0.33432E-01    0.68755E+02
   0.70466E+02    0.55683E+02    0.33432E-01    0.68386E+02
   0.70585E+02    0.56141E+02    0.16712E-01    0.67987E+02
   0.70585E+02    0.56141E+02    0.16712E-01    0.67565E+02
   0.70669E+02    0.56538E+02    0.83544E-02    0.67119E+02
   0.70669E+02    0.56538E+02    0.83544E-02    0.66655E+02
   0.70718E+02    0.56864E+02    0.41764E-02    0.66172E+02
   0.70718E+02    0.56864E+02    0.41764E-02    0.65675E+02
   0.70732E+02    0.57112E+02    0.20877E-02    0.65166E+02
   0.70732E+02    0.57112E+02    0.20877E-02    0.64650E+02
   0.70707E+02    0.57274E+02    0.10437E-02    0.64130E+02
   0.70707E+02    0.57274E+02    0.10437E-02    0.63608E+02
   0.70645E+02    0.57345E+02    0.29207E+00    0.63089E+02
   0.70645E+02    0.57345E+02    0.29207E+00    0.62576E+02
   0.70543E+02    0.57319E+02    0.12670E+01    0.62073E+02
   0.70543E+02    0.57319E+02    0.12670E+01    0.61581E+02
   0.70402E+02    0.57192E+02    0.29776E+01    0.61108E+02
   0.70402E+02    0.57192E+02    0.29776E+01    0.60650E+02
   0.70224E+02    0.56962E+02    0.54238E+01    0.60216E+02
   0.70224E+02    0.56962E+02    0.54238E+01    0.59804E+02
   0.70014E+02    0.56631E+02    0.85492E+01    0.59421E+02
   0.70014E+02    0.56631E+02    0.85492E+01    0.59063E+02
   0.69780E+02    0.56205E+02    0.12277E+02    0.58739E+02
   0.69780E+02    0.56205E+02    0.12277E+02    0.58443E+02
   0.69528E+02    0.55692E+02    0.16500E+02    0.58183E+02
   0.69528E+02    0.55692E+02    0.16500E+02    0.57953E+02
   0.69264E+02    0.55103E+02    0.21090E+02    0.57762E+02
   0.69264E+02    0.55103E+02    0.21090E+02    0.57601E+02
   0.68995E+02    0.54455E+02    0.25903E+02    0.57479E+02
   0.68995E+02    0.54455E+02    0.25903E+02    0.57386E+02
   0.68731E+02    0.53762E+02    0.30778E+02    0.57332E+02
   0.68731E+02    0.53762E+02    0.30778E+02    0.57308E+02
   0.68478E+02    0.53045E+02    0.35555E+02    0.57320E+02
   0.68478E+02    0.53045E+02    0.35555E+02    0.57359E+02
   0.68247E+02    0.52323E+02    0.40079E+02    0.57431E+02
   0.68247E+02    0.52323E+02    0.40079E+02    0.57529E+02
   0.68043E+02    0.51614E+02    0.44202E+02    0.57658E+02
   0.68043E+02    0.51614E+02    0.44202E+02    0.57810E+02
   0.67874E+02    0.50937E+02    0.47808E+02    0.57988E+02
   0.67874E+02    0.50937E+02    0.47808E+02    0.58185E+02
   0.67743E+02    0.50308E+02    0.50797E+02    0.58406E+02
   0.67743E+02    0.50308E+02    0.50797E+02    0.58644E+02
   0.67652E+02    0.49741E+02    0.53102E+02    0.58901E+02
   0.67652E+02    0.49741E+02    0.53102E+02    0.59171E+02
   0.67601E+02    0.49248E+02    0.54691E+02    0.59457E+02
   0.67601E+02    0.49248E+02    0.54691E+02    0.59752E+02
   0.67586E+02    0.48836E+02    0.55545E+02    0.60060E+02
   0.67586E+02    0.48836E+02    0.55545E+02    0.60376E+02
   0.67607E+02    0.48510E+02    0.55682E+02    0.60698E+02
   0.67607E+02    0.48510E+02    0.55682E+02    0.61025E+02
   0.67658E+02    0.48273E+02    0.55135E+02    0.61356E+02
   0.67658E+02    0.48273E+02    0.55135E+02    0.61690E+02
   0.67736E+02    0.48126E+02    0.53946E+02    0.62024E+02
   0.67736E+02    0.48126E+02    0.53946E+02    0.62357E+02
   0.67837E+02    0.48067E+02    0.52185E+02    0.62688E+02
   0.67837E+02    0.48067E+02    0.52185E+02    0.63015E+02
   0.67958E+02    0.48091E+02    0.49914E+02    0.63337E+02
   0.67958E+02    0.48091E+02    0.49914E+02    0.63654E+02
   0.68094E+02    0.48194E+02    0.47212E+02    0.63963E+02
   0.68094E+02    0.48194E+02    0.47212E+02    0.64264E+02
   0.68242E+02    0.48369E+02    0.44160E+02    0.64553E+02
   0.68242E+02    0.48369E+02    0.44160E+02    0.64834E+02
   0.68400E+02    0.48609E+02    0.40836E+02    0.65101E+02
   0.68400E+02    0.48609E+02    0.40836E+02    0.65358E+02
   0.68563E+02    0.48905E+02    0.37324E+02    0.65598E+02
   0.68563E+02    0.48905E+02    0.37324E+02    0.65827E+02
   0.68729E+02    0.49248E+02    0.33705E+02    0.66037E+02
   0.68729E+02    0.49248E+02    0.33705E+02    0.66234E+02
   0.68895E+02    0.49629E+02    0.30054E+02    0.66412E+02
   0.68895E+02    0.49629E+02    0.30054E+02    0.66575E+02
   0.69059E+02    0.50039E+02    0.26446E+02    0.66718E+02
   0.69059E+02    0.50039E+02    0.26446E+02    0.66844E+02
   0.69219E+02    0.50467E+02    0.22950E+02    0.66949E+02
   0.69219E+02    0.50467E+02    0.22950E+02    0.67038E+02
   0.69371E+02    0.50905E+02    0.19624E+02    0.67106E+02
   0.69371E+02    0.50905E+02    0.19624E+02    0.67157E+02
   0.69515E+02    0.51344E+02    0.16530E+02    0.67184E+02
   0.69515E+02    0.51344E+02    0.16530E+02    0.67195E+02
   0.69648E+02    0.51776E+02    0.13711E+02    0.67184E+02
   0.69648E+02    0.51776E+02    0.13711E+02    0.67158E+02
   0.69769E+02    0.52193E+02    0.11211E+02    0.67109E+02
   0.69769E+02    0.52193E+02    0.11211E+02    0.67044E+02
   0.69876E+02    0.52588E+02    0.90662E+01    0.66958E+02
   0.69876E+02    0.52588E+02    0.90662E+01    0.66857E+02
   0.69968E+02    0.52955E+02    0.72976E+01    0.66738E+02
   0.69968E+02    0.52955E+02    0.72976E+01    0.66605E+02
   0.70044E+02    0.53288E+02    0.59337E+01    0.66453E+02
   0.70044E+02    0.53288E+02    0.59337E+01    0.66289E+02
   0.70102E+02    0.53584E+02    0.49829E+01    0.66110E+02
   0.70102E+02    0.53584E+02    0.49829E+01    0.65921E+02
   0.70144E+02    0.53837E+02    0.44546E+01    0.65719E+02
   0.70144E+02    0.53837E+02    0.44546E+01    0.65507E+02
   0.70167E+02    0.54046E+02    0.43540E+01    0.65286E+02
   0.70167E+02    0.54046E+02    0.43540E+01    0.65058E+02
   0.70173E+02    0.54208E+02    0.46710E+01    0.64823E+02
   0.70173E+02    0.54208E+02    0.46710E+01    0.64583E+02
   0.70161E+02    0.54321E+02    0.54013E+01    0.64340E+02
   0.70161E+02    0.54321E+02    0.54013E+01    0.64094E+02
   0.70131E+02    0.54385E+02    0.65248E+01    0.63847E+02
   0.70131E+02    0.54385E+02    0.65248E+01    0.63601E+02
   0.70085E+02    0.54399E+02    0.80189E+01    0.63357E+02
   0.70085E+02    0.54399E+02    0.80189E+01    0.63115E+02
   0.70024E+02    0.54364E+02    0.98562E+01    0.62878E+02
   0.70024E+02    0.54364E+02    0.98562E+01    0.62646E+02
   0.69949E+02    0.54282E+02    0.11997E+02    0.62422E+02
   0.69949E+02    0.54282E+02    0.11997E+02    0.62205E+02
   0.69862E+02    0.54156E+02    0.14402E+02    0.61997E+02
   0.69862E+02    0.54156E+02    0.14402E+02    0.61799E+02
   0.69765E+02    0.53988E+02    0.17021E+02    0.61612E+02
   0.69765E+02    0.53988E+02    0.17021E+02    0.61436E+02
   0.69661E+02    0.53784E+02    0.19801E+02    0.61273E+02
   0.69661E+02    0.53784E+02    0.19801E+02    0.61122E+02
   0.69553E+02    0.53548E+02    0.22683E+02    0.60986E+02
   0.69553E+02    0.53548E+02    0.22683E+02    0.60863E+02
   0.69443E+02    0.53285E+02    0.25607E+02    0.60755E+02
   0.69443E+02    0.53285E+02    0.25607E+02    0.60660E+02
   0.69333E+02    0.53004E+02    0.28510E+02    0.60582E+02
   0.69333E+02    0.53004E+02    0.28510E+02    0.60517E+02
   0.69228E+02    0.52709E+02    0.31334E+02    0.60469E+02
   0.69228E+02    0.52709E+02    0.31334E+02    0.60433E+02
   0.69129E+02    0.52408E+02    0.34018E+02    0.60414E+02
   0.69129E+02    0.52408E+02    0.34018E+02    0.60408E+02
   0.69039E+02    0.52109E+02    0.36508E+02    0.60418E+02
   0.69039E+02    0.52109E+02    0.36508E+02    0.60439E+02
   0.68960E+02    0.51817E+02    0.38758E+02    0.60475E+02
   0.68960E+02    0.51817E+02    0.38758E+02    0.60522E+02
   0.68893E+02    0.51540E+02    0.40724E+02    0.60583E+02
   0.68893E+02    0.51540E+02    0.40724E+02    0.60655E+02
   0.68840E+02    0.51283E+02    0.42377E+02    0.60738E+02
   0.68840E+02    0.51283E+02    0.42377E+02    0.60830E+02
   0.68801E+02    0.51052E+02    0.43691E+02    0.60932E+02
   0.68801E+02    0.51052E+02    0.43691E+02    0.61043E+02
   0.68777E+02    0.50850E+02    0.44651E+02    0.61163E+02
   0.68777E+02    0.50850E+02    0.44651E+02    0.61289E+02
   0.68768E+02    0.50681E+02    0.45254E+02    0.61422E+02
   0.68768E+02    0.50681E+02    0.45254E+02    0.61559E+02
   0.68772E+02    0.50548E+02    0.45498E+02    0.61703E+02
   0.68772E+02    0.50548E+02    0.45498E+02    0.61850E+02
   0.68790E+02    0.50452E+02    0.45399E+02    0.62000E+02
   0.68790E+02    0.50452E+02    0.45399E+02    0.62152E+02
   0.68819E+02    0.50394E+02    0.44972E+02    0.62305E+02
   0.68819E+02    0.50394E+02    0.44972E+02    0.62460E+02
   0.68860E+02    0.50373E+02    0.44239E+02    0.62614E+02
   0.68860E+02    0.50373E+02    0.44239E+02    0.62768E+02
   0.68910E+02    0.50389E+02    0.43234E+02    0.62920E+02
   0.68910E+02    0.50389E+02    0.43234E+02    0.63070E+02
   0.68968E+02    0.50439E+02    0.41986E+02    0.63217E+02
   0.68968E+02    0.50439E+02    0.41986E+02    0.63360E+02
   0.69033E+02    0.50520E+02    0.40533E+02    0.63499E+02
   0.69033E+02    0.50520E+02    0.40533E+02    0.63634E+02
   0.69103E+02    0.50631E+02    0.38916E+02    0.63763E+02
   0.69103E+02    0.50631E+02    0.38916E+02    0.63886E+02
   0.69177E+02    0.50767E+02    0.37170E+02    0.64003E+02
   0.69177E+02    0.50767E+02    0.37170E+02    0.64114E+02
   0.69252E+02    0.50924E+02    0.35339E+02    0.64216E+02
   0.69252E+02    0.50924E+02    0.35339E+02    0.64313E+02
   0.69329E+02    0.51099E+02    0.33462E+02    0.64400E+02
   0.69329E+02    0.51099E+02    0.33462E+02    0.64480E+02
   0.69404E+02    0.51287E+02    0.31576E+02    0.64551E+02
   0.69404E+02    0.51287E+02    0.31576E+02    0.64615E+02
   0.69477E+02    0.51484E+02    0.29719E+02    0.64669E+02
   0.69477E+02    0.51484E+02    0.29719E+02    0.64715E+02
   0.69547E+02    0.51686E+02    0.27924E+02    0.64751E+02
   0.69547E+02    0.51686E+02    0.27924E+02    0.64780E+02
   0.69613E+02    0.51889E+02    0.26221E+02    0.64799E+02
   0.69613E+02    0.51889E+02    0.26221E+02    0.64811E+02
   0.69674E+02    0.52088E+02    0.24640E+02    0.64813E+02
   0.69674E+02    0.52088E+02    0.24640E+02    0.64807E+02
   0.69728E+02    0.52280E+02    0.23204E+02    0.64792E+02
   0.69728E+02    0.52280E+02    0.23204E+02    0.64771E+02
   0.69776E+02    0.52463E+02    0.21934E+02    0.64741E+02
   0.69776E+02    0.52463E+02    0.21934E+02    0.64705E+02
   0.69816E+02    0.52632E+02    0.20848E+02    0.64660E+02
   0.69816E+02    0.52632E+02    0.20848E+02    0.64610E+02
   0.69848E+02    0.52786E+02    0.19954E+02    0.64553E+02
   0.69848E+02    0.52786E+02    0.19954E+02    0.64491E+02
   0.69873E+02    0.52921E+02    0.19267E+02    0.64423E+02
   0.69873E+02    0.52921E+02    0.19267E+02    0.64351E+02
   0.69889E+02    0.53037E+02    0.18788E+02    0.64274E+02
   0.69889E+02    0.53037E+02    0.18788E+02    0.64194E+02
   0.69897E+02    0.53133E+02    0.18518E+02    0.64110E+02
   0.69897E+02    0.53133E+02    0.18518E+02    0.64023E+02
   0.69897E+02    0.53206E+02    0.18456E+02    0.63934E+02
   0.69897E+02    0.53206E+02    0.18456E+02    0.63844E+02
   0.69890E+02    0.53257E+02    0.18593E+02    0.63753E+02
   0.69890E+02    0.53257E+02    0.18593E+02    0.63661E+02
   0.69875E+02    0.53285E+02    0.18921E+02    0.63569E+02
   0.69875E+02    0.53285E+02    0.18921E+02    0.63477E+02
   0.69853E+02    0.53292E+02    0.19425E+02    0.63386E+02
   0.69853E+02    0.53292E+02    0.19425E+02    0.63297E+02
   0.69826E+02    0.53277E+02    0.20090E+02    0.63210E+02
   0.69826E+02    0.53277E+02    0.20090E+02    0.63125E+02
   0.69793E+02    0.53243E+02    0.20895E+02    0.63043E+02
   0.69793E+02    0.53243E+02    0.20895E+02    0.62964E+02
   0.69757E+02    0.53190E+02    0.21820E+02    0.62888E+02
   0.69757E+02    0.53190E+02    0.21820E+02    0.62817E+02
   0.69717E+02    0.53121E+02    0.22841E+02    0.62750E+02
   0.69717E+02    0.53121E+02    0.22841E+02    0.62686E+02
   0.69675E+02    0.53037E+02    0.23933E+02    0.62628E+02
   0.69675E+02    0.53037E+02    0.23933E+02    0.62575E+02
   0.69632E+02    0.52941E+02    0.25072E+02    0.62527E+02
   0.69632E+02    0.52941E+02    0.25072E+02    0.62483E+02
   0.69589E+02    0.52837E+02    0.26231E+02    0.62446E+02
   0.69589E+02    0.52837E+02    0.26231E+02    0.62413E+02
   0.69547E+02    0.52725E+02    0.27387E+02    0.62386E+02
   0.69547E+02    0.52725E+02    0.27387E+02    0.62364E+02
   0.69507E+02    0.52610E+02    0.28513E+02    0.62348E+02
   0.69507E+02    0.52610E+02    0.28513E+02    0.62336E+02
   0.69470E+02    0.52493E+02    0.29589E+02    0.62331E+02
   0.69470E+02    0.52493E+02    0.29589E+02    0.62329E+02
   0.69436E+02    0.52378E+02    0.30594E+02    0.62333E+02
   0.69436E+02    0.52378E+02    0.30594E+02    0.62342E+02
   0.69406E+02    0.52267E+02    0.31510E+02    0.62356E+02
   0.69406E+02    0.52267E+02    0.31510E+02    0.62373E+02
   0.69382E+02    0.52163E+02    0.32323E+02    0.62395E+02
   0.69382E+02    0.52163E+02    0.32323E+02    0.62420E+02
   0.69362E+02    0.52066E+02    0.33020E+02    0.62449E+02
   0.69362E+02    0.52066E+02    0.33020E+02    0.62482E+02
   0.69347E+02    0.51979E+02    0.33593E+02    0.62518E+02
   0.69347E+02    0.51979E+02    0.33593E+02    0.62556E+02
   0.69337E+02    0.51904E+02    0.34038E+02    0.62597E+02
   0.69337E+02    0.51904E+02    0.34038E+02    0.62639E+02
   0.69333E+02    0.51841E+02    0.34349E+02    0.62685E+02
   0.69333E+02    0.51841E+02    0.34349E+02    0.62731E+02
   0.69333E+02    0.51791E+02    0.34532E+02    0.62778E+02
   0.69333E+02    0.51791E+02    0.34532E+02    0.62827E+02
   0.69338E+02    0.51755E+02    0.34586E+02    0.62876E+02
   0.69338E+02    0.51755E+02    0.34586E+02    0.62926E+02
   0.69347E+02    0.51732E+02    0.34520E+02    0.62976E+02
   0.69347E+02    0.51732E+02    0.34520E+02    0.63025E+02
   0.69360E+02    0.51722E+02    0.34343E+02    0.63074E+02
   0.69360E+02    0.51722E+02    0.34343E+02    0.63122E+02
   0.69376E+02    0.51724E+02    0.34063E+02    0.63170E+02
   0.69376E+02    0.51724E+02    0.34063E+02    0.63216E+02
   0.69395E+02    0.51739E+02    0.33694E+02    0.63261E+02
   0.69395E+02    0.51739E+02    0.33694E+02    0.63304E+02
   0.69415E+02    0.51764E+02    0.33249E+02    0.63345E+02
   0.69415E+02    0.51764E+02    0.33249E+02    0.63384E+02
   0.69438E+02    0.51798E+02    0.32741E+02    0.63421E+02
   0.69438E+02    0.51798E+02    0.32741E+02    0.63457E+02
   0.69461E+02    0.51841E+02    0.32185E+02    0.63489E+02
   0.69461E+02    0.51841E+02    0.32185E+02    0.63519E+02
   0.69484E+02    0.51890E+02    0.31595E+02    0.63546E+02
   0.69484E+02    0.51890E+02    0.31595E+02    0.63571E+02
   0.69508E+02    0.51945E+02    0.30986E+02    0.63593E+02
   0.69508E+02    0.51945E+02    0.30986E+02    0.63613E+02
   0.69530E+02    0.52003E+02    0.30372E+02    0.63629E+02
   0.69530E+02    0.52003E+02    0.30372E+02    0.63642E+02
   0.69552E+02    0.52063E+02    0.29766E+02    0.63653E+02
   0.69552E+02    0.52063E+02    0.29766E+02    0.63661E+02
   0.69572E+02    0.52124E+02    0.29179E+02    0.63666E+02
   0.69572E+02    0.52124E+02    0.29179E+02    0.63669E+02
   0.69591E+02    0.52184E+02    0.28624E+02    0.63669E+02
   0.69591E+02    0.52184E+02    0.28624E+02    0.63666E+02
   0.69607E+02    0.52242E+02    0.28108E+02    0.63661E+02
   0.69607E+02    0.52242E+02    0.28108E+02    0.63654E+02
   0.69621E+02    0.52297E+02    0.27642E+02    0.63644E+02
   0.69621E+02    0.52297E+02    0.27642E+02    0.63632E+02
   0.69632E+02    0.52348E+02    0.27232E+02    0.63618E+02
   0.69632E+02    0.52348E+02    0.27232E+02    0.63602E+02
   0.69640E+02    0.52393E+02    0.26882E+02    0.63584E+02
   0.69640E+02    0.52393E+02    0.26882E+02    0.63565E+02
   0.69646E+02    0.52432E+02    0.26597E+02    0.63545E+02
   0.69646E+02    0.52432E+02    0.26597E+02    0.63523E+02
   0.69649E+02    0.52465E+02    0.26379E+02    0.63500E+02
   0.69649E+02    0.52465E+02    0.26379E+02    0.63476E+02
   0.69650E+02    0.52491E+02    0.26228E+02    0.63451E+02
   0.69650E+02    0.52491E+02    0.26228E+02    0.63426E+02
   0.69648E+02    0.52509E+02    0.26144E+02    0.63400E+02
   0.69648E+02    0.52509E+02    0.26144E+02    0.63374E+02
   0.69643E+02    0.52521E+02    0.26124E+02    0.63348E+02
   0.69643E+02    0.52521E+02    0.26124E+02    0.63322E+02
   0.69637E+02    0.52525E+02    0.26165E+02    0.63296E+02
   0.69637E+02    0.52525E+02    0.26165E+02    0.63270E+02
   0.69628E+02    0.52522E+02    0.26262E+02    0.63245E+02
   0.69628E+02    0.52522E+02    0.26262E+02    0.63221E+02
   0.69618E+02    0.52513E+02    0.26410E+02    0.63197E+02
   0.69618E+02    0.52513E+02    0.26410E+02    0.63174E+02
   0.69606E+02    0.52498E+02    0.26602E+02    0.63152E+02
   0.69606E+02    0.52498E+02    0.26602E+02    0.63132E+02
   0.69594E+02    0.52477E+02    0.26831E+02    0.63112E+02
   0.69594E+02    0.52477E+02    0.26831E+02    0.63094E+02
   0.69580E+02    0.52451E+02    0.27090E+02    0.63077E+02
   0.69580E+02    0.52451E+02    0.27090E+02    0.63062E+02
   0.69567E+02    0.52422E+02    0.27370E+02    0.63048E+02
   0.69567E+02    0.52422E+02    0.27370E+02    0.63035E+02
   0.69553E+02    0.52389E+02    0.27665E+02    0.63024E+02
   0.69553E+02    0.52389E+02    0.27665E+02    0.63015E+02
   0.69540E+02    0.52354E+02    0.27966E+02    0.63008E+02
   0.69540E+02    0.52354E+02    0.27966E+02    0.63002E+02
   0.69527E+02    0.52318E+02    0.28265E+02    0.62997E+02
   0.69527E+02    0.52318E+02    0.28265E+02    0.62994E+02
   0.69515E+02    0.52282E+02    0.28556E+02    0.62993E+02
   0.69515E+02    0.52282E+02    0.28556E+02    0.62994E+02
   0.69504E+02    0.52245E+02    0.28833E+02    0.62996E+02
   0.69504E+02    0.52245E+02    0.28833E+02    0.62999E+02
   0.69495E+02    0.52210E+02    0.29088E+02    0.63004E+02
   0.69495E+02    0.52210E+02    0.29088E+02    0.63010E+02
   0.69487E+02    0.52177E+02    0.29319E+02    0.63018E+02
   0.69487E+02    0.52177E+02    0.29319E+02    0.63026E+02
   0.69480E+02    0.52146E+02    0.29519E+02    0.63037E+02
   0.69480E+02    0.52146E+02    0.29519E+02    0.63047E+02
   0.69475E+02    0.52119E+02    0.29687E+02    0.63057E+02
   0.69475E+02    0.52119E+02    0.29687E+02    0.63060E+02
   0.69472E+02    0.52094E+02    0.29819E+02    0.63053E+02
   0.69472E+02    0.52094E+02    0.29819E+02    0.63035E+02
   0.69469E+02    0.52074E+02    0.30528E+02    0.63009E+02
   0.69469E+02    0.52074E+02    0.30528E+02    0.62981E+02
   0.69464E+02    0.52059E+02    0.33455E+02    0.62954E+02
   0.69464E+02    0.52059E+02    0.33455E+02    0.62928E+02
   0.69450E+02    0.52048E+02    0.38306E+02    0.62896E+02
   0.69450E+02    0.52048E+02    0.38306E+02    0.62857E+02
   0.69426E+02    0.52042E+02    0.43421E+02    0.62804E+02
   0.69426E+02    0.52042E+02    0.43421E+02    0.62739E+02
   0.69413E+02    0.52040E+02    0.48417E+02    0.62659E+02
   0.69413E+02    0.52040E+02    0.48417E+02    0.62570E+02
   0.69429E+02    0.52049E+02    0.53155E+02    0.62465E+02
   0.69429E+02    0.52049E+02    0.53155E+02    0.62350E+02
   0.69472E+02    0.52076E+02    0.57618E+02    0.62219E+02
   0.69472E+02    0.52076E+02    0.57618E+02    0.62078E+02
   0.69525E+02    0.52120E+02    0.61781E+02    0.61919E+02
   0.69525E+02    0.52120E+02    0.61781E+02    0.61751E+02
   0.69575E+02    0.52179E+02    0.65658E+02    0.61567E+02
   0.69575E+02    0.52179E+02    0.65658E+02    0.61375E+02
   0.69614E+02    0.52247E+02    0.69278E+02    0.61169E+02
   0.69614E+02    0.52247E+02    0.69278E+02    0.60955E+02
   0.69641E+02    0.52318E+02    0.72674E+02    0.60729E+02
   0.69641E+02    0.52318E+02    0.72674E+02    0.60498E+02
   0.69657E+02    0.52387E+02    0.75872E+02    0.60256E+02
   0.69657E+02    0.52387E+02    0.75872E+02    0.60010E+02
   0.69664E+02    0.52448E+02    0.78897E+02    0.59755E+02
   0.69664E+02    0.52448E+02    0.78897E+02    0.59499E+02
   0.69661E+02    0.52494E+02    0.81768E+02    0.59236E+02
   0.69661E+02    0.52494E+02    0.81768E+02    0.58972E+02
   0.69648E+02    0.52523E+02    0.84502E+02    0.58705E+02
   0.69648E+02    0.52523E+02    0.84502E+02    0.58439E+02
   0.69624E+02    0.52531E+02    0.87109E+02    0.58172E+02
   0.69624E+02    0.52531E+02    0.87109E+02    0.57907E+02
   0.69588E+02    0.52514E+02    0.89598E+02    0.57644E+02
   0.69588E+02    0.52514E+02    0.89598E+02    0.57385E+02
   0.69540E+02    0.52470E+02    0.91971E+02    0.57130E+02
   0.69540E+02    0.52470E+02    0.91971E+02    0.56881E+02
   0.69481E+02    0.52398E+02    0.94227E+02    0.56639E+02
   0.69481E+02    0.52398E+02    0.94227E+02    0.56405E+02
   0.69413E+02    0.52297E+02    0.96363E+02    0.56178E+02
   0.69413E+02    0.52297E+02    0.96363E+02    0.55962E+02
   0.69335E+02    0.52167E+02    0.98182E+02    0.55756E+02
   0.69335E+02    0.52167E+02    0.98182E+02    0.55561E+02
   0.69249E+02    0.52007E+02    0.99091E+02    0.55379E+02
   0.69249E+02    0.52007E+02    0.99091E+02    0.55210E+02
   0.69157E+02    0.51821E+02    0.99546E+02    0.55056E+02
   0.69157E+02    0.51821E+02    0.99546E+02    0.54918E+02
   0.69058E+02    0.51608E+02    0.99773E+02    0.54797E+02
   0.69058E+02    0.51608E+02    0.99773E+02    0.54692E+02
   0.68949E+02    0.51368E+02    0.99886E+02    0.54605E+02
   0.68949E+02    0.51368E+02    0.99886E+02    0.54536E+02
   0.68832E+02    0.51103E+02    0.99943E+02    0.54486E+02
   0.68832E+02    0.51103E+02    0.99943E+02    0.54454E+02
   0.68710E+02    0.50817E+02    0.99972E+02    0.54441E+02
   0.68710E+02    0.50817E+02    0.99972E+02    0.54445E+02
   0.68589E+02    0.50513E+02    0.99986E+02    0.54469E+02
   0.68589E+02    0.50513E+02    0.99986E+02    0.54509E+02
   0.68473E+02    0.50199E+02    0.99993E+02    0.54569E+02
   0.68473E+02    0.50199E+02    0.99993E+02    0.54643E+02
   0.68367E+02    0.49882E+02    0.99996E+02    0.54736E+02
   0.68367E+02    0.49882E+02    0.99996E+02    0.54842E+02
   0.68274E+02    0.49570E+02    0.99998E+02    0.54964E+02
   0.68274E+02    0.49570E+02    0.99998E+02    0.55099E+02
   0.68195E+02    0.49271E+02    0.99999E+02    0.55247E+02
   0.68195E+02    0.49271E+02    0.99999E+02    0.55406E+02
   0.68133E+02    0.48993E+02    0.10000E+03    0.55576E+02
   0.68133E+02    0.48993E+02    0.10000E+03    0.55754E+02
   0.68090E+02    0.48743E+02    0.10000E+03    0.55942E+02
   0.68090E+02    0.48743E+02    0.10000E+03    0.56135E+02
   0.68066E+02    0.48529E+02    0.99690E+02    0.56335E+02
   0.68066E+02    0.48529E+02    0.99690E+02    0.56539E+02
   0.68063E+02    0.48356E+02    0.99027E+02    0.56746E+02
   0.68063E+02    0.48356E+02    0.99027E+02    0.56957E+02
   0.68080E+02    0.48228E+02    0.97992E+02    0.57168E+02
   0.68080E+02    0.48228E+02    0.97992E+02    0.57380E+02
   0.68115E+02    0.48148E+02    0.96613E+02    0.57591E+02
   0.68115E+02    0.48148E+02    0.96613E+02    0.57802E+02
   0.68165E+02    0.48116E+02    0.94924E+02    0.58009E+02
   0.68165E+02    0.48116E+02    0.94924E+02    0.58214E+02
   0.68226E+02    0.48130E+02    0.92968E+02    0.58415E+02
   0.68226E+02    0.48130E+02    0.92968E+02    0.58611E+02
   0.68295E+02    0.48188E+02    0.90796E+02    0.58801E+02
   0.68295E+02    0.48188E+02    0.90796E+02    0.58986E+02
   0.68373E+02    0.48286E+02    0.88455E+02    0.59164E+02
   0.68373E+02    0.48286E+02    0.88455E+02    0.59338E+02
   0.68456E+02    0.48421E+02    0.85998E+02    0.59505E+02
   0.68456E+02    0.48421E+02    0.85998E+02    0.59667E+02
   0.68543E+02    0.48587E+02    0.83473E+02    0.59819E+02
   0.68543E+02    0.48587E+02    0.83473E+02    0.59964E+02
   0.68632E+02    0.48781E+02    0.80920E+02    0.60097E+02
   0.68632E+02    0.48781E+02    0.80920E+02    0.60222E+02
   0.68722E+02    0.48997E+02    0.78386E+02    0.60335E+02
   0.68722E+02    0.48997E+02    0.78386E+02    0.60439E+02
   0.68813E+02    0.49230E+02    0.75923E+02    0.60530E+02
   0.68813E+02    0.49230E+02    0.75923E+02    0.60611E+02
   0.68903E+02    0.49477E+02    0.73570E+02    0.60678E+02
   0.68903E+02    0.49477E+02    0.73570E+02    0.60734E+02
   0.68990E+02    0.49732E+02    0.71359E+02    0.60777E+02
   0.68990E+02    0.49732E+02    0.71359E+02    0.60809E+02
   0.69073E+02    0.49990E+02    0.69323E+02    0.60827E+02
   0.69073E+02    0.49990E+02    0.69323E+02    0.60834E+02
   0.69149E+02    0.50246E+02    0.67491E+02    0.60826E+02
   0.69149E+02    0.50246E+02    0.67491E+02    0.60807E+02
   0.69218E+02    0.50495E+02    0.65883E+02    0.60775E+02
   0.69218E+02    0.50495E+02    0.65883E+02    0.60733E+02
   0.69279E+02    0.50733E+02    0.64524E+02    0.60678E+02
   0.69279E+02    0.50733E+02    0.64524E+02    0.60613E+02
   0.69331E+02    0.50956E+02    0.63428E+02    0.60536E+02
   0.69331E+02    0.50956E+02    0.63428E+02    0.60451E+02
   0.69372E+02    0.51160E+02    0.62600E+02    0.60354E+02
   0.69372E+02    0.51160E+02    0.62600E+02    0.60250E+02
   0.69402E+02    0.51341E+02    0.62052E+02    0.60136E+02
   0.69402E+02    0.51341E+02    0.62052E+02    0.60015E+02
   0.69422E+02    0.51496E+02    0.61785E+02    0.59887E+02
   0.69422E+02    0.51496E+02    0.61785E+02    0.59753E+02
   0.69430E+02    0.51624E+02    0.61795E+02    0.59613E+02
   0.69430E+02    0.51624E+02    0.61795E+02    0.59468E+02
   0.69427E+02    0.51722E+02    0.62078E+02    0.59319E+02
   0.69427E+02    0.51722E+02    0.62078E+02    0.59167E+02
   0.69413E+02    0.51789E+02    0.62621E+02    0.59013E+02
   0.69413E+02    0.51789E+02    0.62621E+02    0.58857E+02
   0.69388E+02    0.51825E+02    0.63411E+02    0.58701E+02
   0.69388E+02    0.51825E+02    0.63411E+02    0.58545E+02
   0.69353E+02    0.51829E+02    0.64429E+02    0.58390E+02
   0.69353E+02    0.51829E+02    0.64429E+02    0.58237E+02
   0.69309E+02    0.51802E+02    0.65652E+02    0.58086E+02
   0.69309E+02    0.51802E+02    0.65652E+02    0.57939E+02
   0.69256E+02    0.51744E+02    0.67055E+02    0.57796E+02
   0.69256E+02    0.51744E+02    0.67055E+02    0.57658E+02
   0.69196E+02    0.51658E+02    0.68608E+02    0.57525E+02
   0.69196E+02    0.51658E+02    0.68608E+02    0.57398E+02
   0.69131E+02    0.51546E+02    0.70281E+02    0.57279E+02
   0.69131E+02    0.51546E+02    0.70281E+02    0.57166E+02
   0.69061E+02    0.51410E+02    0.72038E+02    0.57062E+02
   0.69061E+02    0.51410E+02    0.72038E+02    0.56965E+02
   0.68988E+02    0.51254E+02    0.73844E+02    0.56878E+02
   0.68988E+02    0.51254E+02    0.73844E+02    0.56798E+02
   0.68914E+02    0.51081E+02    0.75663E+02    0.56730E+02
   0.68914E+02    0.51081E+02    0.75663E+02    0.56669E+02
   0.68841E+02    0.50895E+02    0.77458E+02    0.56618E+02
   0.68841E+02    0.50895E+02    0.77458E+02    0.56577E+02
   0.68771E+02    0.50701E+02    0.79194E+02    0.56546E+02
   0.68771E+02    0.50701E+02    0.79194E+02    0.56525E+02
   0.68704E+02    0.50502E+02    0.80838E+02    0.56513E+02
   0.68704E+02    0.50502E+02    0.80838E+02    0.56510E+02
   0.68642E+02    0.50303E+02    0.82357E+02    0.56518E+02
   0.68642E+02    0.50303E+02    0.82357E+02    0.56534E+02
   0.68588E+02    0.50108E+02    0.83724E+02    0.56561E+02
   0.68588E+02    0.50108E+02    0.83724E+02    0.56595E+02
   0.68541E+02    0.49922E+02    0.84917E+02    0.56638E+02
   0.68541E+02    0.49922E+02    0.84917E+02    0.56687E+02
   0.68502E+02    0.49748E+02    0.85915E+02    0.56747E+02
   0.68502E+02    0.49748E+02    0.85915E+02    0.56812E+02
   0.68473E+02    0.49591E+02    0.86704E+02    0.56885E+02
   0.68473E+02    0.49591E+02    0.86704E+02    0.56962E+02
   0.68454E+02    0.49452E+02    0.87276E+02    0.57047E+02
   0.68454E+02    0.49452E+02    0.87276E+02    0.57136E+02
   0.68444E+02    0.49334E+02    0.87625E+02    0.57231E+02
   0.68444E+02    0.49334E+02    0.87625E+02    0.57329E+02
   0.68444E+02    0.49240E+02    0.87756E+02    0.57431E+02
   0.68444E+02    0.49240E+02    0.87756E+02    0.57535E+02
   0.68453E+02    0.49171E+02    0.87670E+02    0.57643E+02
   0.68453E+02    0.49171E+02    0.87670E+02    0.57753E+02
   0.68472E+02    0.49128E+02    0.87381E+02    0.57863E+02
   0.68472E+02    0.49128E+02    0.87381E+02    0.57974E+02
   0.68498E+02    0.49111E+02    0.86902E+02    0.58086E+02
   0.68498E+02    0.49111E+02    0.86902E+02    0.58197E+02
   0.68532E+02    0.49119E+02    0.86250E+02    0.58308E+02
   0.68532E+02    0.49119E+02    0.86250E+02    0.58417E+02
   0.68573E+02    0.49152E+02    0.85448E+02    0.58524E+02
   0.68573E+02    0.49152E+02    0.85448E+02    0.58629E+02
   0.68619E+02    0.49208E+02    0.84516E+02    0.58731E+02
   0.68619E+02    0.49208E+02    0.84516E+02    0.58830E+02
   0.68669E+02    0.49287E+02    0.83480E+02    0.58925E+02
   0.68669E+02    0.49287E+02    0.83480E+02    0.59016E+02
   0.68723E+02    0.49385E+02    0.82365E+02    0.59103E+02
   0.68723E+02    0.49385E+02    0.82365E+02    0.59185E+02
   0.68779E+02    0.49500E+02    0.81197E+02    0.59261E+02
   0.68779E+02    0.49500E+02    0.81197E+02    0.59333E+02
   0.68837E+02    0.49629E+02    0.80001E+02    0.59398E+02
   0.68837E+02    0.49629E+02    0.80001E+02    0.59458E+02
   0.68895E+02    0.49771E+02    0.78803E+02    0.59512E+02
   0.68895E+02    0.49771E+02    0.78803E+02    0.59559E+02
   0.68952E+02    0.49921E+02    0.77627E+02    0.59600E+02
   0.68952E+02    0.49921E+02    0.77627E+02    0.59635E+02
   0.69008E+02    0.50077E+02    0.76495E+02    0.59663E+02
   0.69008E+02    0.50077E+02    0.76495E+02    0.59685E+02
   0.69061E+02    0.50235E+02    0.75428E+02    0.59700E+02
   0.69061E+02    0.50235E+02    0.75428E+02    0.59709E+02
   0.69110E+02    0.50394E+02    0.74445E+02    0.59711E+02
   0.69110E+02    0.50394E+02    0.74445E+02    0.59707E+02
   0.69156E+02    0.50549E+02    0.73563E+02    0.59696E+02
   0.69156E+02    0.50549E+02    0.73563E+02    0.59679E+02
   0.69197E+02    0.50699E+02    0.72795E+02    0.59656E+02
   0.69197E+02    0.50699E+02    0.72795E+02    0.59628E+02
   0.69233E+02    0.50841E+02    0.72153E+02    0.59594E+02
   0.69233E+02    0.50841E+02    0.72153E+02    0.59555E+02
   0.69263E+02    0.50973E+02    0.71646E+02    0.59510E+02
   0.69263E+02    0.50973E+02    0.71646E+02    0.59462E+02
   0.69287E+02    0.51092E+02    0.71279E+02    0.59409E+02
   0.69287E+02    0.51092E+02    0.71279E+02    0.59352E+02
   0.69305E+02    0.51198E+02    0.71058E+02    0.59291E+02
   0.69305E+02    0.51198E+02    0.71058E+02    0.59227E+02
   0.69317E+02    0.51288E+02    0.70980E+02    0.59160E+02
   0.69317E+02    0.51288E+02    0.70980E+02    0.59091E+02
   0.69322E+02    0.51362E+02    0.71045E+02    0.59019E+02
   0.69322E+02    0.51362E+02    0.71045E+02    0.58946E+02
   0.69322E+02    0.51419E+02    0.71248E+02    0.58872E+02
   0.69322E+02    0.51419E+02    0.71248E+02    0.58797E+02
   0.69315E+02    0.51459E+02    0.71582E+02    0.58722E+02
   0.69315E+02    0.51459E+02    0.71582E+02    0.58646E+02
   0.69303E+02    0.51481E+02    0.72038E+02    0.58571E+02
   0.69303E+02    0.51481E+02    0.72038E+02    0.58497E+02
   0.69286E+02    0.51486E+02    0.72605E+02    0.58424E+02
   0.69286E+02    0.51486E+02    0.72605E+02    0.58353E+02
   0.69264E+02    0.51474E+02    0.73267E+02    0.58284E+02
   0.69264E+02    0.51474E+02    0.73267E+02    0.58216E+02
   0.69239E+02    0.51447E+02    0.74013E+02    0.58152E+02
   0.69239E+02    0.51447E+02    0.74013E+02    0.58090E+02
   0.69210E+02    0.51405E+02    0.74823E+02    0.58033E+02
   0.69210E+02    0.51405E+02    0.74823E+02    0.57978E+02
   0.69179E+02    0.51350E+02    0.75682E+02    0.57927E+02
   0.69179E+02    0.51350E+02    0.75682E+02    0.57880E+02
   0.69147E+02    0.51284E+02    0.76572E+02    0.57837E+02
   0.69147E+02    0.51284E+02    0.76572E+02    0.57798E+02
   0.69113E+02    0.51208E+02    0.77473E+02    0.57764E+02
   0.69113E+02    0.51208E+02    0.77473E+02    0.57734E+02
   0.69080E+02    0.51125E+02    0.78368E+02    0.57709E+02
   0.69080E+02    0.51125E+02    0.78368E+02    0.57689E+02
   0.69047E+02    0.51036E+02    0.79240E+02    0.57673E+02
   0.69047E+02    0.51036E+02    0.79240E+02    0.57662E+02
   0.69016E+02    0.50944E+02    0.80071E+02    0.57656E+02
   0.69016E+02    0.50944E+02    0.80071E+02    0.57654E+02
   0.68987E+02    0.50851E+02    0.80846E+02    0.57657E+02
   0.68987E+02    0.50851E+02    0.80846E+02    0.57664E+02
   0.68961E+02    0.50759E+02    0.81553E+02    0.57676E+02
   0.68961E+02    0.50759E+02    0.81553E+02    0.57691E+02
   0.68938E+02    0.50670E+02    0.82177E+02    0.57712E+02
   0.68938E+02    0.50670E+02    0.82177E+02    0.57735E+02
   0.68920E+02    0.50586E+02    0.82710E+02    0.57763E+02
   0.68920E+02    0.50586E+02    0.82710E+02    0.57793E+02
   0.68905E+02    0.50509E+02    0.83145E+02    0.57828E+02
   0.68905E+02    0.50509E+02    0.83145E+02    0.57865E+02
   0.68895E+02    0.50440E+02    0.83476E+02    0.57905E+02
   0.68895E+02    0.50440E+02    0.83476E+02    0.57947E+02
   0.68889E+02    0.50381E+02    0.83700E+02    0.57992E+02
   0.68889E+02    0.50381E+02    0.83700E+02    0.58038E+02
   0.68887E+02    0.50332E+02    0.83818E+02    0.58087E+02
   0.68887E+02    0.50332E+02    0.83818E+02    0.58136E+02
   0.68890E+02    0.50294E+02    0.83831E+02    0.58187E+02
   0.68890E+02    0.50294E+02    0.83831E+02    0.58239E+02
   0.68897E+02    0.50268E+02    0.83742E+02    0.58291E+02
   0.68897E+02    0.50268E+02    0.83742E+02    0.58344E+02
   0.68907E+02    0.50253E+02    0.83559E+02    0.58397E+02
   0.68907E+02    0.50253E+02    0.83559E+02    0.58449E+02
   0.68922E+02    0.50250E+02    0.83289E+02    0.58501E+02
   0.68922E+02    0.50250E+02    0.83289E+02    0.58552E+02
   0.68939E+02    0.50259E+02    0.82941E+02    0.58602E+02
   0.68939E+02    0.50259E+02    0.82941E+02    0.58652E+02
   0.68959E+02    0.50279E+02    0.82526E+02    0.58699E+02
   0.68959E+02    0.50279E+02    0.82526E+02    0.58745E+02
   0.68981E+02    0.50309E+02    0.82054E+02    0.58790E+02
   0.68981E+02    0.50309E+02    0.82054E+02    0.58832E+02
   0.69004E+02    0.50347E+02    0.81538E+02    0.58872E+02
   0.69004E+02    0.50347E+02    0.81538E+02    0.58910E+02
   0.69029E+02    0.50394E+02    0.80991E+02    0.58945E+02
   0.69029E+02    0.50394E+02    0.80991E+02    0.58977E+02
   0.69054E+02    0.50447E+02    0.80424E+02    0.59007E+02
   0.69054E+02    0.50447E+02    0.80424E+02    0.59034E+02
   0.69079E+02    0.50506E+02    0.79849E+02    0.59058E+02
   0.69079E+02    0.50506E+02    0.79849E+02    0.59079E+02
   0.69104E+02    0.50569E+02    0.79279E+02    0.59097E+02
   0.69104E+02    0.50569E+02    0.79279E+02    0.59112E+02
   0.69128E+02    0.50635E+02    0.78725E+02    0.59124E+02
   0.69128E+02    0.50635E+02    0.78725E+02    0.59133E+02
   0.69151E+02    0.50701E+02    0.78198E+02    0.59138E+02
   0.69151E+02    0.50701E+02    0.78198E+02    0.59141E+02
   0.69172E+02    0.50768E+02    0.77706E+02    0.59140E+02
   0.69172E+02    0.50768E+02    0.77706E+02    0.59137E+02
   0.69191E+02    0.50833E+02    0.77258E+02    0.59130E+02
   0.69191E+02    0.50833E+02    0.77258E+02    0.59121E+02
   0.69207E+02    0.50895E+02    0.76863E+02    0.59109E+02
   0.69207E+02    0.50895E+02    0.76863E+02    0.59094E+02
   0.69221E+02    0.50953E+02    0.76524E+02    0.59077E+02
   0.69221E+02    0.50953E+02    0.76524E+02    0.59058E+02
   0.69232E+02    0.51005E+02    0.76247E+02    0.59036E+02
   0.69232E+02    0.51005E+02    0.76247E+02    0.59013E+02
   0.69240E+02    0.51052E+02    0.76035E+02    0.58987E+02
   0.69240E+02    0.51052E+02    0.76035E+02    0.58959E+02
   0.69245E+02    0.51093E+02    0.75889E+02    0.58930E+02
   0.69245E+02    0.51093E+02    0.75889E+02    0.58900E+02
   0.69248E+02    0.51125E+02    0.75811E+02    0.58869E+02
   0.69248E+02    0.51125E+02    0.75811E+02    0.58836E+02
   0.69247E+02    0.51150E+02    0.75799E+02    0.58802E+02
   0.69247E+02    0.51150E+02    0.75799E+02    0.58768E+02
   0.69243E+02    0.51167E+02    0.75851E+02    0.58734E+02
   0.69243E+02    0.51167E+02    0.75851E+02    0.58699E+02
   0.69237E+02    0.51176E+02    0.75964E+02    0.58664E+02
   0.69237E+02    0.51176E+02    0.75964E+02    0.58629E+02
   0.69227E+02    0.51177E+02    0.76132E+02    0.58594E+02
   0.69227E+02    0.51177E+02    0.76132E+02    0.58560E+02
   0.69216E+02    0.51169E+02    0.76351E+02    0.58527E+02
   0.69216E+02    0.51169E+02    0.76351E+02    0.58494E+02
   0.69203E+02    0.51154E+02    0.76614E+02    0.58462E+02
   0.69203E+02    0.51154E+02    0.76614E+02    0.58431E+02
   0.69188E+02    0.51132E+02    0.76914E+02    0.58402E+02
   0.69188E+02    0.51132E+02    0.76914E+02    0.58374E+02
   0.69172E+02    0.51103E+02    0.77243E+02    0.58347E+02
   0.69172E+02    0.51103E+02    0.77243E+02    0.58322E+02
   0.69154E+02    0.51068E+02    0.77593E+02    0.58299E+02
   0.69154E+02    0.51068E+02    0.77593E+02    0.58277E+02
   0.69136E+02    0.51028E+02    0.77956E+02    0.58258E+02
   0.69136E+02    0.51028E+02    0.77956E+02    0.58240E+02
   0.69118E+02    0.50985E+02    0.78324E+02    0.58224E+02
   0.69118E+02    0.50985E+02    0.78324E+02    0.58210E+02
   0.69100E+02    0.50938E+02    0.78689E+02    0.58199E+02
   0.69100E+02    0.50938E+02    0.78689E+02    0.58189E+02
   0.69083E+02    0.50889E+02    0.79043E+02    0.58182E+02
   0.69083E+02    0.50889E+02    0.79043E+02    0.58176E+02
   0.69066E+02    0.50839E+02    0.79378E+02    0.58173E+02
   0.69066E+02    0.50839E+02    0.79378E+02    0.58172E+02
   0.69051E+02    0.50789E+02    0.79688E+02    0.58173E+02
   0.69051E+02    0.50789E+02    0.79688E+02    0.58176E+02
   0.69036E+02    0.50739E+02    0.79967E+02    0.58181E+02
   0.69036E+02    0.50739E+02    0.79967E+02    0.58187E+02
   0.69024E+02    0.50691E+02    0.80210E+02    0.58196E+02
   0.69024E+02    0.50691E+02    0.80210E+02    0.58206E+02
   0.69013E+02    0.50646E+02    0.80413E+02    0.58218E+02
   0.69013E+02    0.50646E+02    0.80413E+02    0.58231E+02
   0.69004E+02    0.50604E+02    0.80573E+02    0.58246E+02
   0.69004E+02    0.50604E+02    0.80573E+02    0.58262E+02
   0.68997E+02    0.50567E+02    0.80687E+02    0.58279E+02
   0.68997E+02    0.50567E+02    0.80687E+02    0.58298E+02
   0.68992E+02    0.50533E+02    0.80755E+02    0.58317E+02
   0.68992E+02    0.50533E+02    0.80755E+02    0.58337E+02
   0.68990E+02    0.50505E+02    0.80776E+02    0.58358E+02
   0.68990E+02    0.50505E+02    0.80776E+02    0.58380E+02
   0.68989E+02    0.50482E+02    0.80751E+02    0.58402E+02
   0.68989E+02    0.50482E+02    0.80751E+02    0.58425E+02
   0.68990E+02    0.50465E+02    0.80683E+02    0.58447E+02
   0.68990E+02    0.50465E+02    0.80683E+02    0.58470E+02
   0.68993E+02    0.50453E+02    0.80574E+02    0.58493E+02
   0.68993E+02    0.50453E+02    0.80574E+02    0.58516E+02
   0.68998E+02    0.50446E+02    0.80427E+02    0.58538E+02
   0.68998E+02    0.50446E+02    0.80427E+02    0.58560E+02
   0.69004E+02    0.50445E+02    0.80247E+02    0.58582E+02
   0.69004E+02    0.50445E+02    0.80247E+02    0.58603E+02
   0.69011E+02    0.50449E+02    0.80039E+02    0.58623E+02
   0.69011E+02    0.50449E+02    0.80039E+02    0.58643E+02
   0.69020E+02    0.50458E+02    0.79806E+02    0.58662E+02
   0.69020E+02    0.50458E+02    0.79806E+02    0.58679E+02
   0.69029E+02    0.50471E+02    0.79555E+02    0.58696E+02
   0.69029E+02    0.50471E+02    0.79555E+02    0.58712E+02
   0.69038E+02    0.50488E+02    0.79292E+02    0.58726E+02
   0.69038E+02    0.50488E+02    0.79292E+02    0.58740E+02
   0.69049E+02    0.50509E+02    0.79021E+02    0.58751E+02
   0.69049E+02    0.50509E+02    0.79021E+02    0.58762E+02
   0.69059E+02    0.50531E+02    0.78749E+02    0.58771E+02
   0.69059E+02    0.50531E+02    0.78749E+02    0.58779E+02
   0.69069E+02    0.50556E+02    0.78481E+02    0.58786E+02
   0.69069E+02    0.50556E+02    0.78481E+02    0.58791E+02
   0.69078E+02    0.50582E+02    0.78221E+02    0.58794E+02
   0.69078E+02    0.50582E+02    0.78221E+02    0.58797E+02
   0.69087E+02    0.50609E+02    0.77975E+02    0.58797E+02
   0.69087E+02    0.50609E+02    0.77975E+02    0.58797E+02
   0.69096E+02    0.50636E+02    0.77747E+02    0.58795E+02
   0.69096E+02    0.50636E+02    0.77747E+02    0.58792E+02
   0.69103E+02    0.50662E+02    0.77540E+02    0.58787E+02
   0.69103E+02    0.50662E+02    0.77540E+02    0.58781E+02
   0.69110E+02    0.50687E+02    0.77359E+02    0.58774E+02
   0.69110E+02    0.50687E+02    0.77359E+02    0.58766E+02
   0.69115E+02    0.50711E+02    0.77205E+02    0.58756E+02
   0.69115E+02    0.50711E+02    0.77205E+02    0.58746E+02
   0.69119E+02    0.50732E+02    0.77080E+02    0.58734E+02
   0.69119E+02    0.50732E+02    0.77080E+02    0.58722E+02
   0.69121E+02    0.50750E+02    0.76987E+02    0.58708E+02
   0.69121E+02    0.50750E+02    0.76987E+02    0.58694E+02
   0.69122E+02    0.50766E+02    0.76925E+02    0.58680E+02
   0.69122E+02    0.50766E+02    0.76925E+02    0.58664E+02
   0.69122E+02    0.50778E+02    0.76894E+02    0.58649E+02
   0.69122E+02    0.50778E+02    0.76894E+02    0.58632E+02
   0.69121E+02    0.50786E+02    0.76894E+02    0.58616E+02
   0.69121E+02    0.50786E+02    0.76894E+02    0.58599E+02
   0.69118E+02    0.50791E+02    0.76924E+02    0.58582E+02
   0.69118E+02    0.50791E+02    0.76924E+02    0.58565E+02
   0.69114E+02    0.50793E+02    0.76982E+02    0.58548E+02
   0.69114E+02    0.50793E+02    0.76982E+02    0.58531E+02
   0.69109E+02    0.50790E+02    0.77066E+02    0.58514E+02
   0.69109E+02    0.50790E+02    0.77066E+02    0.58497E+02
   0.69103E+02    0.50785E+02    0.77173E+02    0.58481E+02
   0.69103E+02    0.50785E+02    0.77173E+02    0.58465E+02
   0.69097E+02    0.50775E+02    0.77299E+02    0.58450E+02
   0.69097E+02    0.50775E+02    0.77299E+02    0.58435E+02
   0.69089E+02    0.50763E+02    0.77443E+02    0.58424E+02
   0.69089E+02    0.50763E+02    0.77443E+02    0.58421E+02
   0.69081E+02    0.50748E+02    0.77599E+02    0.58430E+02
   0.69081E+02    0.50748E+02    0.77599E+02    0.58453E+02
   0.69073E+02    0.50730E+02    0.77198E+02    0.58486E+02
   0.69073E+02    0.50730E+02    0.77198E+02    0.58525E+02
   0.69068E+02    0.50710E+02    0.74718E+02    0.58566E+02
   0.69068E+02    0.50710E+02    0.74718E+02    0.58610E+02
   0.69069E+02    0.50688E+02    0.70418E+02    0.58662E+02
   0.69069E+02    0.50688E+02    0.70418E+02    0.58723E+02
   0.69076E+02    0.50663E+02    0.65809E+02    0.58798E+02
   0.69076E+02    0.50663E+02    0.65809E+02    0.58885E+02
   0.69072E+02    0.50635E+02    0.61213E+02    0.58987E+02
   0.69072E+02    0.50635E+02    0.61213E+02    0.59099E+02
   0.69043E+02    0.50597E+02    0.56735E+02    0.59225E+02
   0.69043E+02    0.50597E+02    0.56735E+02    0.59361E+02
   0.68994E+02    0.50545E+02    0.52392E+02    0.59511E+02
   0.68994E+02    0.50545E+02    0.52392E+02    0.59670E+02
   0.68939E+02    0.50479E+02    0.48218E+02    0.59843E+02
   0.68939E+02    0.50479E+02    0.48218E+02    0.60024E+02
   0.68892E+02    0.50404E+02    0.44223E+02    0.60218E+02
   0.68892E+02    0.50404E+02    0.44223E+02    0.60417E+02
   0.68856E+02    0.50323E+02    0.40401E+02    0.60626E+02
   0.68856E+02    0.50323E+02    0.40401E+02    0.60840E+02
   0.68834E+02    0.50243E+02    0.36743E+02    0.61063E+02
   0.68834E+02    0.50243E+02    0.36743E+02    0.61288E+02
   0.68825E+02    0.50171E+02    0.33247E+02    0.61519E+02
   0.68825E+02    0.50171E+02    0.33247E+02    0.61750E+02
   0.68827E+02    0.50113E+02    0.29907E+02    0.61986E+02
   0.68827E+02    0.50113E+02    0.29907E+02    0.62221E+02
   0.68840E+02    0.50072E+02    0.26717E+02    0.62459E+02
   0.68840E+02    0.50072E+02    0.26717E+02    0.62693E+02
   0.68863E+02    0.50052E+02    0.23676E+02    0.62928E+02
   0.68863E+02    0.50052E+02    0.23676E+02    0.63159E+02
   0.68899E+02    0.50058E+02    0.20783E+02    0.63389E+02
   0.68899E+02    0.50058E+02    0.20783E+02    0.63613E+02
   0.68945E+02    0.50089E+02    0.18041E+02    0.63834E+02
   0.68945E+02    0.50089E+02    0.18041E+02    0.64048E+02
   0.69000E+02    0.50147E+02    0.15456E+02    0.64257E+02
   0.69000E+02    0.50147E+02    0.15456E+02    0.64459E+02
   0.69064E+02    0.50233E+02    0.13035E+02    0.64654E+02
   0.69064E+02    0.50233E+02    0.13035E+02    0.64842E+02
   0.69135E+02    0.50344E+02    0.10788E+02    0.65021E+02
   0.69135E+02    0.50344E+02    0.10788E+02    0.65191E+02
   0.69210E+02    0.50481E+02    0.87266E+01    0.65352E+02
   0.69210E+02    0.50481E+02    0.87266E+01    0.65503E+02
   0.69289E+02    0.50639E+02    0.68611E+01    0.65645E+02
   0.69289E+02    0.50639E+02    0.68611E+01    0.65776E+02
   0.69370E+02    0.50817E+02    0.52040E+01    0.65896E+02
   0.69370E+02    0.50817E+02    0.52040E+01    0.66005E+02
   0.69451E+02    0.51011E+02    0.37645E+01    0.66103E+02
   0.69451E+02    0.51011E+02    0.37645E+01    0.66190E+02
   0.69532E+02    0.51217E+02    0.25527E+01    0.66265E+02
   0.69532E+02    0.51217E+02    0.25527E+01    0.66329E+02
   0.69612E+02    0.51432E+02    0.15772E+01    0.66380E+02
   0.69612E+02    0.51432E+02    0.15772E+01    0.66420E+02
   0.69688E+02    0.51652E+02    0.84209E+00    0.66448E+02
   0.69688E+02    0.51652E+02    0.84209E+00    0.66464E+02
   0.69760E+02    0.51873E+02    0.42096E+00    0.66468E+02
   0.69760E+02    0.51873E+02    0.42096E+00    0.66460E+02
   0.69828E+02    0.52091E+02    0.21043E+00    0.66441E+02
   0.69828E+02    0.52091E+02    0.21043E+00    0.66410E+02
   0.69889E+02    0.52303E+02    0.21911E+00    0.66369E+02
   0.69889E+02    0.52303E+02    0.21911E+00    0.66316E+02
   0.69945E+02    0.52507E+02    0.46755E+00    0.66253E+02
   0.69945E+02    0.52507E+02    0.46755E+00    0.66180E+02
   0.69993E+02    0.52698E+02    0.95491E+00    0.66098E+02
   0.69993E+02    0.52698E+02    0.95491E+00    0.66007E+02
   0.70033E+02    0.52873E+02    0.16811E+01    0.65906E+02
   0.70033E+02    0.52873E+02    0.16811E+01    0.65797E+02
   0.70064E+02    0.53032E+02    0.26367E+01    0.65681E+02
   0.70064E+02    0.53032E+02    0.26367E+01    0.65558E+02
   0.70087E+02    0.53170E+02    0.38129E+01    0.65429E+02
   0.70087E+02    0.53170E+02    0.38129E+01    0.65294E+02
   0.70100E+02    0.53287E+02    0.51990E+01    0.65153E+02
   0.70100E+02    0.53287E+02    0.51990E+01    0.65008E+02
   0.70105E+02    0.53382E+02    0.67787E+01    0.64860E+02
   0.70105E+02    0.53382E+02    0.67787E+01    0.64709E+02
   0.70101E+02    0.53453E+02    0.85377E+01    0.64556E+02
   0.70101E+02    0.53453E+02    0.85377E+01    0.64400E+02
   0.70089E+02    0.53501E+02    0.10456E+02    0.64244E+02
   0.70089E+02    0.53501E+02    0.10456E+02    0.64088E+02
   0.70069E+02    0.53524E+02    0.12514E+02    0.63933E+02
   0.70069E+02    0.53524E+02    0.12514E+02    0.63778E+02
   0.70042E+02    0.53524E+02    0.14688E+02    0.63626E+02
   0.70042E+02    0.53524E+02    0.14688E+02    0.63475E+02
   0.70008E+02    0.53502E+02    0.16954E+02    0.63328E+02
   0.70008E+02    0.53502E+02    0.16954E+02    0.63185E+02
   0.69968E+02    0.53458E+02    0.19284E+02    0.63046E+02
   0.69968E+02    0.53458E+02    0.19284E+02    0.62911E+02
   0.69925E+02    0.53394E+02    0.21653E+02    0.62783E+02
   0.69925E+02    0.53394E+02    0.21653E+02    0.62659E+02
   0.69877E+02    0.53312E+02    0.24030E+02    0.62542E+02
   0.69877E+02    0.53312E+02    0.24030E+02    0.62431E+02
   0.69828E+02    0.53215E+02    0.26387E+02    0.62328E+02
   0.69828E+02    0.53215E+02    0.26387E+02    0.62230E+02
   0.69777E+02    0.53105E+02    0.28695E+02    0.62141E+02
   0.69777E+02    0.53105E+02    0.28695E+02    0.62058E+02
   0.69726E+02    0.52984E+02    0.30924E+02    0.61984E+02
   0.69726E+02    0.52984E+02    0.30924E+02    0.61917E+02
   0.69677E+02    0.52856E+02    0.33049E+02    0.61859E+02
   0.69677E+02    0.52856E+02    0.33049E+02    0.61807E+02
   0.69629E+02    0.52723E+02    0.35043E+02    0.61765E+02
   0.69629E+02    0.52723E+02    0.35043E+02    0.61729E+02
   0.69585E+02    0.52588E+02    0.36881E+02    0.61703E+02
   0.69585E+02    0.52588E+02    0.36881E+02    0.61682E+02
   0.69545E+02    0.52455E+02    0.38546E+02    0.61670E+02
   0.69545E+02    0.52455E+02    0.38546E+02    0.61664E+02
   0.69509E+02    0.52326E+02    0.40018E+02    0.61667E+02
   0.69509E+02    0.52326E+02    0.40018E+02    0.61675E+02
   0.69479E+02    0.52203E+02    0.41284E+02    0.61691E+02
   0.69479E+02    0.52203E+02    0.41284E+02    0.61712E+02
   0.69454E+02    0.52089E+02    0.42334E+02    0.61739E+02
   0.69454E+02    0.52089E+02    0.42334E+02    0.61772E+02
   0.69435E+02    0.51985E+02    0.43160E+02    0.61811E+02
   0.69435E+02    0.51985E+02    0.43160E+02    0.61854E+02
   0.69422E+02    0.51894E+02    0.43763E+02    0.61902E+02
   0.69422E+02    0.51894E+02    0.43763E+02    0.61953E+02
   0.69415E+02    0.51817E+02    0.44141E+02    0.62009E+02
   0.69415E+02    0.51817E+02    0.44141E+02    0.62068E+02
   0.69413E+02    0.51754E+02    0.44302E+02    0.62131E+02
   0.69413E+02    0.51754E+02    0.44302E+02    0.62195E+02
   0.69417E+02    0.51706E+02    0.44253E+02    0.62263E+02
   0.69417E+02    0.51706E+02    0.44253E+02    0.62332E+02
   0.69425E+02    0.51674E+02    0.44004E+02    0.62403E+02
   0.69425E+02    0.51674E+02    0.44004E+02    0.62475E+02
   0.69439E+02    0.51657E+02    0.43572E+02    0.62548E+02
   0.69439E+02    0.51657E+02    0.43572E+02    0.62621E+02
   0.69456E+02    0.51655E+02    0.42972E+02    0.62695E+02
   0.69456E+02    0.51655E+02    0.42972E+02    0.62768E+02
   0.69477E+02    0.51667E+02    0.42222E+02    0.62841E+02
   0.69477E+02    0.51667E+02    0.42222E+02    0.62914E+02
   0.69501E+02    0.51692E+02    0.41343E+02    0.62985E+02
   0.69501E+02    0.51692E+02    0.41343E+02    0.63055E+02
   0.69526E+02    0.51729E+02    0.40354E+02    0.63123E+02
   0.69526E+02    0.51729E+02    0.40354E+02    0.63189E+02
   0.69554E+02    0.51776E+02    0.39277E+02    0.63254E+02
   0.69554E+02    0.51776E+02    0.39277E+02    0.63316E+02
   0.69583E+02    0.51833E+02    0.38135E+02    0.63376E+02
   0.69583E+02    0.51833E+02    0.38135E+02    0.63433E+02
   0.69612E+02    0.51897E+02    0.36947E+02    0.63487E+02
   0.69612E+02    0.51897E+02    0.36947E+02    0.63539E+02
   0.69641E+02    0.51968E+02    0.35734E+02    0.63587E+02
   0.69641E+02    0.51968E+02    0.35734E+02    0.63632E+02
   0.69670E+02    0.52042E+02    0.34518E+02    0.63674E+02
   0.69670E+02    0.52042E+02    0.34518E+02    0.63712E+02
   0.69697E+02    0.52120E+02    0.33315E+02    0.63748E+02
   0.69697E+02    0.52120E+02    0.33315E+02    0.63780E+02
   0.69723E+02    0.52198E+02    0.32144E+02    0.63807E+02
   0.69723E+02    0.52198E+02    0.32144E+02    0.63832E+02
   0.69747E+02    0.52276E+02    0.31020E+02    0.63853E+02
   0.69747E+02    0.52276E+02    0.31020E+02    0.63872E+02
   0.69768E+02    0.52352E+02    0.29957E+02    0.63886E+02
   0.69768E+02    0.52352E+02    0.29957E+02    0.63897E+02
   0.69787E+02    0.52424E+02    0.28969E+02    0.63905E+02
   0.69787E+02    0.52424E+02    0.28969E+02    0.63910E+02
   0.69803E+02    0.52492E+02    0.28062E+02    0.63911E+02
   0.69803E+02    0.52492E+02    0.28062E+02    0.63910E+02
